#   Step          Temp          Press            Lx             Ly             Lz             Xy             Xz             Yz      
         0   300            3616.4799      93.1489        37.9577        41.4514        0              0              0            
      1000   298.0781       669.09885      93.465111      38.086554      41.592114      0              0              0            
      2000   303.10022     -399.24482      93.456567      38.083073      41.588312      0              0              0            
      3000   298.28707      3.2102024      93.380487      38.05207       41.554457      0              0              0            
      4000   302.07148      899.21231      93.414661      38.065996      41.569664      0              0              0            
      5000   299.93393      557.34354      93.245304      37.996984      41.4943        0              0              0            
      6000   302.50671     -19.461238      93.429793      38.072162      41.576398      0              0              0            
      7000   299.57828      654.57872      93.354056      38.0413        41.542695      0              0              0            
      8000   302.26606     -152.30172      93.37343       38.049195      41.551316      0              0              0            
      9000   299.50735     -23.407412      93.301938      38.020062      41.519502      0              0              0            
     10000   300.97952      688.76413      93.324765      38.029364      41.52966       0              0              0            
     11000   299.24634      18.975523      93.363977      38.045343      41.547109      0              0              0            
     12000   302.81511      1009.322       93.262059      38.003812      41.501756      0              0              0            
     13000   297.47763      260.77468      93.326125      38.029918      41.530265      0              0              0            
     14000   304.40385      1290.9518      93.365923      38.046136      41.547976      0              0              0            
     15000   301.88634      272.85155      93.277537      38.010119      41.508644      0              0              0            
     16000   298.62074      132.94726      93.298854      38.018805      41.51813       0              0              0            
     17000   300.1377      -472.95194      93.337743      38.034652      41.535435      0              0              0            
     18000   297.7442       131.87143      93.347218      38.038514      41.539652      0              0              0            
     19000   299.92096     -266.18636      93.290582      38.015435      41.514449      0              0              0            
     20000   300.84183     -486.09223      93.384186      38.053578      41.556103      0              0              0            
     21000   302.63752      812.69149      93.285504      38.013365      41.512189      0              0              0            
     22000   302.31357      689.11898      93.281992      38.011934      41.510626      0              0              0            
     23000   298.84914     -414.72473      93.312701      38.024448      41.524292      0              0              0            
     24000   300.56417     -798.24892      93.285383      38.013316      41.512135      0              0              0            
     25000   299.9449      -1055.1171      93.360293      38.043841      41.54547       0              0              0            
     26000   299.31781      469.96776      93.29809       38.018494      41.51779       0              0              0            
     27000   299.30129      334.02952      93.288039      38.014398      41.513317      0              0              0            
     28000   301.37191     -370.86224      93.276641      38.009754      41.508245      0              0              0            
     29000   299.20082     -352.41516      93.338925      38.035134      41.535961      0              0              0            
     30000   298.5159       335.05547      93.300999      38.019679      41.519084      0              0              0            
     31000   302.7583       616.26382      93.348545      38.039054      41.540242      0              0              0            
     32000   294.50169      329.06679      93.324049      38.029072      41.529341      0              0              0            
     33000   303.73786      428.23244      93.310495      38.023549      41.52331       0              0              0            
     34000   300.57179      1048.6335      93.267721      38.006119      41.504276      0              0              0            
     35000   296.67484      376.69122      93.321429      38.028005      41.528175      0              0              0            
     36000   301.93512      997.08196      93.214242      37.984327      41.480477      0              0              0            
     37000   300.08855     -607.65465      93.350379      38.039802      41.541058      0              0              0            
     38000   303.63495      190.35389      93.328213      38.030769      41.531194      0              0              0            
     39000   302.02104     -370.45834      93.275913      38.009457      41.507921      0              0              0            
     40000   297.92597      1388.7635      93.289533      38.015007      41.513982      0              0              0            
     41000   297.91067      100.85814      93.198299      37.97783       41.473383      0              0              0            
     42000   299.60562     -653.38295      93.291446      38.015787      41.514833      0              0              0            
     43000   301.32934      748.01805      93.264728      38.004899      41.502944      0              0              0            
     44000   303.59479      1176.558       93.302056      38.02011       41.519554      0              0              0            
     45000   300.62971     -2.3715496      93.31404       38.024994      41.524888      0              0              0            
     46000   298.25173     -402.5273       93.316971      38.026188      41.526192      0              0              0            
     47000   301.04411     -63.713429      93.33504       38.033551      41.534233      0              0              0            
     48000   296.18661     -660.09209      93.366235      38.046263      41.548114      0              0              0            
     49000   299.28456      393.03924      93.210457      37.982784      41.478793      0              0              0            
     50000   301.41848     -72.927519      93.273197      38.00835       41.506712      0              0              0            
     51000   297.83091     -557.93575      93.360395      38.043883      41.545516      0              0              0            
     52000   297.1693       1570.8138      93.236823      37.993528      41.490526      0              0              0            
     53000   302.03543     -308.4268       93.31809       38.026644      41.52669       0              0              0            
     54000   295.30818     -837.92869      93.331201      38.031987      41.532524      0              0              0            
     55000   300.14874     -382.89938      93.301667      38.019952      41.519381      0              0              0            
     56000   300.9536       602.93194      93.320118      38.02747       41.527592      0              0              0            
     57000   299.51552     -961.99609      93.451142      38.080862      41.585898      0              0              0            
     58000   301.18749     -252.6788       93.313864      38.024922      41.524809      0              0              0            
     59000   303.34498      304.30556      93.314359      38.025124      41.525029      0              0              0            
     60000   301.60734     -105.88433      93.318088      38.026643      41.526689      0              0              0            
     61000   300.23895      862.74824      93.280181      38.011196      41.50982       0              0              0            
     62000   299.30126      147.05539      93.210265      37.982706      41.478707      0              0              0            
     63000   300.03998     -253.81824      93.314761      38.025288      41.525209      0              0              0            
     64000   299.66565      253.70702      93.262738      38.004088      41.502058      0              0              0            
     65000   302.83202      593.43721      93.258792      38.00248       41.500302      0              0              0            
     66000   305.17207      1015.8347      93.308762      38.022843      41.522539      0              0              0            
     67000   297.2863       1425.5595      93.330367      38.031647      41.532153      0              0              0            
     68000   300.56039     -63.956397      93.268477      38.006427      41.504612      0              0              0            
     69000   298.29699     -73.086288      93.32167       38.028103      41.528283      0              0              0            
     70000   301.44831     -20.379807      93.298534      38.018675      41.517987      0              0              0            
     71000   303.44281     -74.619285      93.31327       38.02468       41.524545      0              0              0            
     72000   298.31716     -893.88032      93.363686      38.045224      41.54698       0              0              0            
     73000   300.3383      -390.01261      93.323092      38.028682      41.528916      0              0              0            
     74000   298.46477     -95.310359      93.321163      38.027896      41.528057      0              0              0            
     75000   297.64828     -251.76684      93.321709      38.028119      41.5283        0              0              0            
     76000   300.36361     -200.04801      93.265237      38.005107      41.50317       0              0              0            
     77000   299.89315     -416.41486      93.276687      38.009773      41.508265      0              0              0            
     78000   302.69495     -537.50032      93.341391      38.036139      41.537059      0              0              0            
     79000   296.81604     -197.19584      93.402091      38.060874      41.56407       0              0              0            
     80000   300.13134     -1105.5504      93.323224      38.028736      41.528974      0              0              0            
     81000   301.38593     -263.77456      93.3264        38.03003       41.530388      0              0              0            
     82000   298.23778     -718.57264      93.361131      38.044183      41.545843      0              0              0            
     83000   300.37761      374.97843      93.280101      38.011164      41.509784      0              0              0            
     84000   302.32173     -444.39245      93.294936      38.017209      41.516386      0              0              0            
     85000   299.00448     -999.14371      93.344917      38.037576      41.538628      0              0              0            
     86000   297.42243     -216.66298      93.310769      38.023661      41.523432      0              0              0            
     87000   301.41875     -466.49758      93.344652      38.037468      41.53851       0              0              0            
     88000   298.13514     -217.35729      93.335458      38.033721      41.534418      0              0              0            
     89000   302.47723     -30.668913      93.264477      38.004797      41.502832      0              0              0            
     90000   301.1452       523.17545      93.27072       38.007341      41.50561       0              0              0            
     91000   294.5657       333.50404      93.320535      38.02764       41.527778      0              0              0            
     92000   299.4481      -270.84604      93.222602      37.987733      41.484197      0              0              0            
     93000   298.18128     -83.595736      93.370065      38.047824      41.549819      0              0              0            
     94000   297.298       -248.22105      93.337774      38.034665      41.535449      0              0              0            
     95000   299.61356     -522.28576      93.374381      38.049582      41.551739      0              0              0            
     96000   299.60654      48.92354       93.338449      38.03494       41.53575       0              0              0            
     97000   303.33593     -125.36826      93.293643      38.016682      41.515811      0              0              0            
     98000   302.3846      -658.43647      93.322132      38.028291      41.528488      0              0              0            
     99000   300.87629     -71.502961      93.315427      38.025559      41.525505      0              0              0            
    100000   300.04491      160.98181      93.319575      38.027249      41.52735       0              0              0            
    101000   298.81271      108.21646      93.304699      38.021187      41.520731      0              0              0            
    102000   303.02913     -155.21756      93.335857      38.033884      41.534596      0              0              0            
    103000   298.94086     -449.92408      93.330174      38.031568      41.532067      0              0              0            
    104000   303.25655      722.81224      93.294952      38.017215      41.516393      0              0              0            
    105000   297.29453      748.33093      93.239521      37.994628      41.491726      0              0              0            
    106000   300.64901     -553.48212      93.301298      38.019801      41.519217      0              0              0            
    107000   298.67017     -434.57288      93.296637      38.017902      41.517143      0              0              0            
    108000   301.34415     -192.68625      93.288533      38.0146        41.513537      0              0              0            
    109000   300.41342     -649.46156      93.273734      38.008569      41.506951      0              0              0            
    110000   300.36082      104.76448      93.30139       38.019839      41.519258      0              0              0            
    111000   299.85686     -1.5929533      93.293474      38.016613      41.515736      0              0              0            
    112000   300.02209      166.4517       93.30405       38.020923      41.520442      0              0              0            
    113000   297.16343      732.74253      93.246579      37.997504      41.494867      0              0              0            
    114000   300.34485      1539.8127      93.246182      37.997342      41.494691      0              0              0            
    115000   301.38222      474.19711      93.25945       38.002749      41.500595      0              0              0            
    116000   297.61104      768.05443      93.317598      38.026444      41.526471      0              0              0            
    117000   299.3514      -962.38603      93.328744      38.030985      41.531431      0              0              0            
    118000   296.45875     -1938.8125      93.178457      37.969744      41.464553      0              0              0            
    119000   296.86482      370.46029      93.241347      37.995372      41.492539      0              0              0            
    120000   302.2849       533.25716      93.338474      38.03495       41.535761      0              0              0            
    121000   301.84117     -345.6015       93.2905        38.015401      41.514412      0              0              0            
    122000   301.67377      518.48024      93.279198      38.010796      41.509383      0              0              0            
    123000   297.61628     -685.85354      93.306567      38.021949      41.521562      0              0              0            
    124000   301.28511     -357.67672      93.266357      38.005563      41.503669      0              0              0            
    125000   298.30291      328.69239      93.265968      38.005405      41.503495      0              0              0            
    126000   300.56749      1214.6768      93.261133      38.003434      41.501344      0              0              0            
    127000   301.52789      420.97518      93.272859      38.008213      41.506562      0              0              0            
    128000   301.28881     -684.67344      93.401295      38.06055       41.563716      0              0              0            
    129000   296.90195      67.045532      93.256197      38.001423      41.499147      0              0              0            
    130000   300.32574      197.28835      93.332091      38.032349      41.53292       0              0              0            
    131000   298.60382     -129.54875      93.28287       38.012292      41.511017      0              0              0            
    132000   299.17344      418.80734      93.27213       38.007915      41.506237      0              0              0            
    133000   303.31646     -405.22148      93.259663      38.002835      41.50069       0              0              0            
    134000   297.99525      179.72042      93.370971      38.048193      41.550222      0              0              0            
    135000   303.58652      27.860555      93.21192       37.98338       41.479444      0              0              0            
    136000   302.97211     -541.18049      93.305161      38.021376      41.520937      0              0              0            
    137000   301.10742     -18.735281      93.306312      38.021844      41.521448      0              0              0            
    138000   299.83463     -326.3391       93.348607      38.039079      41.54027       0              0              0            
    139000   302.56807     -433.95494      93.347179      38.038498      41.539634      0              0              0            
    140000   297.43527      67.749993      93.320954      38.027811      41.527964      0              0              0            
    141000   300.65073      423.79811      93.293718      38.016713      41.515844      0              0              0            
    142000   296.91471     -116.59366      93.374511      38.049635      41.551797      0              0              0            
    143000   300.78028      780.98106      93.279354      38.010859      41.509452      0              0              0            
    144000   301.09737     -411.65088      93.344485      38.0374        41.538436      0              0              0            
    145000   299.10103     -12.401129      93.338242      38.034856      41.535657      0              0              0            
    146000   298.64351      407.22554      93.3297        38.031375      41.531856      0              0              0            
    147000   296.63171     -21.953034      93.267307      38.00595       41.504091      0              0              0            
    148000   300.85033      525.36025      93.285225      38.013252      41.512065      0              0              0            
    149000   302.27051      893.96369      93.245595      37.997103      41.49443       0              0              0            
    150000   298.50417      970.33612      93.243894      37.99641       41.493673      0              0              0            
    151000   299.00092      95.408258      93.331439      38.032084      41.53263       0              0              0            
    152000   300.96672      1226.4082      93.228467      37.990123      41.486808      0              0              0            
    153000   300.80142     -304.11514      93.314053      38.024999      41.524893      0              0              0            
    154000   298.90419      129.71881      93.334563      38.033357      41.53402       0              0              0            
    155000   300.39818      451.51103      93.257217      38.001838      41.499601      0              0              0            
    156000   300.30775     -924.41717      93.278786      38.010628      41.5092        0              0              0            
    157000   298.75163     -428.76664      93.277881      38.010259      41.508797      0              0              0            
    158000   303.05582      528.76237      93.327249      38.030376      41.530765      0              0              0            
    159000   298.16556     -41.790663      93.227444      37.989706      41.486352      0              0              0            
    160000   297.5524      -272.45237      93.330428      38.031672      41.53218       0              0              0            
    161000   299.48913      309.0557       93.237149      37.993661      41.490671      0              0              0            
    162000   297.91967     -1175.7358      93.367702      38.046861      41.548767      0              0              0            
    163000   299.89956     -525.24184      93.278748      38.010612      41.509183      0              0              0            
    164000   301.85017      399.17808      93.253617      38.000372      41.497999      0              0              0            
    165000   297.44808     -282.77763      93.246375      37.99742       41.494776      0              0              0            
    166000   299.06075     -918.54603      93.302563      38.020317      41.51978       0              0              0            
    167000   302.01275      581.26963      93.284962      38.013145      41.511948      0              0              0            
    168000   301.38119     -262.56636      93.317375      38.026353      41.526372      0              0              0            
    169000   297.72288     -658.62762      93.287991      38.014379      41.513296      0              0              0            
    170000   300.03872      851.98919      93.219303      37.986389      41.48273       0              0              0            
    171000   299.53483     -348.88487      93.240871      37.995178      41.492327      0              0              0            
    172000   301.29362      163.29412      93.239641      37.994677      41.49178       0              0              0            
    173000   300.79025     -296.14467      93.285131      38.013213      41.512023      0              0              0            
    174000   298.95736      685.36847      93.135618      37.952288      41.445489      0              0              0            
    175000   302.0368      -276.64318      93.300423      38.019445      41.518828      0              0              0            
    176000   300.31826      190.14581      93.35801       38.042911      41.544454      0              0              0            
    177000   300.20655     -346.71142      93.369283      38.047505      41.549471      0              0              0            
    178000   297.49285     -969.64486      93.313217      38.024658      41.524521      0              0              0            
    179000   299.6766       900.34338      93.320282      38.027537      41.527665      0              0              0            
    180000   303.55155     -175.97082      93.290376      38.015351      41.514357      0              0              0            
    181000   301.69992     -107.95983      93.404262      38.061759      41.565037      0              0              0            
    182000   304.07285     -178.5261       93.307679      38.022402      41.522057      0              0              0            
    183000   299.94196     -489.63835      93.379342      38.051604      41.553947      0              0              0            
    184000   301.69009      120.8279       93.302382      38.020243      41.5197        0              0              0            
    185000   300.01326     -288.30182      93.30627       38.021828      41.52143       0              0              0            
    186000   300.44845      411.34036      93.371353      38.048348      41.550392      0              0              0            
    187000   300.81487     -772.87263      93.364024      38.045362      41.547131      0              0              0            
    188000   299.67447     -1281.7797      93.327147      38.030335      41.53072       0              0              0            
    189000   301.4561       355.34312      93.246086      37.997303      41.494648      0              0              0            
    190000   297.59814     -351.07031      93.340465      38.035762      41.536647      0              0              0            
    191000   296.72922      979.24916      93.286927      38.013945      41.512822      0              0              0            
    192000   298.60805     -45.304205      93.276207      38.009577      41.508052      0              0              0            
    193000   299.40945      703.48924      93.267269      38.005935      41.504075      0              0              0            
    194000   298.87448     -692.89839      93.335049      38.033555      41.534237      0              0              0            
    195000   296.61874      88.880794      93.218281      37.985973      41.482275      0              0              0            
    196000   300.06834     -688.41331      93.363225      38.045036      41.546775      0              0              0            
    197000   298.65924     -282.22954      93.203061      37.97977       41.475502      0              0              0            
    198000   299.50512      471.81693      93.29703       38.018062      41.517318      0              0              0            
    199000   302.70193      34.488216      93.301217      38.019768      41.519181      0              0              0            
    200000   302.84609      12.178553      93.222976      37.987886      41.484364      0              0              0            
    201000   301.8175      -673.81262      93.329835      38.03143       41.531916      0              0              0            
    202000   297.99876     -397.13509      93.260527      38.003188      41.501074      0              0              0            
    203000   300.99083     -320.18274      93.328652      38.030948      41.53139       0              0              0            
    204000   297.88048     -374.72363      93.308737      38.022833      41.522528      0              0              0            
    205000   300.43425      112.82266      93.287031      38.013988      41.512869      0              0              0            
    206000   302.11571      155.24837      93.293941      38.016803      41.515943      0              0              0            
    207000   300.18041      523.34127      93.306586      38.021956      41.521571      0              0              0            
    208000   295.77203      118.76114      93.337477      38.034544      41.535317      0              0              0            
    209000   298.88251      160.90599      93.269933      38.00702       41.50526       0              0              0            
    210000   299.61865      22.948805      93.251147      37.999365      41.4969        0              0              0            
    211000   299.69022      165.68723      93.230814      37.99108       41.487852      0              0              0            
    212000   301.28492     -319.61609      93.314379      38.025132      41.525038      0              0              0            
    213000   300.15824      313.15516      93.205219      37.98065       41.476462      0              0              0            
    214000   297.04074      49.836715      93.302405      38.020252      41.51971       0              0              0            
    215000   301.60462      724.62712      93.217487      37.985649      41.481921      0              0              0            
    216000   298.3971       73.177092      93.355921      38.04206       41.543525      0              0              0            
    217000   302.16896     -243.63291      93.277853      38.010248      41.508784      0              0              0            
    218000   299.97764     -324.10074      93.295881      38.017594      41.516807      0              0              0            
    219000   299.03273     -1184.4358      93.282243      38.012037      41.510738      0              0              0            
    220000   299.83106     -159.48415      93.272328      38.007996      41.506326      0              0              0            
    221000   300.90011      1160.8612      93.314887      38.025339      41.525265      0              0              0            
    222000   296.20947      240.7305       93.310394      38.023508      41.523265      0              0              0            
    223000   299.54605     -242.05655      93.290915      38.01557       41.514597      0              0              0            
    224000   296.44578     -822.41868      93.374737      38.049727      41.551898      0              0              0            
    225000   297.64525      175.26138      93.283         38.012345      41.511074      0              0              0            
    226000   297.23928      1005.2791      93.24426       37.996559      41.493835      0              0              0            
    227000   300.32842     -548.87867      93.29153       38.015821      41.514871      0              0              0            
    228000   297.71019      202.50889      93.317607      38.026447      41.526475      0              0              0            
    229000   296.3833      -1084.3217      93.423227      38.069487      41.573476      0              0              0            
    230000   302.03512      974.43633      93.316449      38.025975      41.52596       0              0              0            
    231000   299.49269      104.02462      93.313156      38.024633      41.524494      0              0              0            
    232000   298.96185     -261.20601      93.314588      38.025217      41.525131      0              0              0            
    233000   296.72159      539.01509      93.252348      37.999855      41.497435      0              0              0            
    234000   299.53769      822.47898      93.270873      38.007404      41.505678      0              0              0            
    235000   301.06764      905.09713      93.324605      38.029299      41.529589      0              0              0            
    236000   302.73159      936.86886      93.308924      38.022909      41.522611      0              0              0            
    237000   300.67411     -133.50771      93.284462      38.012941      41.511725      0              0              0            
    238000   300.03143     -530.07024      93.217284      37.985566      41.481831      0              0              0            
    239000   299.75337      272.333        93.277845      38.010244      41.508781      0              0              0            
    240000   298.39478      720.61414      93.212817      37.983746      41.479843      0              0              0            
    241000   299.31917     -65.905134      93.241831      37.995569      41.492754      0              0              0            
    242000   300.96844     -788.96426      93.338796      38.035082      41.535904      0              0              0            
    243000   299.09709     -199.37436      93.287983      38.014376      41.513292      0              0              0            
    244000   302.24897      444.96802      93.294568      38.017059      41.516223      0              0              0            
    245000   302.58251      281.26893      93.275538      38.009305      41.507754      0              0              0            
    246000   299.47017      436.088        93.185288      37.972528      41.467592      0              0              0            
    247000   304.11492     -625.54817      93.327414      38.030443      41.530839      0              0              0            
    248000   298.44473      591.29379      93.272488      38.008062      41.506397      0              0              0            
    249000   297.62579     -409.46241      93.257461      38.001938      41.49971       0              0              0            
    250000   298.81198     -489.89879      93.342685      38.036666      41.537635      0              0              0            
    251000   301.93532     -175.14833      93.236941      37.993576      41.490578      0              0              0            
    252000   297.77471      740.0237       93.310853      38.023695      41.523469      0              0              0            
    253000   298.27608     -386.97534      93.358779      38.043225      41.544797      0              0              0            
    254000   302.17674     -253.99977      93.357321      38.04263       41.544148      0              0              0            
    255000   298.26379     -120.75009      93.339876      38.035522      41.536385      0              0              0            
    256000   305.97397      438.42358      93.36333       38.045079      41.546822      0              0              0            
    257000   296.91024     -167.01336      93.325205      38.029543      41.529856      0              0              0            
    258000   301.64593      396.77346      93.255621      38.001188      41.498891      0              0              0            
    259000   296.63699      228.58794      93.336422      38.034114      41.534848      0              0              0            
    260000   299.96321     -619.30751      93.312309      38.024288      41.524117      0              0              0            
    261000   296.75363      174.85712      93.244584      37.996691      41.49398       0              0              0            
    262000   302.06495     -478.45376      93.335094      38.033573      41.534256      0              0              0            
    263000   298.39675      109.80242      93.298668      38.01873       41.518047      0              0              0            
    264000   299.32505      67.245181      93.384125      38.053553      41.556076      0              0              0            
    265000   300.11533     -631.13588      93.255748      38.00124       41.498948      0              0              0            
    266000   298.33653     -201.94538      93.28968       38.015067      41.514047      0              0              0            
    267000   301.56556     -237.47306      93.26916       38.006705      41.504916      0              0              0            
    268000   301.4971      -318.54971      93.340223      38.035663      41.536539      0              0              0            
    269000   298.80282     -295.20406      93.399696      38.059898      41.563005      0              0              0            
    270000   301.54764      96.122349      93.387398      38.054887      41.557532      0              0              0            
    271000   300.43809      404.15736      93.26455       38.004827      41.502864      0              0              0            
    272000   299.45408      704.12233      93.285276      38.013273      41.512088      0              0              0            
    273000   298.20605      300.76192      93.354788      38.041598      41.543021      0              0              0            
    274000   300.23471     -1.4623829      93.395263      38.058092      41.561032      0              0              0            
    275000   302.57484      208.47963      93.311683      38.024033      41.523839      0              0              0            
    276000   300.1582      -698.19536      93.333243      38.032819      41.533433      0              0              0            
    277000   297.07107      465.49704      93.340259      38.035678      41.536555      0              0              0            
    278000   300.23703     -215.47336      93.374918      38.049801      41.551978      0              0              0            
    279000   300.81016     -593.7094       93.307928      38.022503      41.522168      0              0              0            
    280000   302.42084     -232.83347      93.323015      38.028651      41.528881      0              0              0            
    281000   303.52093     -135.3433       93.357478      38.042694      41.544217      0              0              0            
    282000   299.07906     -257.58663      93.403521      38.061457      41.564707      0              0              0            
    283000   297.94086     -1246.597       93.314087      38.025013      41.524909      0              0              0            
    284000   302.31023      756.01275      93.285796      38.013484      41.512319      0              0              0            
    285000   299.88558      659.16381      93.282929      38.012316      41.511043      0              0              0            
    286000   301.14489     -511.81069      93.312452      38.024347      41.524181      0              0              0            
    287000   300.04815      29.256522      93.28295       38.012325      41.511052      0              0              0            
    288000   299.73762     -279.29073      93.251105      37.999348      41.496881      0              0              0            
    289000   300.37345     -281.87224      93.329046      38.031108      41.531565      0              0              0            
    290000   299.07202      863.63727      93.315741      38.025687      41.525645      0              0              0            
    291000   301.23885     -191.44405      93.320069      38.02745       41.52757       0              0              0            
    292000   299.34536      324.14271      93.341402      38.036144      41.537064      0              0              0            
    293000   300.8358      -136.51834      93.30844       38.022712      41.522396      0              0              0            
    294000   298.39069     -720.45098      93.357054      38.042521      41.544029      0              0              0            
    295000   301.65107     -7.3811011      93.306237      38.021814      41.521415      0              0              0            
    296000   296.25683     -1311.2389      93.235875      37.993142      41.490104      0              0              0            
    297000   300.37909      122.00709      93.299693      38.019147      41.518503      0              0              0            
    298000   295.93193      580.2737       93.248595      37.998325      41.495765      0              0              0            
    299000   300.03135      33.987692      93.312628      38.024418      41.524259      0              0              0            
    300000   300.26975      815.7106       93.196842      37.977236      41.472734      0              0              0            
    301000   296.76055      507.30849      93.267549      38.006049      41.504199      0              0              0            
    302000   300.83202      131.74744      93.291457      38.015791      41.514838      0              0              0            
    303000   305.90229     -49.160813      93.384422      38.053674      41.556208      0              0              0            
    304000   298.91459     -153.9367       93.272074      38.007893      41.506213      0              0              0            
    305000   300.26955     -154.17505      93.320543      38.027643      41.527781      0              0              0            
    306000   300.80081     -232.12617      93.334192      38.033205      41.533855      0              0              0            
    307000   297.79468      759.07823      93.316251      38.025895      41.525871      0              0              0            
    308000   299.16832     -394.48082      93.311094      38.023793      41.523577      0              0              0            
    309000   302.39036     -230.27242      93.284343      38.012892      41.511672      0              0              0            
    310000   300.83256     -218.0617       93.302041      38.020104      41.519548      0              0              0            
    311000   298.16724     -213.48779      93.273695      38.008553      41.506934      0              0              0            
    312000   298.19392     -232.72083      93.306672      38.021991      41.521609      0              0              0            
    313000   301.9878       71.240668      93.3453        38.037732      41.538798      0              0              0            
    314000   299.03708     -72.097572      93.329399      38.031252      41.531722      0              0              0            
    315000   296.12008      752.60259      93.294011      38.016832      41.515975      0              0              0            
    316000   302.92253      896.10416      93.308364      38.022681      41.522362      0              0              0            
    317000   301.25709     -125.09085      93.313923      38.024946      41.524835      0              0              0            
    318000   301.05502      136.52186      93.315941      38.025768      41.525734      0              0              0            
    319000   302.27474      375.71692      93.320447      38.027604      41.527738      0              0              0            
    320000   300.22027      336.71873      93.26495       38.00499       41.503042      0              0              0            
    321000   300.63387      603.93136      93.270378      38.007202      41.505458      0              0              0            
    322000   303.38129      928.70811      93.329369      38.03124       41.531709      0              0              0            
    323000   299.64586     -833.08185      93.203491      37.979946      41.475693      0              0              0            
    324000   302.68339      650.98351      93.402749      38.061142      41.564363      0              0              0            
    325000   297.58268      896.52421      93.277623      38.010154      41.508682      0              0              0            
    326000   301.50248     -439.30627      93.355317      38.041814      41.543256      0              0              0            
    327000   301.50194     -152.3078       93.289289      38.014908      41.513873      0              0              0            
    328000   299.0972      -213.25578      93.296157      38.017707      41.51693       0              0              0            
    329000   303.06022     -64.041121      93.254374      38.00068       41.498336      0              0              0            
    330000   298.64423      11.70031       93.318446      38.026789      41.526848      0              0              0            
    331000   300.21985      94.357875      93.349078      38.039272      41.54048       0              0              0            
    332000   302.88702     -287.57478      93.308074      38.022563      41.522233      0              0              0            
    333000   300.97937     -84.263327      93.369911      38.047761      41.54975       0              0              0            
    334000   299.10992      449.65308      93.275127      38.009137      41.507571      0              0              0            
    335000   299.25251      4.0307021      93.375197      38.049915      41.552102      0              0              0            
    336000   297.96883     -842.16276      93.389624      38.055794      41.558522      0              0              0            
    337000   297.59126      2.6867711      93.302689      38.020368      41.519837      0              0              0            
    338000   300.69651      140.19748      93.397587      38.059039      41.562066      0              0              0            
    339000   298.08681     -577.15399      93.375065      38.049861      41.552044      0              0              0            
    340000   299.92131     -121.42061      93.259131      38.002619      41.500453      0              0              0            
    341000   299.57246     -234.04594      93.265414      38.005179      41.503249      0              0              0            
    342000   296.8048       543.89313      93.281785      38.01185       41.510534      0              0              0            
    343000   300.7216      -85.74978       93.402026      38.060848      41.564041      0              0              0            
    344000   300.20859     -830.51971      93.295113      38.017281      41.516465      0              0              0            
    345000   298.45514      327.94117      93.356255      38.042196      41.543673      0              0              0            
    346000   297.66507      579.03099      93.282879      38.012296      41.511021      0              0              0            
    347000   300.10547     -230.71671      93.306613      38.021967      41.521583      0              0              0            
    348000   301.39587     -828.12076      93.325674      38.029735      41.530065      0              0              0            
    349000   298.34199      74.381915      93.327136      38.03033       41.530715      0              0              0            
    350000   300.66498      789.3709       93.294417      38.016998      41.516155      0              0              0            
    351000   301.45724      320.30763      93.313227      38.024662      41.524526      0              0              0            
    352000   300.99134      1108.4381      93.25227       37.999823      41.4974        0              0              0            
    353000   300.61527      1061.1191      93.316629      38.026049      41.52604       0              0              0            
    354000   298.12226      1379.2354      93.275169      38.009154      41.50759       0              0              0            
    355000   302.98553      604.24916      93.352033      38.040476      41.541795      0              0              0            
    356000   296.77482      680.25905      93.318198      38.026688      41.526738      0              0              0            
    357000   299.09702     -528.35366      93.352778      38.040779      41.542126      0              0              0            
    358000   301.33859     -710.38853      93.307118      38.022173      41.521807      0              0              0            
    359000   301.18107      560.07082      93.308149      38.022593      41.522266      0              0              0            
    360000   298.61002     -246.1889       93.229175      37.990412      41.487122      0              0              0            
    361000   297.81333     -632.85969      93.30319       38.020572      41.520059      0              0              0            
    362000   295.5245       91.172276      93.24292       37.996013      41.493239      0              0              0            
    363000   300.77896      444.87626      93.292874      38.016369      41.515469      0              0              0            
    364000   300.03371      193.77813      93.329033      38.031103      41.531559      0              0              0            
    365000   301.70136     -136.21024      93.251453      37.99949       41.497036      0              0              0            
    366000   301.00513     -428.08189      93.332942      38.032696      41.533299      0              0              0            
    367000   300.92092     -817.60725      93.26489       38.004965      41.503016      0              0              0            
    368000   301.70918      190.92936      93.285521      38.013372      41.512197      0              0              0            
    369000   297.9811      -1330.1204      93.343711      38.037084      41.538091      0              0              0            
    370000   298.1263       18.02522       93.231883      37.991515      41.488327      0              0              0            
    371000   298.49813     -241.02638      93.336222      38.034033      41.534758      0              0              0            
    372000   303.53659     -950.41827      93.334624      38.033382      41.534048      0              0              0            
    373000   299.75184     -485.00082      93.376718      38.050535      41.55278       0              0              0            
    374000   299.03067     -177.0764       93.27363       38.008527      41.506905      0              0              0            
    375000   302.27204      424.4837       93.342759      38.036696      41.537667      0              0              0            
    376000   302.51238      519.1906       93.358508      38.043114      41.544676      0              0              0            
    377000   301.82266      38.596955      93.315479      38.02558       41.525528      0              0              0            
    378000   299.46023      144.94465      93.221519      37.987292      41.483716      0              0              0            
    379000   300.37778      38.230024      93.241178      37.995303      41.492464      0              0              0            
    380000   301.71359     -312.49521      93.346976      38.038415      41.539544      0              0              0            
    381000   300.39945     -375.31856      93.275637      38.009345      41.507798      0              0              0            
    382000   299.29107     -351.71917      93.346553      38.038242      41.539356      0              0              0            
    383000   298.59351     -195.50276      93.376889      38.050605      41.552856      0              0              0            
    384000   299.92031      325.48585      93.303886      38.020856      41.520369      0              0              0            
    385000   301.2016      -1483.5587      93.332164      38.032379      41.532953      0              0              0            
    386000   300.08024     -1058.8631      93.321791      38.028152      41.528337      0              0              0            
    387000   300.46625     -143.94476      93.255372      38.001087      41.49878       0              0              0            
    388000   301.56862      1025.2114      93.29512       38.017284      41.516468      0              0              0            
    389000   297.08874      629.7419       93.310824      38.023683      41.523456      0              0              0            
    390000   303.69426     -372.20453      93.289355      38.014935      41.513903      0              0              0            
    391000   296.58008     -126.14699      93.270459      38.007235      41.505494      0              0              0            
    392000   301.16306      44.032794      93.30828       38.022646      41.522324      0              0              0            
    393000   299.27156     -1230.7175      93.397381      38.058955      41.561975      0              0              0            
    394000   296.84196     -1229.6753      93.337116      38.034397      41.535157      0              0              0            
    395000   300.00529      506.62026      93.323992      38.029049      41.529316      0              0              0            
    396000   295.95784      144.6034       93.294319      38.016958      41.516112      0              0              0            
    397000   301.26336      397.1235       93.282642      38.012199      41.510916      0              0              0            
    398000   298.11574     -441.4333       93.366989      38.04657       41.54845       0              0              0            
    399000   301.82854      360.71462      93.318123      38.026658      41.526705      0              0              0            
    400000   300.0612      -323.43141      93.305516      38.02152       41.521094      0              0              0            
    401000   301.92151      743.43875      93.323379      38.028799      41.529044      0              0              0            
    402000   298.42204     -177.19568      93.270511      38.007256      41.505517      0              0              0            
    403000   300.98109      805.81708      93.310038      38.023363      41.523107      0              0              0            
    404000   298.10164     -550.19597      93.345095      38.037649      41.538707      0              0              0            
    405000   298.10329      397.2083       93.292849      38.016358      41.515457      0              0              0            
    406000   296.37675      828.66782      93.30712       38.022174      41.521808      0              0              0            
    407000   299.99384      161.75371      93.326522      38.03008       41.530442      0              0              0            
    408000   299.44261     -40.482636      93.350358      38.039793      41.541049      0              0              0            
    409000   299.53494      359.48959      93.311696      38.024039      41.523844      0              0              0            
    410000   298.19136     -178.84038      93.268953      38.006621      41.504824      0              0              0            
    411000   301.37796      771.18103      93.317916      38.026573      41.526612      0              0              0            
    412000   300.60143     -294.08734      93.334423      38.0333        41.533958      0              0              0            
    413000   298.02806      731.40426      93.266147      38.005478      41.503575      0              0              0            
    414000   299.8895       635.83833      93.289621      38.015043      41.514021      0              0              0            
    415000   296.92282      847.43794      93.33789       38.034713      41.535501      0              0              0            
    416000   302.58981      922.20094      93.201898      37.979297      41.474984      0              0              0            
    417000   303.32063      207.83252      93.32128       38.027944      41.528109      0              0              0            
    418000   298.81116     -1026.5461      93.289631      38.015047      41.514025      0              0              0            
    419000   297.76107     -175.98934      93.265979      38.005409      41.503501      0              0              0            
    420000   301.36303      433.92735      93.345483      38.037807      41.53888       0              0              0            
    421000   302.56977      954.75726      93.243442      37.996225      41.493471      0              0              0            
    422000   295.83845      117.51205      93.265348      38.005152      41.50322       0              0              0            
    423000   300.44971     -250.44395      93.238024      37.994017      41.49106       0              0              0            
    424000   298.68154     -608.30501      93.289468      38.014981      41.513953      0              0              0            
    425000   302.85903     -1451.138       93.374954      38.049816      41.551994      0              0              0            
    426000   298.75428      807.6363       93.161504      37.962836      41.457009      0              0              0            
    427000   299.24908      975.15366      93.29103       38.015617      41.514648      0              0              0            
    428000   297.94645      695.26347      93.200335      37.97866       41.474289      0              0              0            
    429000   299.98719     -877.70866      93.236854      37.993541      41.49054       0              0              0            
    430000   301.8685       575.83275      93.321644      38.028092      41.528271      0              0              0            
    431000   302.22799     -703.09561      93.265848      38.005356      41.503442      0              0              0            
    432000   297.9181      -508.49805      93.325869      38.029814      41.530151      0              0              0            
    433000   300.34222     -448.2765       93.256957      38.001733      41.499486      0              0              0            
    434000   297.69887      952.45372      93.351619      38.040307      41.54161       0              0              0            
    435000   299.90387      220.42325      93.230753      37.991055      41.487825      0              0              0            
    436000   300.56817      345.9249       93.327144      38.030334      41.530719      0              0              0            
    437000   300.46089      176.96888      93.258228      38.002251      41.500051      0              0              0            
    438000   302.4686      -46.031492      93.342449      38.03657       41.537529      0              0              0            
    439000   301.18125     -154.33817      93.257393      38.00191       41.499679      0              0              0            
    440000   298.54478     -606.7466       93.402538      38.061056      41.564269      0              0              0            
    441000   297.78446     -263.06841      93.32885       38.031029      41.531478      0              0              0            
    442000   300.42876     -452.79452      93.232321      37.991694      41.488522      0              0              0            
    443000   297.00335      86.49839       93.292187      38.016089      41.515163      0              0              0            
    444000   300.57472      299.96947      93.253851      38.000467      41.498103      0              0              0            
    445000   299.3374       301.71368      93.265272      38.005121      41.503186      0              0              0            
    446000   300.27483     -212.70771      93.279393      38.010875      41.509469      0              0              0            
    447000   300.34876      397.38191      93.221823      37.987416      41.483851      0              0              0            
    448000   302.88218     -432.73763      93.335293      38.033654      41.534345      0              0              0            
    449000   297.55671     -463.63785      93.275947      38.009471      41.507936      0              0              0            
    450000   303.71196      547.53799      93.284979      38.013151      41.511955      0              0              0            
    451000   304.16529      566.88702      93.282156      38.012001      41.510699      0              0              0            
    452000   298.25184      486.45853      93.265276      38.005123      41.503188      0              0              0            
    453000   297.94264     -855.33822      93.305101      38.021351      41.52091       0              0              0            
    454000   302.33356      386.58986      93.282586      38.012176      41.51089       0              0              0            
    455000   299.55965      1251.8112      93.273777      38.008587      41.50697       0              0              0            
    456000   300.98793      400.1727       93.177569      37.969382      41.464158      0              0              0            
    457000   302.42693     -919.18157      93.310294      38.023467      41.52322       0              0              0            
    458000   300.13202      234.86397      93.298396      38.018619      41.517926      0              0              0            
    459000   296.85395     -970.90832      93.414411      38.065894      41.569553      0              0              0            
    460000   299.05076      865.97014      93.269192      38.006718      41.50493       0              0              0            
    461000   301.0956      -571.43811      93.337203      38.034432      41.535195      0              0              0            
    462000   299.08072      610.64971      93.263694      38.004478      41.502484      0              0              0            
    463000   299.9369      -550.16883      93.309339      38.023078      41.522795      0              0              0            
    464000   299.02737      1149.9566      93.221374      37.987233      41.483651      0              0              0            
    465000   301.95115     -277.49572      93.374798      38.049752      41.551925      0              0              0            
    466000   298.97542      671.75045      93.204856      37.980502      41.476301      0              0              0            
    467000   297.40138      955.5881       93.307491      38.022325      41.521973      0              0              0            
    468000   301.3959       688.6849       93.301127      38.019732      41.519141      0              0              0            
    469000   299.00134     -142.30642      93.361088      38.044165      41.545824      0              0              0            
    470000   300.52714     -174.68306      93.258413      38.002326      41.500133      0              0              0            
    471000   303.42749      38.547096      93.313242      38.024669      41.524532      0              0              0            
    472000   299.78461      1117.5496      93.247735      37.997975      41.495382      0              0              0            
    473000   299.13847     -1008.5731      93.256275      38.001455      41.499182      0              0              0            
    474000   303.48522      252.90312      93.304664      38.021173      41.520715      0              0              0            
    475000   299.9917      -623.10897      93.275046      38.009104      41.507535      0              0              0            
    476000   301.27736      527.74018      93.22588       37.989069      41.485656      0              0              0            
    477000   300.36149      376.12147      93.233548      37.992194      41.489068      0              0              0            
    478000   302.58272      338.57577      93.301364      38.019828      41.519247      0              0              0            
    479000   301.31268     -68.571075      93.358463      38.043096      41.544656      0              0              0            
    480000   299.56119     -170.2966       93.224444      37.988484      41.485017      0              0              0            
    481000   299.8215      -346.51393      93.250287      37.999015      41.496517      0              0              0            
    482000   299.16788      81.490718      93.375788      38.050156      41.552366      0              0              0            
    483000   297.70133     -502.80907      93.294151      38.016889      41.516037      0              0              0            
    484000   302.20154      399.53343      93.359037      38.04333       41.544911      0              0              0            
    485000   299.19981      80.769379      93.288029      38.014394      41.513313      0              0              0            
    486000   299.68974     -297.87229      93.261344      38.00352       41.501438      0              0              0            
    487000   300.94381     -618.24776      93.252341      37.999851      41.497431      0              0              0            
    488000   299.63485     -1004.7963      93.373202      38.049102      41.551215      0              0              0            
    489000   302.17716     -101.25837      93.245049      37.99688       41.494186      0              0              0            
    490000   295.40075      244.40462      93.283259      38.01245       41.51119       0              0              0            
    491000   299.68169      383.96438      93.311451      38.023939      41.523736      0              0              0            
    492000   299.63975      198.6581       93.286609      38.013816      41.512681      0              0              0            
    493000   303.51431     -60.062944      93.368047      38.047001      41.548921      0              0              0            
    494000   296.09731     -537.25119      93.231481      37.991352      41.488149      0              0              0            
    495000   303.00776     -489.62879      93.295593      38.017476      41.516678      0              0              0            
    496000   296.4097       437.94078      93.292078      38.016044      41.515114      0              0              0            
    497000   299.86408      739.94601      93.268851      38.00658       41.504778      0              0              0            
    498000   300.77874     -946.6424       93.283764      38.012656      41.511414      0              0              0            
    499000   299.94162     -280.2528       93.322954      38.028626      41.528854      0              0              0            
    500000   300.09733     -164.94527      93.386503      38.054522      41.557134      0              0              0            
