1000   299.089
2000   299.649
3000   300.068
4000   302.041
5000   306.282
6000   305.154
7000   305.172
8000   304.831
9000   294.749
10000   295.326
11000   296.852
12000   294.867
13000   297.835
14000   295.944
15000   296.473
16000   300.188
17000   295.867
18000    294.92
19000   289.718
20000   291.941
21000   290.475
22000   291.046
23000   293.789
24000   298.701
25000   291.568
26000   296.184
27000   293.284
28000   293.241
29000   295.272
30000   289.511
31000   289.329
32000    287.82
33000   286.556
34000   290.574
35000   287.262
36000   288.339
37000   284.436
38000   290.261
39000   293.576
40000   296.481
41000   296.331
42000   292.203
43000   294.194
44000   295.893
45000   295.059
46000    295.69
47000   297.012
48000   293.812
49000   291.408
50000   290.272
51000   295.098
52000   294.613
53000   290.096
54000   291.915
55000   293.827
56000   298.087
57000   294.647
58000   287.352
59000   287.279
60000   289.828
61000   287.686
62000   291.099
63000    288.66
64000   291.688
65000   294.308
66000   297.846
67000   291.144
68000   294.811
69000   291.893
70000   290.391
71000   288.959
72000   288.851
73000   294.437
74000     293.5
75000    292.04
76000   290.284
77000   295.807
78000   293.619
79000   290.857
80000   292.259
81000   293.754
82000   291.449
83000    288.45
84000   292.306
85000    292.43
86000   287.051
87000     288.5
88000   289.319
89000   286.931
90000   290.066
91000   295.387
92000   293.216
93000   292.766
94000    294.27
95000   294.306
96000   289.365
97000   288.796
98000   291.634
99000   287.198
100000   285.989
101000   289.559
102000   286.359
103000   287.136
104000   288.385
105000   286.418
106000   289.624
107000   291.713
108000   294.518
109000   290.391
110000   299.531
111000   291.916
112000   290.975
113000   292.507
114000   289.259
115000   291.346
116000   290.303
117000   288.052
118000   286.733
119000   292.122
120000   289.261
121000   291.929
122000    286.94
123000   291.021
124000   288.434
125000   291.598
126000   291.441
127000   294.421
128000   294.573
129000   291.694
130000   293.938
131000   292.715
132000   290.306
133000   296.047
134000   295.891
135000   296.644
136000   296.806
137000   292.688
138000   291.471
139000   299.283
140000   292.461
141000   291.074
142000   295.267
143000   297.034
144000   297.434
145000   295.392
146000   294.317
147000   297.083
148000    294.09
149000   299.157
150000   298.099
151000   298.659
152000   292.634
153000   295.069
154000   287.961
155000   291.776
156000   293.191
157000   294.805
158000   292.191
159000   293.441
160000   297.669
161000   289.529
162000   287.663
163000   281.379
164000   286.883
165000   294.657
166000     296.8
167000   288.284
168000    286.32
169000   292.013
170000   293.303
171000   292.989
172000   289.414
173000   289.293
174000   291.789
175000   293.135
176000   289.047
177000   285.747
178000   285.005
179000   286.643
180000   291.066
181000   289.437
182000   281.615
183000   284.968
184000   287.886
185000   278.692
186000   292.664
187000   292.927
188000   287.695
189000   292.531
190000   286.209
191000   288.031
192000   289.556
193000   285.458
194000    285.68
195000   289.069
196000   288.494
197000   287.283
198000   289.097
199000   290.129
200000   288.273
201000   291.027
202000   291.819
203000   293.492
204000   289.991
205000   284.993
206000   291.287
207000   291.167
208000   291.863
209000   291.328
210000   293.646
211000     294.3
212000   300.342
213000   296.361
214000   294.166
215000   288.208
216000   287.853
217000   292.342
218000   298.751
219000   293.681
220000   292.638
221000   294.798
222000   296.221
223000   298.378
224000   294.627
225000   294.142
226000   296.105
227000   298.887
228000   292.485
229000   292.399
230000   290.049
231000   287.206
232000   287.392
233000   289.397
234000   289.704
235000    288.74
236000   289.495
237000   284.372
238000   284.843
239000   287.375
240000   285.044
241000   286.615
242000   288.851
243000   285.925
244000   283.653
245000   282.202
246000   288.283
247000   289.306
248000   288.597
249000   285.151
250000   288.104
251000   284.204
252000   281.691
253000   285.507
254000    289.44
255000   288.186
256000   284.652
257000   283.971
258000   286.489
259000   281.652
260000    285.68
261000   285.829
262000   292.878
263000   288.526
264000   290.383
265000   293.933
266000   292.419
267000    291.83
268000   292.989
269000   293.918
270000     288.8
271000   291.804
272000   294.819
273000   295.648
274000   292.875
275000   289.092
276000   288.333
277000   293.319
278000    293.24
279000   294.283
280000   289.009
281000   286.196
282000   286.517
283000   291.239
284000   293.286
285000   289.433
286000   289.494
287000   288.821
288000   291.309
289000    289.62
290000   295.228
291000   291.322
292000   287.888
293000    287.07
294000   288.472
295000   288.187
296000   286.088
297000   293.085
298000   289.352
299000   291.851
300000   293.018
301000   293.906
302000   290.409
303000   288.154
304000   294.316
305000   288.998
306000   293.618
307000   290.009
308000   286.166
309000   287.443
310000   295.745
311000   296.569
312000   290.613
313000   290.737
314000   287.289
315000   289.568
316000   289.071
317000   292.862
318000   291.238
319000   296.415
320000    289.94
321000    280.44
322000   285.223
323000   286.278
324000   289.247
325000   288.726
326000   288.761
327000   288.052
328000   292.804
329000   294.874
330000   294.586
331000   294.614
332000   293.746
333000   296.514
334000   294.995
335000   295.725
336000    294.89
337000   292.357
338000   296.035
339000   294.986
340000    292.59
341000   298.427
342000   299.099
343000   298.449
344000   297.378
345000    295.08
346000    295.82
347000   291.363
348000   288.833
349000   290.733
350000   292.935
351000   295.732
352000   294.346
353000   301.582
354000   298.041
355000   296.546
356000   287.997
357000   285.249
358000   281.292
359000   288.766
360000   289.247
361000   293.714
362000   294.143
363000   294.111
364000   293.511
365000   291.281
366000   290.727
367000   291.645
368000   291.617
369000    283.65
370000   290.168
371000   292.633
372000   288.314
373000   286.526
374000   289.223
375000   287.405
376000   288.128
377000   290.519
378000    289.63
379000   292.859
380000    290.43
381000    295.69
382000   299.128
383000   296.749
384000   296.288
385000   292.276
386000   293.753
387000   294.909
388000   293.653
389000   297.023
390000   295.301
391000   296.738
392000   296.776
393000   292.188
394000   291.471
395000   291.961
396000   296.159
397000   289.336
398000    289.88
399000    292.16
400000   292.311
401000    289.21
402000   292.581
403000   292.341
404000   291.489
405000   290.208
406000   292.145
407000   293.908
408000    297.49
409000   292.367
410000   291.108
411000   288.424
412000   294.871
413000   290.193
414000   292.026
415000   290.033
416000   292.262
417000   292.468
418000   295.876
419000   293.703
420000    296.46
421000   303.102
422000   294.308
423000    297.31
424000   292.711
425000   287.847
426000   291.328
427000   295.779
428000   296.477
429000   298.567
430000   297.252
431000   291.279
432000   296.128
433000   289.509
434000    291.22
435000   290.443
436000   287.432
437000   285.439
438000   287.152
439000   290.945
440000   294.841
441000   297.238
442000   291.141
443000   290.202
444000   293.256
445000   293.101
446000   290.077
447000   293.239
448000   288.641
449000    291.23
450000   294.796
451000    296.49
452000   296.613
453000   293.022
454000   295.177
455000   291.663
456000   297.874
457000   292.258
458000   287.612
459000   294.228
460000   296.289
461000   299.925
462000   300.516
463000    297.83
464000   293.662
465000   293.721
466000   294.344
467000   295.522
468000   297.582
469000   301.062
470000   304.154
471000   307.734
472000   301.219
473000   296.827
474000   299.736
475000   296.979
476000   298.845
477000   293.801
478000   289.159
479000   289.832
480000   286.473
481000   284.709
482000   286.295
483000   289.737
484000   291.506
485000    297.22
486000   297.655
487000   292.032
488000   289.028
489000   291.377
490000   291.582
491000   294.309
492000   288.711
493000   293.521
494000   294.401
495000   290.389
496000   287.603
497000   289.885
498000   288.733
499000   292.883
500000   294.172
501000   299.774
502000   302.258
503000    296.66
504000    292.81
505000   293.778
506000   295.925
507000   295.508
508000   296.759
509000   293.647
510000   295.708
511000   299.304
512000   293.803
513000   290.298
514000   289.982
515000   292.026
516000   294.829
517000   294.431
518000   299.688
519000   294.642
520000    296.68
521000   294.538
522000   291.473
523000   297.421
524000   295.352
525000   294.181
526000   290.732
527000   293.808
528000   295.456
529000   294.854
530000   292.069
531000   294.898
532000   293.521
533000     296.7
534000   292.336
535000   291.847
536000   292.442
537000   290.619
538000   297.391
539000   295.788
540000   292.542
541000   292.933
542000   289.516
543000   291.289
544000   290.932
545000   289.129
546000   286.055
547000   284.406
548000   286.407
549000   289.153
550000   288.102
551000   291.336
552000   287.412
553000   293.127
554000    294.23
555000   289.306
556000   289.971
557000   292.082
558000   288.394
559000   291.019
560000   288.102
561000   290.286
562000   291.555
563000   293.638
564000   294.721
565000   290.462
566000   291.413
567000   294.497
568000   291.957
569000    294.98
570000   288.388
571000   290.108
572000   287.113
573000   286.332
574000   282.703
575000   283.755
576000    293.89
577000   289.994
578000   290.319
579000   292.377
580000   292.486
581000   291.264
582000   288.661
583000   286.425
584000   289.454
585000   286.913
586000   286.117
587000   279.579
588000   283.575
589000   288.638
590000   283.188
591000   284.341
592000   282.392
593000   281.695
594000   289.493
595000   287.961
596000   286.104
597000   289.449
598000   296.833
599000   290.463
600000   286.777
601000   282.638
602000   286.545
603000   289.248
604000   283.278
605000   285.586
606000    287.67
607000   289.625
608000   284.995
609000   289.549
610000   283.239
611000   287.371
612000   286.146
613000   285.324
614000   288.473
615000   290.639
616000   295.184
617000   293.107
618000   290.944
619000   296.366
620000   291.468
621000   292.905
622000   293.263
623000   293.326
624000   294.622
625000   295.863
626000   294.945
627000   300.367
628000   302.404
629000   296.983
630000   296.395
631000   290.341
632000   288.037
633000   294.414
634000   294.039
635000    294.22
636000   295.103
637000   296.524
638000   294.886
639000   293.515
640000   293.004
641000   293.508
642000   300.248
643000   297.737
644000   297.262
645000   298.067
646000   299.068
647000   294.342
648000   294.573
649000   293.115
650000    286.11
651000   286.497
652000   288.114
653000   290.264
654000   291.077
655000   291.018
656000   290.161
657000   290.716
658000   287.977
659000   292.531
660000   291.012
661000   292.295
662000   295.105
663000   298.381
664000   292.358
665000   292.926
666000   297.649
667000   298.864
668000     297.2
669000   292.208
670000    291.61
671000   286.977
672000   288.134
673000   289.318
674000   292.935
675000    288.38
676000   284.246
677000   283.872
678000   289.009
679000   292.835
680000   291.607
681000   294.386
682000   288.193
683000   287.533
684000   285.571
685000   286.503
686000   290.503
687000   296.134
688000   286.446
689000   285.465
690000   285.307
691000   284.246
692000   284.728
693000    286.12
694000   285.482
695000    281.78
696000    287.22
697000     291.1
698000   285.337
699000   285.196
700000   287.777
701000   288.091
702000    291.28
703000   292.958
704000   288.847
705000   285.475
706000   285.461
707000   286.707
708000   293.768
709000   290.628
710000   286.694
711000   284.158
712000   287.656
713000   287.484
714000   286.704
715000   288.173
716000   289.224
717000   291.221
718000   290.233
719000    293.39
720000   292.664
721000   291.085
722000    289.72
723000    285.64
724000   288.055
725000   289.443
726000   289.321
727000   285.375
728000   291.327
729000   294.138
730000   300.959
731000   299.991
732000    298.26
733000   290.046
734000   291.707
735000   291.431
736000   286.963
737000   289.263
738000   292.165
739000   285.976
740000   288.322
741000   294.044
742000   290.518
743000   289.062
744000   284.412
745000   286.231
746000   291.962
747000   292.516
748000   296.494
749000   294.895
750000   294.648
751000    292.15
752000   288.288
753000   285.393
754000   290.581
755000   290.558
756000   291.471
757000   291.996
758000   290.698
759000   286.526
760000   287.566
761000   287.176
762000   293.031
763000   292.889
764000   291.254
765000   295.678
766000   298.753
767000    294.37
768000   289.643
769000   291.525
770000   289.636
771000   290.935
772000   295.796
773000   291.638
774000   287.234
775000   292.478
776000    294.09
777000   292.437
778000     295.6
779000   293.797
780000   292.851
781000   291.118
782000   299.781
783000   297.491
784000   295.767
785000   294.005
786000    297.14
787000   294.502
788000   292.571
789000   286.656
790000   291.731
791000   292.188
792000   297.229
793000   296.477
794000   294.042
795000   295.338
796000   297.205
797000   296.488
798000   296.686
799000   286.652
800000   289.373
801000   293.685
802000   291.744
803000   293.554
804000   285.287
805000   287.125
806000   288.559
807000   282.078
808000    285.67
809000   280.264
810000   283.898
811000   288.646
812000   284.915
813000   290.366
814000   289.481
815000   290.493
816000   294.045
817000   290.043
818000   291.346
819000   285.408
820000    284.86
821000   283.816
822000   285.044
823000   289.253
824000   290.897
825000   294.507
826000   282.889
827000   288.377
828000   285.818
829000   283.569
830000   279.659
831000   290.885
832000   291.887
833000   289.315
834000   291.915
835000   293.786
836000   289.949
837000   290.052
838000   294.202
839000   291.462
840000   287.523
841000   281.619
842000   286.874
843000   284.108
844000   288.484
845000   282.488
846000   289.159
847000   290.412
848000   284.639
849000   280.786
850000   281.875
851000   285.394
852000   291.356
853000   297.275
854000   295.533
855000   293.488
856000   294.866
857000   296.213
858000   297.164
859000   295.103
860000   289.799
861000   292.957
862000   295.064
863000   289.031
864000   291.719
865000   286.679
866000    287.62
867000   290.342
868000   288.787
869000   289.387
870000   292.357
871000   290.417
872000   290.215
873000   294.405
874000   296.456
875000   296.161
876000   293.815
877000   291.198
878000   292.758
879000   290.966
880000   287.782
881000   293.711
882000   293.932
883000   289.436
884000   283.459
885000   288.538
886000    290.92
887000   290.138
888000   294.301
889000   294.714
890000   291.207
891000   292.881
892000   295.029
893000   293.089
894000   292.795
895000   291.437
896000   290.994
897000   284.752
898000   288.619
899000   290.799
900000   289.847
901000   293.219
902000   294.804
903000   290.436
904000   288.627
905000   291.751
906000   294.509
907000   291.229
908000   284.377
909000   284.869
910000   288.582
911000   284.584
912000   286.555
913000   285.562
914000   283.707
915000   284.552
916000   285.434
917000   284.143
918000   285.522
919000   281.571
920000   281.542
921000   282.433
922000   284.755
923000    284.83
924000   284.177
925000   289.819
926000   286.128
927000   287.062
928000   286.236
929000   286.518
930000   283.359
931000   286.494
932000   288.771
933000   288.464
934000   284.499
935000   282.745
936000   285.764
937000     285.2
938000    283.28
939000   286.386
940000   282.849
941000    293.05
942000    292.77
943000   291.203
944000   287.777
945000   287.704
946000   287.446
947000   286.109
948000   282.898
949000   286.471
950000   286.457
951000   288.001
952000     286.9
953000   293.652
954000   293.106
955000   291.845
956000   288.799
957000    289.71
958000    292.14
959000   294.866
960000    293.84
961000   287.245
962000   297.197
963000   291.935
964000   291.467
965000   289.596
966000   289.149
967000    289.47
968000    286.86
969000   287.649
970000   288.088
971000   283.295
972000   291.723
973000   292.503
974000   293.771
975000   287.725
976000   289.723
977000   287.855
978000   286.351
979000   286.771
980000   285.055
981000   288.026
982000   295.392
983000   293.088
984000    288.58
985000   296.263
986000   296.076
987000   290.764
988000    288.95
989000    285.77
990000   290.063
991000   286.415
992000   284.546
993000   289.259
994000   289.269
995000   291.544
996000   291.537
997000    290.58
998000   292.639
999000   294.983
1000000   285.388
1001000   289.341
1002000   294.745
1003000   291.059
1004000   287.041
1005000    287.12
1006000   288.998
1007000   291.749
1008000   289.765
1009000   290.516
1010000   289.048
1011000   295.762
1012000   292.366
1013000   285.719
1014000    288.02
1015000   290.249
1016000   292.954
1017000    291.54
1018000   287.982
1019000   293.229
1020000   296.434
1021000   296.664
1022000   290.912
1023000   294.457
1024000   292.188
1025000   290.631
1026000   285.609
1027000   286.888
1028000   279.629
1029000   285.338
1030000   293.889
1031000   290.376
1032000   291.237
1033000   287.164
1034000   286.673
1035000   285.507
1036000   286.021
1037000   288.328
1038000   296.178
1039000   293.256
1040000   299.313
1041000   297.192
1042000   294.433
1043000   288.187
1044000   295.779
1045000   298.607
1046000   301.147
1047000   296.837
1048000   288.474
1049000   286.557
1050000   284.458
1051000   292.554
1052000   291.943
1053000   290.331
1054000   294.937
1055000   290.117
1056000   289.687
1057000   292.988
1058000   292.607
1059000   292.234
1060000   292.678
1061000   297.941
1062000   296.528
1063000   294.131
1064000   293.732
1065000   293.435
1066000   293.486
1067000   295.963
1068000   296.809
1069000   293.917
1070000   295.007
1071000   293.419
1072000   291.361
1073000   295.003
1074000   293.668
1075000    290.66
1076000   293.446
1077000   292.448
1078000   294.677
1079000   292.091
1080000   292.553
1081000   290.281
1082000   292.344
1083000   291.523
1084000   290.983
1085000   287.923
1086000   291.326
1087000   297.352
1088000    294.47
1089000   294.854
1090000   292.768
1091000   290.044
1092000   293.726
1093000   291.055
1094000   293.488
1095000   293.488
1096000   300.482
1097000   299.657
1098000   302.305
1099000   296.028
1100000   295.987
1101000   293.183
1102000   293.401
1103000   285.202
1104000   288.172
1105000   291.282
1106000   292.494
1107000   294.239
1108000   297.056
1109000    294.46
1110000   289.678
1111000   297.923
1112000   298.321
1113000   298.594
1114000   293.523
1115000   296.378
1116000   296.549
1117000   293.873
1118000   295.343
1119000   299.757
1120000   293.587
1121000   294.688
1122000   294.687
1123000   295.049
1124000   295.747
1125000   294.159
1126000   291.924
1127000   287.875
1128000   295.582
1129000   290.719
1130000   292.834
1131000   298.028
1132000   297.333
1133000   301.676
1134000   297.805
1135000    296.05
1136000   289.665
1137000   286.235
1138000   289.553
1139000   285.808
1140000   290.047
1141000   290.909
1142000   286.988
1143000   287.866
1144000   287.208
1145000    289.95
1146000   291.562
1147000   295.221
1148000   291.657
1149000   290.892
1150000   290.477
1151000   292.843
1152000   295.522
1153000    292.33
1154000     296.3
1155000    297.54
1156000   300.751
1157000   296.224
1158000   284.164
1159000   283.708
1160000   284.556
1161000   284.161
1162000   287.722
1163000   286.631
1164000   287.564
1165000   294.707
1166000   288.269
1167000   287.181
1168000   288.953
1169000    288.92
1170000   292.784
1171000   291.538
1172000   297.747
1173000    294.55
1174000   297.402
1175000     296.9
1176000   301.201
1177000    299.89
1178000   295.604
1179000   291.329
1180000   297.763
1181000   294.579
1182000   295.261
1183000   293.694
1184000   289.623
1185000   291.792
1186000   296.338
1187000   296.946
1188000   296.467
1189000   292.774
1190000   292.661
1191000   294.024
1192000   292.294
1193000   290.333
1194000   292.377
1195000   288.808
1196000    294.93
1197000   293.969
1198000    291.62
1199000   295.265
1200000    290.36
1201000    289.28
1202000   288.285
1203000   288.968
1204000   288.433
1205000   291.596
1206000   290.807
1207000   294.033
1208000   295.693
1209000    296.73
1210000   299.003
1211000   289.846
1212000   292.853
1213000   290.999
1214000   286.051
1215000   290.677
1216000   291.213
1217000   295.603
1218000   294.684
1219000   288.531
1220000   291.895
1221000   289.185
1222000   298.051
1223000   297.111
1224000   291.347
1225000   293.044
1226000   288.232
1227000   292.868
1228000   292.434
1229000   293.852
1230000   294.554
1231000   295.295
1232000   298.789
1233000   299.992
1234000   294.069
1235000   292.377
1236000   293.143
1237000   294.211
1238000   292.038
1239000   290.441
1240000   292.589
1241000   295.534
1242000   289.097
1243000   289.092
1244000   294.114
1245000   292.075
1246000   296.195
1247000   299.055
1248000   296.423
1249000   291.134
1250000   296.298
1251000   299.239
1252000   297.561
1253000   295.908
1254000   297.757
1255000    296.82
1256000   300.253
1257000   298.074
1258000   296.111
1259000   288.559
1260000   287.578
1261000   285.973
1262000   284.735
1263000   287.589
1264000    285.08
1265000   283.207
1266000    287.06
1267000   288.208
1268000   287.669
1269000   291.145
1270000   285.582
1271000    286.28
1272000   285.361
1273000   282.913
1274000   286.734
1275000   281.288
1276000   280.392
1277000    285.07
1278000   291.158
1279000   289.048
1280000    292.69
1281000   289.296
1282000    294.04
1283000   301.663
1284000   296.138
1285000    287.99
1286000   290.675
1287000   286.598
1288000   287.442
1289000   284.449
1290000   283.065
1291000   285.255
1292000   283.239
1293000   287.845
1294000   288.608
1295000   284.488
1296000   287.633
1297000    291.33
1298000     288.6
1299000   289.299
1300000   288.551
1301000   286.352
1302000   287.945
1303000   288.875
1304000   284.172
1305000   284.514
1306000   286.698
1307000   283.474
1308000    289.38
1309000   283.238
1310000   279.851
1311000   291.493
1312000   287.411
1313000   294.518
1314000   289.038
1315000   285.602
1316000   292.169
1317000   284.627
1318000   292.293
1319000   288.686
1320000   288.193
1321000   287.747
1322000   292.197
1323000   291.948
1324000   296.809
1325000   299.004
1326000   297.621
1327000   297.989
1328000   293.046
1329000   291.575
1330000   285.815
1331000   287.379
1332000   289.223
1333000   287.303
1334000   295.181
1335000   294.805
1336000   291.845
1337000   294.196
1338000   291.779
1339000   292.554
1340000    294.68
1341000   286.572
1342000   290.384
1343000   297.229
1344000   288.269
1345000   285.859
1346000   287.864
1347000    284.49
1348000   289.926
1349000   291.068
1350000   291.206
1351000    284.17
1352000   286.629
1353000   288.613
1354000   285.809
1355000   285.424
1356000   282.495
1357000   283.455
1358000   288.761
1359000   285.579
1360000   283.303
1361000   284.363
1362000   282.833
1363000   284.582
1364000   291.992
1365000   287.335
1366000   285.645
1367000   283.678
1368000    287.86
1369000   292.645
1370000   291.264
1371000   289.578
1372000   287.426
1373000   290.498
1374000   296.402
1375000   291.982
1376000   291.021
1377000   290.181
1378000   291.572
1379000   291.991
1380000   289.691
1381000   290.798
1382000    295.45
1383000   290.481
1384000   291.453
1385000   289.878
1386000   296.689
1387000    295.51
1388000   287.254
1389000   288.331
1390000   290.537
1391000   289.076
1392000   289.955
1393000   295.469
1394000   293.672
1395000   295.393
1396000   297.788
1397000   298.916
1398000   296.051
1399000   291.733
1400000   292.571
1401000   292.086
1402000   291.776
1403000   287.675
1404000    286.31
1405000   281.039
1406000   287.603
1407000   289.866
1408000    287.84
1409000   284.649
1410000    288.59
1411000   289.067
1412000   291.545
1413000   297.178
1414000   291.735
1415000   288.526
1416000    288.84
1417000   291.442
1418000   290.784
1419000   295.366
1420000   297.382
1421000   293.835
1422000   293.537
1423000   291.102
1424000   290.344
1425000   291.093
1426000    289.77
1427000    292.82
1428000   290.127
1429000   289.159
1430000   293.212
1431000   292.352
1432000   295.128
1433000   290.718
1434000   292.054
1435000   294.221
1436000   295.069
1437000     296.9
1438000   294.423
1439000   297.476
1440000   298.322
1441000   295.379
1442000   296.026
1443000   294.254
1444000   290.338
1445000   295.413
1446000   296.357
1447000   294.196
1448000   295.518
1449000   295.797
1450000   300.344
1451000   292.159
1452000   288.766
1453000   287.919
1454000   288.876
1455000   288.346
1456000   288.673
1457000   288.159
1458000   286.622
1459000    285.88
1460000   286.138
1461000   285.102
1462000   281.989
1463000   284.124
1464000   286.157
1465000   289.539
1466000   293.535
1467000   292.848
1468000   293.609
1469000    295.84
1470000   289.244
1471000   290.964
1472000   288.433
1473000   291.007
1474000   290.329
1475000   295.792
1476000   292.935
1477000   290.192
1478000   290.078
1479000   288.698
1480000   290.537
1481000   291.177
1482000   284.184
1483000   287.718
1484000   289.085
1485000   286.778
1486000   286.799
1487000   283.356
1488000   286.307
1489000   288.308
1490000   286.577
1491000    283.88
1492000    286.83
1493000   289.499
1494000   281.751
1495000   285.957
1496000   282.601
1497000   290.974
1498000   284.664
1499000   285.546
1500000   283.854
1501000   287.518
1502000   283.265
1503000    284.98
1504000   285.965
1505000   277.786
1506000   280.839
1507000   278.751
1508000   281.291
1509000   284.934
1510000    285.48
1511000    290.11
1512000   294.086
1513000   289.508
1514000   286.573
1515000   280.863
1516000   280.184
1517000   285.077
1518000   286.443
1519000   289.953
1520000   288.388
1521000   289.801
1522000   286.919
1523000   285.843
1524000    280.31
1525000   287.684
1526000   291.473
1527000   295.259
1528000   290.318
1529000   295.249
1530000   294.398
1531000   290.213
1532000   289.232
1533000    286.07
1534000   292.338
1535000   285.891
1536000    291.41
1537000   293.949
1538000   287.449
1539000   287.095
1540000    287.76
1541000   283.985
1542000   285.418
1543000   286.438
1544000   287.647
1545000   289.864
1546000    288.37
1547000   285.059
1548000   284.837
1549000   281.244
1550000   282.069
1551000   284.898
1552000   283.103
1553000   280.098
1554000   285.978
1555000   284.275
1556000   289.015
1557000   282.467
1558000   285.116
1559000   279.706
1560000   286.745
1561000   287.462
1562000   287.215
1563000   292.412
1564000   288.938
1565000   292.955
1566000   290.434
1567000   290.374
1568000    290.36
1569000   288.185
1570000   292.155
1571000   290.539
1572000   285.905
1573000   288.952
1574000   287.169
1575000   287.725
1576000   289.413
1577000   292.143
1578000   292.219
1579000   291.371
1580000   294.798
1581000   291.793
1582000   291.779
1583000   294.214
1584000    290.23
1585000   296.108
1586000   298.254
1587000   300.308
1588000    301.42
1589000   294.999
1590000   287.742
1591000   286.233
1592000   290.337
1593000   289.159
1594000   286.715
1595000   290.645
1596000   291.387
1597000   290.745
1598000   294.897
1599000     299.9
1600000    290.58
1601000   290.213
1602000   288.178
1603000   295.475
1604000    293.39
1605000   294.223
1606000   295.139
1607000   294.527
1608000   300.138
1609000   297.729
1610000   295.422
1611000   298.679
1612000    298.48
1613000   299.541
1614000   293.897
1615000   290.993
1616000   294.747
1617000   291.905
1618000   289.783
1619000   291.617
1620000    290.93
1621000   289.558
1622000   288.774
1623000   285.616
1624000    284.21
1625000   291.534
1626000   284.178
1627000   286.876
1628000   282.461
1629000   283.381
1630000   283.306
1631000   284.972
1632000   290.584
1633000   283.149
1634000   286.378
1635000   292.803
1636000    288.09
1637000   290.955
1638000   288.533
1639000   291.084
1640000   297.431
1641000   292.074
1642000   294.571
1643000    292.69
1644000   294.894
1645000   288.699
1646000   288.494
1647000    290.73
1648000   290.755
1649000   288.261
1650000   285.308
1651000   289.794
1652000   292.378
1653000    293.03
1654000   293.631
1655000   288.066
1656000   291.427
1657000   290.579
1658000   290.574
1659000   291.589
1660000   293.929
1661000    293.17
1662000   296.848
1663000   292.075
1664000   285.954
1665000   284.077
1666000   291.418
1667000   296.603
1668000   300.848
1669000   292.445
1670000   292.677
1671000   289.785
1672000   287.544
1673000   289.801
1674000   297.551
1675000   295.549
1676000   294.812
1677000   286.694
1678000   290.077
1679000   291.155
1680000   293.536
1681000   291.839
1682000   295.917
1683000   291.119
1684000   288.669
1685000   291.109
1686000   283.483
1687000   284.986
1688000   287.617
1689000   288.982
1690000   289.711
1691000   288.509
1692000   298.722
1693000   295.476
1694000   297.507
1695000    302.16
1696000   298.427
1697000   292.551
1698000   283.846
1699000   286.381
1700000   289.011
1701000   290.856
1702000   289.701
1703000   288.089
1704000   293.532
1705000   289.735
1706000   288.083
1707000   296.654
1708000   294.573
1709000   294.044
1710000   289.537
1711000   295.064
1712000   291.251
1713000   292.964
1714000   294.501
1715000   290.377
1716000   286.866
1717000   287.913
1718000   290.459
1719000   288.749
1720000   296.243
1721000   293.805
1722000   290.679
1723000   287.827
1724000    291.15
1725000   292.468
1726000   294.881
1727000   296.058
1728000   292.932
1729000   290.111
1730000   292.829
1731000   291.051
1732000   297.952
1733000   293.718
1734000   289.036
1735000   286.479
1736000   292.718
1737000   291.638
1738000   288.118
1739000   290.664
1740000   290.985
1741000   290.872
1742000   294.925
1743000   293.829
1744000   289.671
1745000   294.349
1746000   295.836
1747000   299.492
1748000   296.331
1749000   288.842
1750000   288.261
1751000    291.01
1752000   294.998
1753000   291.256
1754000    285.81
1755000   288.943
1756000    281.12
1757000   280.107
1758000   284.597
1759000   286.066
1760000   288.836
1761000    287.27
1762000   288.211
1763000   284.548
1764000   284.115
1765000   290.719
1766000   283.374
1767000   288.201
1768000   300.427
1769000   299.957
1770000   300.941
1771000   291.185
1772000   295.272
1773000   298.694
1774000   293.007
1775000   291.658
1776000   292.893
1777000   294.851
1778000   291.082
1779000   293.305
1780000    292.63
1781000   286.408
1782000   284.658
1783000   284.561
1784000   283.893
1785000   286.136
1786000   284.427
1787000   286.757
1788000   292.836
1789000   289.559
1790000   287.342
1791000   282.678
1792000   285.475
1793000   289.485
1794000   294.853
1795000   289.698
1796000   286.263
1797000   287.031
1798000   288.922
1799000   278.942
1800000   285.445
1801000    286.53
1802000    286.98
1803000   290.631
1804000   292.027
1805000   293.523
1806000   290.867
1807000    291.27
1808000   295.244
1809000   299.048
1810000   295.667
1811000   293.321
1812000   289.324
1813000   291.156
1814000   298.181
1815000   296.729
1816000   292.932
1817000   297.659
1818000   301.459
1819000   305.482
1820000   299.083
1821000   298.363
1822000   299.895
1823000   300.351
1824000   299.185
1825000   301.524
1826000   294.586
1827000   294.698
1828000   295.074
1829000   298.729
1830000   294.129
1831000   290.618
1832000   291.487
1833000   289.725
1834000   293.386
1835000   289.076
1836000   290.318
1837000   289.933
1838000   293.999
1839000   295.182
1840000   293.678
1841000   300.096
1842000   298.178
1843000   297.204
1844000   300.376
1845000    295.92
1846000   298.569
1847000   294.432
1848000    290.52
1849000   288.098
1850000   292.748
1851000   294.233
1852000   292.272
1853000   294.734
1854000   293.203
1855000   288.313
1856000   288.482
1857000   285.751
1858000   290.779
1859000   292.318
1860000   291.862
1861000   292.689
1862000   290.132
1863000   287.732
1864000   289.926
1865000   287.027
1866000   288.852
1867000   286.217
1868000   289.919
1869000   293.529
1870000   293.255
1871000   291.634
1872000   294.289
1873000   297.807
1874000   293.487
1875000   295.191
1876000   287.746
1877000    289.28
1878000   291.053
1879000   286.421
1880000   284.187
1881000   294.466
1882000   293.271
1883000   289.737
1884000    289.49
1885000   289.086
1886000   288.228
1887000   285.331
1888000   286.898
1889000   285.441
1890000   283.689
1891000   287.999
1892000   290.102
1893000    283.99
1894000   285.693
1895000   285.501
1896000   286.973
1897000   289.903
1898000   286.812
1899000   289.285
1900000   291.095
1901000   292.134
1902000   289.182
1903000   288.892
1904000   284.164
1905000    277.96
1906000   281.649
1907000   281.045
1908000   276.681
1909000   283.811
1910000   291.487
1911000   291.287
1912000   289.843
1913000   287.052
1914000   288.083
1915000   290.016
1916000   294.858
1917000   289.808
1918000   290.929
1919000   285.433
1920000   291.653
1921000   294.586
1922000   296.444
1923000   293.149
1924000   293.711
1925000   292.751
1926000   296.699
1927000   295.661
1928000   294.857
1929000   289.237
1930000   285.725
1931000   289.295
1932000   287.441
1933000   288.127
1934000   294.559
1935000   295.647
1936000     290.6
1937000   284.106
1938000   293.077
1939000   294.203
1940000   289.255
1941000   292.795
1942000   290.091
1943000   289.125
1944000   291.895
1945000   291.489
1946000   288.814
1947000   287.602
1948000   286.685
1949000   285.179
1950000   286.616
1951000   291.799
1952000   291.315
1953000   289.156
1954000   287.852
1955000   291.161
1956000   292.921
1957000   287.395
1958000   289.177
1959000   285.093
1960000    289.87
1961000   288.524
1962000   282.549
1963000   283.525
1964000   282.963
1965000   282.255
1966000    289.12
1967000   280.034
1968000   284.621
1969000   291.988
1970000   288.893
1971000   288.536
1972000   285.932
1973000   292.745
1974000   289.366
1975000   289.579
1976000   291.211
1977000   285.841
1978000   284.306
1979000   291.367
1980000   286.701
1981000   281.096
1982000   283.808
1983000   286.231
1984000   291.969
1985000   290.472
1986000   287.206
1987000   288.535
1988000    283.82
1989000   282.657
1990000   282.011
1991000   283.925
1992000   283.144
1993000   286.602
1994000   296.151
1995000   291.256
1996000   288.835
1997000   290.276
1998000   293.232
1999000   288.736
2000000   296.623
2001000   297.272
2002000   298.966
2003000   298.662
2004000   297.338
2005000   295.573
2006000   294.112
2007000   294.686
2008000   296.583
2009000   293.024
2010000   300.141
2011000   297.047
2012000   299.203
2013000   293.111
2014000   293.967
2015000   292.403
2016000   290.906
2017000   291.669
2018000   291.223
2019000   290.745
2020000   293.801
2021000   285.591
2022000   294.474
2023000   299.088
2024000   299.972
2025000   293.648
2026000    287.67
2027000   287.505
2028000   282.149
2029000   285.106
2030000   281.765
2031000   281.697
2032000   284.168
2033000   290.065
2034000   290.042
2035000   289.634
2036000   291.111
2037000   290.342
2038000   290.956
2039000   299.695
2040000   297.253
2041000   290.928
2042000   286.995
2043000   292.821
2044000    293.88
2045000   293.732
2046000   293.788
2047000   293.585
2048000   294.224
2049000   298.138
2050000   297.925
2051000   296.885
2052000   298.876
2053000   295.804
2054000   294.772
2055000   295.312
2056000   295.965
2057000   288.645
2058000   288.601
2059000    288.34
2060000   289.284
2061000   295.673
2062000   293.564
2063000   294.247
2064000   291.716
2065000   297.515
2066000   295.939
2067000   288.854
2068000   293.953
2069000   291.559
2070000   290.403
2071000   288.727
2072000   287.496
2073000   285.094
2074000   288.798
2075000   287.062
2076000   287.632
2077000   284.284
2078000   284.826
2079000   286.993
2080000   288.498
2081000   291.769
2082000   288.946
2083000   290.766
2084000   286.852
2085000   288.556
2086000    287.86
2087000   286.102
2088000   285.862
2089000   288.564
2090000   286.269
2091000   284.959
2092000   287.373
2093000   291.259
2094000   292.388
2095000   287.769
2096000   287.012
2097000   284.718
2098000   283.589
2099000   288.007
2100000   283.869
2101000    282.79
2102000     283.7
2103000   287.374
2104000   288.052
2105000   286.324
2106000   277.926
2107000   285.099
2108000   285.672
2109000   291.199
2110000   290.608
2111000   295.698
2112000   293.241
2113000   292.074
2114000   296.738
2115000   287.424
2116000   288.872
2117000   289.982
2118000   290.103
2119000   290.815
2120000   289.409
2121000   295.138
2122000   297.756
2123000   293.705
2124000   296.336
2125000   290.384
2126000   285.768
2127000   285.504
2128000   285.619
2129000   279.887
2130000   287.637
2131000    291.96
2132000   290.819
2133000   291.806
2134000   288.227
2135000   288.498
2136000   286.634
2137000   292.003
2138000   294.073
2139000   288.078
2140000   289.187
2141000   291.792
2142000   284.954
2143000   281.941
2144000   287.629
2145000   290.239
2146000    286.21
2147000   288.283
2148000   288.719
2149000   286.098
2150000    291.13
2151000   289.087
2152000   288.845
2153000   293.365
2154000   295.122
2155000   296.195
2156000   292.899
2157000   295.771
2158000   299.169
2159000   294.469
2160000   292.933
2161000   296.113
2162000   291.047
2163000   289.638
2164000   290.274
2165000   292.566
2166000   287.482
2167000   287.548
2168000   290.636
2169000    288.87
2170000   287.498
2171000   287.841
2172000   286.345
2173000   288.731
2174000   290.085
2175000    284.87
2176000   286.825
2177000   285.927
2178000   289.203
2179000   302.389
2180000   297.369
2181000   297.468
2182000   298.091
2183000   293.649
2184000   296.495
2185000   295.022
2186000   297.105
2187000   294.591
2188000   290.845
2189000    290.88
2190000   290.654
2191000   295.017
2192000   292.239
2193000   284.625
2194000   289.535
2195000   292.101
2196000   297.683
2197000   292.904
2198000   300.165
2199000   296.088
2200000   294.453
2201000   291.523
2202000   291.214
2203000   292.345
2204000   289.359
2205000   290.649
2206000   288.775
2207000   294.424
2208000   291.517
2209000    292.59
2210000       294
2211000   293.849
2212000   294.455
2213000   294.133
2214000   294.335
2215000   291.189
2216000   292.966
2217000   296.585
2218000   295.075
2219000    296.67
2220000   294.556
2221000   293.506
2222000   284.304
2223000   285.131
2224000   288.534
2225000   290.074
2226000   285.416
2227000   283.513
2228000   286.335
2229000   287.271
2230000   290.544
2231000   288.378
2232000   287.425
2233000   277.492
2234000   285.905
2235000   286.412
2236000   285.998
2237000   282.693
2238000   285.032
2239000   283.267
2240000   278.815
2241000   281.298
2242000   283.676
2243000   284.862
2244000   285.527
2245000    287.84
2246000   290.702
2247000   290.107
2248000   288.401
2249000   288.812
2250000   284.921
2251000   291.846
2252000   285.477
2253000   283.585
2254000   280.506
2255000   287.124
2256000    288.97
2257000   283.788
2258000    277.65
2259000   281.383
2260000   277.894
2261000    281.27
2262000   284.229
2263000   282.771
2264000   281.019
2265000   276.354
2266000     276.5
2267000   282.535
2268000    281.89
2269000   282.428
2270000   284.902
2271000   284.392
2272000   288.111
2273000   289.919
2274000   293.748
2275000   295.754
2276000   293.484
2277000   290.047
2278000   289.971
2279000   292.612
2280000   288.544
2281000    289.31
2282000   287.336
2283000   291.884
2284000   291.345
2285000   293.672
2286000   290.932
2287000   286.351
2288000   288.658
2289000    286.33
2290000   296.862
2291000   294.167
2292000   286.705
2293000   285.967
2294000   292.201
2295000   292.897
2296000   292.159
2297000   293.198
2298000   295.646
2299000   289.083
2300000   290.818
2301000   288.027
2302000   289.741
2303000   285.895
2304000   289.265
2305000   287.662
2306000    293.57
2307000   299.015
2308000    293.08
2309000   295.812
2310000   290.048
2311000   294.149
2312000   293.457
2313000   291.247
2314000   287.602
2315000   286.795
2316000   291.079
2317000   292.437
2318000   289.589
2319000   294.754
2320000   296.409
2321000   296.649
2322000   296.539
2323000   297.412
2324000   305.856
2325000   298.992
2326000   294.329
2327000    297.24
2328000   292.289
2329000   291.999
2330000   292.401
2331000   290.753
2332000   292.914
2333000   297.612
2334000     294.1
2335000   288.151
2336000   283.139
2337000   292.976
2338000   286.618
2339000   291.419
2340000   295.023
2341000   294.985
2342000   297.625
2343000   289.919
2344000   288.238
2345000   289.289
2346000   289.272
2347000   294.074
2348000    294.11
2349000   296.066
2350000   292.779
2351000   293.368
2352000   296.601
2353000   301.151
2354000   306.059
2355000   301.718
2356000   289.211
2357000   287.081
2358000   287.771
2359000    290.97
2360000   289.984
2361000   286.099
2362000   288.908
2363000   289.681
2364000    287.08
2365000   288.327
2366000   288.706
2367000   292.705
2368000   297.856
2369000   291.404
2370000   291.144
2371000   290.029
2372000   288.529
2373000   295.322
2374000    293.71
2375000   295.262
2376000   292.994
2377000   298.785
2378000   291.192
2379000   289.473
2380000   295.126
2381000   293.175
2382000   293.837
2383000   291.033
2384000   287.629
2385000   289.942
2386000   294.346
2387000   290.827
2388000   296.417
2389000     297.6
2390000   294.185
2391000   287.922
2392000   288.189
2393000   288.047
2394000   292.193
2395000   292.692
2396000   294.743
2397000   294.277
2398000   295.463
2399000   296.142
2400000   289.492
2401000   289.753
2402000   289.807
2403000   292.415
2404000   296.845
2405000   297.289
2406000   292.873
2407000   297.689
2408000    295.76
2409000   302.596
2410000   302.479
2411000    298.07
2412000   297.924
2413000   293.536
2414000   288.971
2415000   287.788
2416000   288.588
2417000   292.037
2418000   293.255
2419000    290.39
2420000   292.037
2421000    292.82
2422000   291.138
2423000   299.663
2424000   302.412
2425000   304.668
2426000   298.971
2427000   302.269
2428000   296.649
2429000   291.445
2430000    291.49
2431000   289.177
2432000   294.693
2433000   296.104
2434000   290.552
2435000   289.434
2436000   294.984
2437000   297.147
2438000   297.004
2439000   293.382
2440000   291.384
2441000   291.852
2442000   286.165
2443000   285.878
2444000   288.434
2445000   288.304
2446000   295.451
2447000   296.314
2448000   302.627
2449000   302.268
2450000   297.317
2451000   297.757
2452000   299.205
2453000   296.613
2454000   291.389
2455000   291.859
2456000   294.877
2457000   292.007
2458000   294.848
2459000   297.561
2460000   289.394
2461000   289.542
2462000   291.761
2463000   291.154
2464000   288.866
2465000   291.602
2466000   291.422
2467000   295.339
2468000   294.762
2469000   289.024
2470000    290.33
2471000   291.557
2472000    292.25
2473000   292.814
2474000   291.659
2475000    294.93
2476000   291.985
2477000   290.652
2478000   292.283
2479000   293.214
2480000   293.268
2481000   297.974
2482000   298.937
2483000   295.475
2484000   293.929
2485000   296.316
2486000   295.135
2487000   291.312
2488000   290.112
2489000   294.331
2490000    289.26
2491000   290.587
2492000   289.795
2493000   292.748
2494000   295.949
2495000   287.053
2496000   289.364
2497000   296.622
2498000   294.185
2499000   295.518
2500000   292.942
2501000    294.94
2502000   296.322
2503000   292.109
2504000   300.302
2505000    295.34
2506000   295.697
2507000   300.022
2508000   301.839
2509000   289.664
2510000   291.231
2511000    288.52
2512000   281.484
2513000   280.704
2514000   280.414
2515000   286.311
2516000   288.008
2517000   294.397
2518000   298.956
2519000   295.322
2520000   290.108
2521000   288.568
2522000   285.566
2523000   288.194
2524000   289.977
2525000   292.973
2526000   291.389
2527000   293.444
2528000   297.464
2529000    292.91
2530000    294.67
2531000   301.505
2532000   295.898
2533000   298.385
2534000   298.827
2535000     299.7
2536000   292.398
2537000   292.256
2538000   292.682
2539000   288.565
2540000   289.797
2541000   292.842
2542000   286.477
2543000   290.151
2544000   286.698
2545000   289.858
2546000   290.245
2547000   291.471
2548000   293.434
2549000   295.004
2550000   294.229
2551000   292.049
2552000   294.845
2553000   295.004
2554000   288.898
2555000   292.506
2556000   294.449
2557000   292.869
2558000   298.637
2559000   297.285
2560000   300.921
2561000   294.335
2562000   303.111
2563000   302.795
2564000   299.038
2565000   296.943
2566000   292.161
2567000   299.214
2568000   295.863
2569000   297.147
2570000   301.133
2571000   298.522
2572000   295.447
2573000    294.73
2574000   288.136
2575000   294.626
2576000   288.525
2577000   290.143
2578000   296.489
2579000   296.764
2580000   293.257
2581000    295.82
2582000   297.824
2583000   297.052
2584000   295.516
2585000   295.139
2586000   293.692
2587000   293.366
2588000   294.501
2589000    292.54
2590000   294.026
2591000   287.002
2592000   286.472
2593000   287.599
2594000   287.797
2595000    288.25
2596000    290.72
2597000   289.272
2598000   282.352
2599000   288.564
2600000   293.007
2601000   290.096
2602000   290.867
2603000   287.776
2604000   290.088
2605000   292.948
2606000   291.597
2607000   290.191
2608000   289.998
2609000   288.991
2610000     285.2
2611000   296.673
2612000    294.93
2613000   289.755
2614000   288.965
2615000    287.96
2616000   285.025
2617000   288.551
2618000   283.341
2619000   287.234
2620000   286.187
2621000   287.167
2622000   292.953
2623000   291.271
2624000    294.35
2625000   294.121
2626000   284.645
2627000   291.537
2628000    294.29
2629000   294.611
2630000   293.422
2631000   288.189
2632000   290.808
2633000    296.01
2634000   293.562
2635000   296.007
2636000   295.083
2637000   295.977
2638000    295.59
2639000   291.828
2640000   292.933
2641000   292.284
2642000   292.212
2643000   291.649
2644000   290.196
2645000   289.254
2646000    278.98
2647000   280.514
2648000   283.723
2649000   288.517
2650000     285.5
2651000   287.725
2652000   284.012
2653000   284.419
2654000   287.797
2655000   289.555
2656000   286.155
2657000   290.719
2658000   296.543
2659000   304.599
2660000   299.402
2661000   292.193
2662000   289.609
2663000   288.287
2664000   293.572
2665000    288.49
2666000   287.475
2667000   291.071
2668000   289.469
2669000   289.828
2670000   294.451
2671000   290.621
2672000   292.832
2673000   292.669
2674000    288.57
2675000   286.221
2676000   282.459
2677000    280.62
2678000   288.304
2679000   284.762
2680000   286.956
2681000   287.812
2682000   289.984
2683000   291.527
2684000   295.021
2685000   289.404
2686000   287.452
2687000   285.633
2688000   289.103
2689000   290.482
2690000   287.095
2691000    289.66
2692000   289.742
2693000   292.647
2694000   291.454
2695000   287.243
2696000   291.673
2697000   291.478
2698000   293.851
2699000   289.073
2700000   289.569
2701000   290.197
2702000   292.298
2703000   298.556
2704000   292.898
2705000   287.272
2706000   296.332
2707000   296.404
2708000    291.93
2709000   295.658
2710000   293.007
2711000   298.124
2712000   295.553
2713000   293.061
2714000   292.067
2715000   294.192
2716000   297.141
2717000   297.599
2718000   301.454
2719000   303.327
2720000   298.653
2721000    295.78
2722000   294.459
2723000   298.431
2724000   297.371
2725000   300.397
2726000   299.693
2727000   301.123
2728000   298.158
2729000    296.35
2730000   297.318
2731000   297.981
2732000   291.255
2733000   295.725
2734000   300.124
2735000   298.186
2736000   297.189
2737000   295.455
2738000   297.368
2739000   297.491
2740000   290.721
2741000    293.34
2742000   294.168
2743000   297.474
2744000   300.924
2745000   297.881
2746000   297.823
2747000   297.365
2748000   292.893
2749000   289.542
2750000   295.096
2751000    298.65
2752000   295.283
2753000   291.672
2754000   294.902
2755000   293.251
2756000   290.153
2757000   294.818
2758000   291.094
2759000   290.718
2760000   291.676
2761000   291.295
2762000   293.015
2763000   297.089
2764000   288.978
2765000    290.35
2766000   289.383
2767000   296.041
2768000   300.494
2769000    299.49
2770000   298.477
2771000   295.501
2772000    291.61
2773000   289.388
2774000   290.867
2775000   295.968
2776000   293.571
2777000   293.151
2778000   297.316
2779000    297.35
2780000   295.118
2781000     297.1
2782000   298.569
2783000   302.792
2784000   300.663
2785000   297.805
2786000   297.857
2787000   305.302
2788000   303.559
2789000   303.991
2790000    297.81
2791000   299.467
2792000   293.088
2793000   295.051
2794000   298.365
2795000   295.459
2796000   298.201
2797000   297.568
2798000   294.262
2799000   293.285
2800000   296.667
2801000   294.216
2802000   294.197
2803000   300.218
2804000   301.083
2805000   302.057
2806000   298.921
2807000   297.832
2808000   297.911
2809000   298.105
2810000   299.179
2811000   298.347
2812000   293.726
2813000   295.034
2814000   294.319
2815000   291.192
2816000   294.156
2817000   301.883
2818000   301.233
2819000   296.412
2820000   299.741
2821000   300.907
2822000   294.799
2823000   295.272
2824000   299.846
2825000   294.019
2826000   292.625
2827000   292.997
2828000   294.582
2829000   291.266
2830000   302.604
2831000   301.136
2832000   300.252
2833000   299.829
2834000   301.302
2835000   297.175
2836000    295.83
2837000   295.142
2838000   297.534
2839000   293.436
2840000   297.403
2841000   294.393
2842000   287.623
2843000   293.695
2844000   295.035
2845000   296.814
2846000   299.703
2847000   296.784
2848000   296.926
2849000   296.948
2850000   296.816
2851000    298.09
2852000   297.836
2853000   297.463
2854000   295.494
2855000   293.687
2856000   294.914
2857000   290.331
2858000   290.021
2859000   290.611
2860000   293.388
2861000   299.505
2862000   291.428
2863000   286.107
2864000    293.56
2865000   299.528
2866000    289.21
2867000   287.245
2868000   289.426
2869000   288.703
2870000   287.441
2871000   292.041
2872000   288.508
2873000   288.008
2874000   289.628
2875000   295.751
2876000   294.543
2877000   288.393
2878000   290.778
2879000   286.293
2880000    282.33
2881000   283.528
2882000    276.74
2883000   283.764
2884000    290.23
2885000   291.101
2886000   291.099
2887000   289.161
2888000   284.556
2889000   290.208
2890000   287.719
2891000   287.132
2892000   290.482
2893000   294.108
2894000   298.781
2895000   292.285
2896000   293.583
2897000   288.036
2898000   289.682
2899000   293.107
2900000   295.175
2901000   287.435
2902000   288.392
2903000   288.149
2904000   289.907
2905000   287.421
2906000   292.862
2907000   289.414
2908000   289.123
2909000   290.456
2910000   293.664
2911000   303.188
2912000   296.143
2913000   300.829
2914000   296.905
2915000   293.168
2916000   290.372
2917000   286.833
2918000    289.57
2919000   285.277
2920000   287.096
2921000   290.055
2922000   295.966
2923000   292.669
2924000   291.686
2925000    295.49
2926000   293.423
2927000   294.018
2928000   291.144
2929000   295.676
2930000    290.64
2931000   291.586
2932000   290.929
2933000   295.046
2934000   293.437
2935000   295.409
2936000    296.05
2937000   292.543
2938000   287.551
2939000    292.03
2940000   293.615
2941000    299.82
2942000   296.407
2943000   294.953
2944000   304.054
2945000   296.792
2946000   300.732
2947000   295.083
2948000   295.895
2949000   295.514
2950000   292.031
2951000   289.924
2952000   296.407
2953000   297.822
2954000    297.54
2955000   294.658
2956000     291.6
2957000   292.775
2958000   294.903
2959000   295.804
2960000   294.596
2961000   288.391
2962000   290.182
2963000    290.26
2964000   287.932
2965000   286.927
2966000   285.968
2967000   289.193
2968000   288.233
2969000   289.156
2970000   289.695
2971000   296.174
2972000   295.541
2973000   286.062
2974000    291.82
2975000   291.225
2976000   288.851
2977000   291.025
2978000   290.964
2979000   292.308
2980000   289.644
2981000   288.547
2982000   287.892
2983000   284.946
2984000   287.135
2985000   284.132
2986000    280.88
2987000   283.767
2988000   285.636
2989000   288.606
2990000    289.72
2991000   290.615
2992000   291.018
2993000   293.019
2994000   288.342
2995000   287.218
2996000   284.712
2997000   289.687
2998000   289.919
2999000   291.116
3000000   288.652
3001000   283.298
3002000   280.116
3003000     279.7
3004000   283.466
3005000   286.913
3006000   285.396
3007000   288.106
3008000    287.09
3009000   290.105
3010000   286.912
3011000   284.388
3012000   288.331
3013000   287.623
3014000   293.117
3015000   283.034
3016000   281.331
3017000   282.652
3018000   285.772
3019000   293.304
3020000   292.202
3021000   291.406
3022000    289.34
3023000   287.784
3024000    286.55
3025000   294.227
3026000   295.326
3027000   289.304
3028000   293.098
3029000   291.233
3030000   289.797
3031000   289.523
3032000   295.483
3033000   298.204
3034000   299.638
3035000   297.329
3036000   291.829
3037000   295.173
3038000   293.902
3039000   291.133
3040000   289.352
3041000   289.198
3042000   295.778
3043000   301.317
3044000   296.868
3045000   297.397
3046000   296.705
3047000   300.794
3048000   295.779
3049000   291.857
3050000   298.136
3051000   298.583
3052000   298.035
3053000   296.175
3054000   300.194
3055000   296.356
3056000   295.072
3057000   302.192
3058000   299.441
3059000   293.917
3060000   289.091
3061000   291.372
3062000   294.509
3063000   298.413
3064000   291.213
3065000   295.174
3066000   290.123
3067000    294.79
3068000   292.275
3069000   294.048
3070000   295.457
3071000   301.362
3072000   299.894
3073000   298.101
3074000   294.275
3075000   293.723
3076000   294.181
3077000   296.316
3078000   291.124
3079000   294.204
3080000   293.615
3081000   294.664
3082000   297.533
3083000   300.288
3084000   295.256
3085000   294.022
3086000   295.136
3087000   298.066
3088000   296.291
3089000   293.729
3090000   296.426
3091000   287.866
3092000   286.675
3093000   290.468
3094000   292.313
3095000   291.295
3096000   290.166
3097000   293.745
3098000   295.566
3099000    293.55
3100000   292.508
3101000   296.267
3102000   292.816
3103000   289.377
3104000   293.228
3105000    287.29
3106000   290.037
3107000   291.211
3108000   299.089
3109000   304.234
3110000   306.191
3111000   299.698
3112000   297.287
3113000     294.5
3114000   291.513
3115000   289.615
3116000   287.931
3117000   291.486
3118000   288.396
3119000   288.397
3120000   286.152
3121000   288.663
3122000   295.118
3123000   296.844
3124000   298.279
3125000   297.439
3126000   295.498
3127000   290.402
3128000   290.985
3129000   295.062
3130000   297.199
3131000   296.788
3132000   299.192
3133000   294.309
3134000   295.675
3135000   292.589
3136000   294.381
3137000   294.798
3138000   291.684
3139000   290.477
3140000   290.111
3141000   289.443
3142000   294.383
3143000   291.416
3144000   291.724
3145000    294.12
3146000   291.362
3147000   292.574
3148000   295.763
3149000   293.913
3150000   295.476
3151000   295.302
3152000   298.743
3153000   289.151
3154000   292.386
3155000    292.46
3156000   295.247
3157000   294.692
3158000   301.184
3159000   300.588
3160000   299.816
3161000   291.123
3162000   287.763
3163000    288.16
3164000   286.687
3165000   289.103
3166000   293.284
3167000   285.685
3168000   285.466
3169000   286.052
3170000    290.37
3171000   288.857
3172000   286.699
3173000   289.362
3174000   287.811
3175000   291.715
3176000   291.416
3177000   294.133
3178000   293.756
3179000   290.238
3180000   285.093
3181000   295.607
3182000   297.974
3183000   294.898
3184000   291.077
3185000   291.403
3186000   289.183
3187000   293.178
3188000   291.091
3189000   291.226
3190000   289.126
3191000    288.87
3192000   287.809
3193000   282.551
3194000   284.358
3195000   282.875
3196000   283.161
3197000   288.137
3198000   291.692
3199000   294.411
3200000   294.679
3201000   290.669
3202000   287.438
3203000   288.494
3204000   287.408
3205000   285.152
3206000   283.021
3207000     289.8
3208000    283.21
3209000   286.091
3210000   287.378
3211000    287.14
3212000   282.327
3213000   280.376
3214000   279.747
3215000   282.356
3216000   289.749
3217000   292.639
3218000   288.271
3219000   286.266
3220000   287.536
3221000   288.873
3222000   284.884
3223000   287.518
3224000   284.617
3225000   284.573
3226000   284.986
3227000   284.124
3228000   288.962
3229000   286.506
3230000   289.188
3231000   289.962
3232000   291.202
3233000    285.34
3234000   287.957
3235000   290.915
3236000   289.453
3237000   292.838
3238000   287.679
3239000   290.978
3240000   295.252
3241000   296.312
3242000   296.398
3243000   302.393
3244000   301.635
3245000   303.013
3246000   305.291
3247000   306.351
3248000   299.417
3249000   301.309
3250000   296.354
3251000   286.556
3252000   289.579
3253000    290.44
3254000   291.151
3255000   290.747
3256000   286.817
3257000   291.526
3258000   285.888
3259000   289.383
3260000   293.458
3261000    290.45
3262000   290.429
3263000    288.94
3264000   286.241
3265000   287.056
3266000   287.421
3267000   293.696
3268000    289.97
3269000   284.706
3270000    285.48
3271000   284.731
3272000   288.374
3273000   285.988
3274000   287.385
3275000   283.084
3276000    287.63
3277000   289.613
3278000   292.868
3279000   291.551
3280000   295.314
3281000   289.762
3282000   289.717
3283000   286.872
3284000    289.42
3285000   286.403
3286000   292.926
3287000   290.495
3288000   296.988
3289000   293.602
3290000   294.197
3291000   286.201
3292000   285.417
3293000   286.693
3294000   285.009
3295000   286.891
3296000   283.767
3297000   288.464
3298000   292.074
3299000   287.823
3300000   295.325
3301000   294.187
3302000    290.67
3303000   294.903
3304000   289.552
3305000   286.098
3306000   286.654
3307000   293.562
3308000   293.177
3309000   288.703
3310000   294.047
3311000   289.745
3312000   295.026
3313000   290.078
3314000   297.502
3315000   295.898
3316000     296.7
3317000   295.563
3318000   293.971
3319000   299.758
3320000   297.336
3321000   300.522
3322000   296.959
3323000    301.03
3324000   296.848
3325000   294.184
3326000   286.283
3327000   293.715
3328000    296.64
3329000   298.783
3330000   296.648
3331000   297.242
3332000   290.618
3333000   291.612
3334000   295.892
3335000   296.087
3336000   293.836
3337000   290.326
3338000   291.795
3339000   293.309
3340000   294.288
3341000   299.892
3342000   303.912
3343000   301.497
3344000   300.607
3345000   304.311
3346000   300.741
3347000   298.125
3348000   294.309
3349000   292.239
3350000   293.948
3351000    294.69
3352000   299.804
3353000   296.235
3354000   290.848
3355000   292.221
3356000   293.076
3357000   295.863
3358000   297.116
3359000   294.891
3360000   294.896
3361000    293.33
3362000   294.571
3363000   290.815
3364000   293.353
3365000   294.552
3366000   291.053
3367000   291.834
3368000   288.627
3369000   288.199
3370000   289.209
3371000   287.292
3372000   293.547
3373000   295.147
3374000   294.083
3375000   291.924
3376000   289.316
3377000    287.19
3378000   295.044
3379000   293.577
3380000   285.827
3381000   287.564
3382000   293.646
3383000   292.435
3384000    293.54
3385000   289.558
3386000   286.684
3387000   285.655
3388000   287.314
3389000   286.252
3390000   282.732
3391000   286.621
3392000   293.236
3393000   299.408
3394000   299.341
3395000   299.444
3396000   298.084
3397000   292.615
3398000   290.112
3399000   287.585
3400000   291.595
3401000   295.755
3402000   295.603
3403000   305.248
3404000   301.263
3405000   293.752
3406000   295.153
3407000   299.517
3408000   298.482
3409000   291.764
3410000    293.61
3411000   293.474
3412000   297.824
3413000   295.375
3414000   298.638
3415000   294.876
3416000   292.216
3417000   299.384
3418000   298.821
3419000   296.968
3420000   290.003
3421000   293.565
3422000   289.201
3423000   292.282
3424000   287.799
3425000   288.073
3426000   287.395
3427000   287.962
3428000   287.576
3429000    281.51
3430000   285.865
3431000   289.074
3432000   286.279
3433000   285.429
3434000   288.382
3435000   291.134
3436000   293.144
3437000   291.383
3438000   293.902
3439000   296.695
3440000   293.604
3441000   293.664
3442000   295.599
3443000   295.514
3444000   295.835
3445000   293.994
3446000   292.001
3447000   290.543
3448000   293.088
3449000     295.8
3450000   291.665
3451000   290.343
3452000   285.493
3453000   292.238
3454000   293.064
3455000    296.96
3456000   294.201
3457000   297.757
3458000   292.362
3459000   289.038
3460000   293.411
3461000   298.573
3462000   292.631
3463000   293.116
3464000   293.566
3465000   293.713
3466000   296.494
3467000   300.871
3468000   296.425
3469000   293.106
3470000   296.467
3471000   292.056
3472000   294.433
3473000   293.546
3474000   298.999
3475000   301.035
3476000   295.126
3477000   299.953
3478000   298.547
3479000    298.45
3480000   293.746
3481000   290.016
3482000    288.86
3483000   289.478
3484000   296.893
3485000   293.869
3486000   293.835
3487000   295.635
3488000   296.512
3489000   297.043
3490000   293.057
3491000   295.321
3492000   295.805
3493000   297.518
3494000   300.161
3495000   300.537
3496000   301.051
3497000    295.59
3498000   293.919
3499000    293.36
3500000   288.632
3501000   293.355
3502000   296.421
3503000   297.011
3504000   296.243
3505000   288.331
3506000   284.501
3507000   286.658
3508000   294.068
3509000   292.367
3510000    295.69
3511000   294.146
3512000   290.515
3513000   287.282
3514000   292.271
3515000   287.952
3516000   285.506
3517000   279.059
3518000   285.378
3519000   287.594
3520000   287.087
3521000    286.23
3522000   285.652
3523000    284.58
3524000   285.052
3525000    285.29
3526000    284.31
3527000    286.92
3528000   285.905
3529000   290.627
3530000   287.245
3531000   286.071
3532000   283.022
3533000   291.984
3534000   293.198
3535000   291.762
3536000   292.292
3537000   289.789
3538000   287.465
3539000   290.038
3540000   288.627
3541000   291.994
3542000    288.68
3543000   288.203
3544000   293.941
3545000   293.781
3546000   293.761
3547000   296.362
3548000   291.452
3549000   293.978
3550000   289.109
3551000   292.942
3552000   298.675
3553000   299.023
3554000   303.648
3555000   299.615
3556000   296.708
3557000   291.326
3558000   290.332
3559000   295.119
3560000   295.105
3561000   293.401
3562000   292.667
3563000   297.878
3564000   295.388
3565000   296.385
3566000   298.379
3567000    303.45
3568000   300.415
3569000   301.061
3570000   298.112
3571000   301.968
3572000   292.678
3573000   297.496
3574000   297.977
3575000   299.121
3576000   295.431
3577000   293.865
3578000    290.02
3579000   286.007
3580000   287.669
3581000   291.335
3582000   298.123
3583000   296.338
3584000   295.025
3585000   294.892
3586000     294.1
3587000   290.666
3588000   281.513
3589000   285.227
3590000   278.967
3591000   281.903
3592000   286.071
3593000   284.694
3594000   285.688
3595000   290.704
3596000   291.072
3597000   286.021
3598000   290.255
3599000   287.593
3600000    285.81
3601000   288.396
3602000   291.962
3603000   288.708
3604000   289.249
3605000   290.964
3606000   290.715
3607000   287.541
3608000   283.446
3609000   287.661
3610000   289.138
3611000    286.53
3612000   291.937
3613000    288.98
3614000   289.315
3615000   285.313
3616000   284.244
3617000   286.142
3618000   285.587
3619000   288.698
3620000   285.118
3621000    283.58
3622000   289.683
3623000   283.571
3624000   288.978
3625000   284.297
3626000   287.086
3627000   291.321
3628000   285.077
3629000   286.506
3630000   287.524
3631000   283.545
3632000   281.437
3633000   282.946
3634000   281.454
3635000   285.356
3636000   289.264
3637000   285.339
3638000   290.842
3639000   291.521
3640000   291.427
3641000   296.255
3642000   297.711
3643000   294.986
3644000   300.779
3645000    290.27
3646000   289.981
3647000   287.071
3648000   286.681
3649000   285.672
3650000   290.849
3651000   290.111
3652000   293.379
3653000   292.813
3654000   293.413
3655000   289.589
3656000   294.776
3657000   293.428
3658000    292.69
3659000   290.759
3660000   295.328
3661000   293.448
3662000   294.067
3663000   297.642
3664000   291.034
3665000   291.006
3666000   301.637
3667000   295.655
3668000   294.698
3669000   289.878
3670000   288.404
3671000   286.836
3672000   284.644
3673000   290.033
3674000   288.674
3675000   288.848
3676000   290.385
3677000   290.198
3678000   292.838
3679000   285.497
3680000   293.999
3681000   292.895
3682000   289.093
3683000    297.33
3684000   290.865
3685000   293.522
3686000   293.465
3687000   295.346
3688000   292.784
3689000   293.793
3690000   294.802
3691000   286.405
3692000   289.056
3693000   284.876
3694000   290.027
3695000   291.529
3696000    291.67
3697000   287.195
3698000   284.828
3699000    279.05
3700000   278.659
3701000   284.669
3702000   286.924
3703000    283.02
3704000   290.621
3705000   293.636
3706000   294.477
3707000   297.591
3708000   290.303
3709000   290.856
3710000   290.815
3711000   289.358
3712000   290.699
3713000   291.297
3714000   290.958
3715000   287.113
3716000    286.42
3717000   286.478
3718000   285.569
3719000   289.558
3720000   286.651
3721000   285.243
3722000   287.348
3723000   292.232
3724000   294.584
3725000   298.683
3726000   294.385
3727000   292.727
3728000   292.403
3729000   288.333
3730000   295.951
3731000   290.294
3732000   292.855
3733000   298.602
3734000   297.724
3735000   295.425
3736000   299.186
3737000   291.713
3738000   292.671
3739000   293.984
3740000   294.216
3741000   293.073
3742000    294.81
3743000   295.919
3744000   291.837
3745000   293.577
3746000   290.088
3747000   293.582
3748000   294.716
3749000   294.219
3750000   296.609
3751000   299.448
3752000   299.163
3753000   298.657
3754000   295.801
3755000   298.218
3756000   297.233
3757000    294.12
3758000   301.611
3759000   298.232
3760000   297.826
3761000   294.422
3762000   297.461
3763000    291.13
3764000   287.441
3765000   292.021
3766000   291.645
3767000   295.437
3768000   292.275
3769000    284.44
3770000   288.228
3771000   290.644
3772000   290.127
3773000   292.916
3774000   287.877
3775000    288.89
3776000   290.631
3777000   290.985
3778000   291.611
3779000   296.424
3780000   294.108
3781000   292.028
3782000   288.153
3783000   292.143
3784000   289.045
3785000   294.404
3786000   289.361
3787000   289.904
3788000   292.643
3789000   292.668
3790000    287.28
3791000   289.119
3792000   296.965
3793000   294.292
3794000   292.148
3795000   290.023
3796000   287.073
3797000    288.17
3798000   300.832
3799000   297.952
3800000    291.69
3801000   289.939
3802000   294.695
3803000   294.282
3804000   292.537
3805000   293.455
3806000   295.106
3807000   296.364
3808000   298.403
3809000    293.92
3810000   292.843
3811000   296.662
3812000   294.778
3813000   295.301
3814000   295.885
3815000   292.568
3816000   288.182
3817000   287.673
3818000    287.19
3819000   291.258
3820000   293.882
3821000    293.28
3822000   292.442
3823000   300.825
3824000   298.141
3825000   297.885
3826000    294.86
3827000   296.092
3828000   299.533
3829000   291.659
3830000   289.047
3831000    294.21
3832000   297.953
3833000   293.735
3834000   299.274
3835000   291.617
3836000   292.491
3837000   290.067
3838000    287.33
3839000   293.184
3840000   293.052
3841000   283.761
3842000   288.459
3843000   288.094
3844000   289.455
3845000   285.546
3846000   287.359
3847000   289.617
3848000   290.349
3849000   285.658
3850000   291.153
3851000   292.125
3852000   288.532
3853000   286.412
3854000   288.004
3855000   285.907
3856000   287.254
3857000   291.422
3858000   288.774
3859000   290.913
3860000   298.561
3861000   299.164
3862000   295.647
3863000   293.654
3864000   292.052
3865000   286.083
3866000   290.667
3867000   291.344
3868000   298.631
3869000   294.175
3870000    292.64
3871000   295.432
3872000   291.536
3873000   290.761
3874000   297.015
3875000   292.663
3876000   294.283
3877000   289.435
3878000   295.992
3879000   293.461
3880000   292.923
3881000   294.844
3882000   298.067
3883000   293.614
3884000   292.983
3885000   294.068
3886000   289.463
3887000   285.041
3888000   283.824
3889000   288.553
3890000   291.899
3891000   293.736
3892000   291.269
3893000   288.073
3894000   289.633
3895000   289.888
3896000   289.081
3897000   287.936
3898000    293.24
3899000   290.481
3900000   289.422
3901000   290.258
3902000   289.552
3903000   284.548
3904000    291.19
3905000   288.997
3906000   286.902
3907000   287.565
3908000   289.397
3909000   291.359
3910000   292.035
3911000   289.553
3912000   293.993
3913000    295.81
3914000   299.118
3915000   296.959
3916000   295.273
3917000   296.535
3918000   300.205
3919000   301.996
3920000   297.759
3921000   290.638
3922000   291.652
3923000   293.786
3924000   294.877
3925000   292.996
3926000   294.322
3927000   294.417
3928000   294.308
3929000   296.322
3930000    293.78
3931000   285.454
3932000    291.23
3933000   291.112
3934000   297.747
3935000   294.352
3936000   291.771
3937000   295.053
3938000   299.059
3939000   298.928
3940000   300.306
3941000   290.849
3942000   296.256
3943000   295.926
3944000   298.492
3945000   297.679
3946000   290.005
3947000   290.291
3948000   289.757
3949000   290.152
3950000   296.034
3951000   295.815
3952000   296.363
3953000   297.569
3954000   297.895
3955000   293.154
3956000   292.933
3957000     291.9
3958000   290.105
3959000   287.828
3960000   282.397
3961000   289.544
3962000   287.735
3963000   292.567
3964000   285.657
3965000   283.541
3966000   291.987
3967000   289.371
3968000   294.526
3969000   289.049
3970000   287.301
3971000   283.587
3972000   290.881
3973000    293.35
3974000   290.012
3975000   287.511
3976000   284.628
3977000   285.415
3978000   287.144
3979000   289.282
3980000   288.636
3981000   283.333
3982000   286.592
3983000    283.82
3984000   281.821
3985000   279.732
3986000   281.281
3987000   286.161
3988000    284.13
3989000   282.346
3990000   285.857
3991000   283.206
3992000    288.62
3993000   286.273
3994000   287.309
3995000   285.954
3996000   285.191
3997000    288.21
3998000   286.005
3999000    287.04
4000000   286.297
4001000   282.648
4002000   286.812
4003000   292.396
4004000   290.149
4005000   285.703
4006000   279.618
4007000   283.393
4008000   285.331
4009000   283.377
4010000   285.333
4011000   291.002
4012000    285.76
4013000   283.955
4014000   287.318
4015000   288.071
4016000   285.871
4017000    287.22
4018000   283.502
4019000   290.471
4020000   295.481
4021000   293.065
4022000   290.777
4023000   289.544
4024000    289.26
4025000   288.688
4026000   290.649
4027000   292.395
4028000    288.99
4029000    293.19
4030000   288.789
4031000   288.513
4032000   287.611
4033000   288.571
4034000   282.949
4035000   283.884
4036000   289.822
4037000   291.582
4038000   289.404
4039000   287.604
4040000   292.875
4041000   290.809
4042000   290.146
4043000   288.536
4044000    286.26
4045000   289.961
4046000   289.398
4047000   291.195
4048000   292.423
4049000   289.933
4050000   293.139
4051000    287.96
4052000   285.211
4053000   288.335
4054000    286.07
4055000   288.152
4056000   279.015
4057000   280.181
4058000   284.075
4059000   281.309
4060000   287.313
4061000   289.215
4062000   286.007
4063000   287.285
4064000   286.982
4065000   288.089
4066000   283.323
4067000   283.237
4068000   285.345
4069000   291.593
4070000   284.796
4071000   284.909
4072000   288.113
4073000   291.325
4074000   287.084
4075000   290.091
4076000   290.259
4077000   289.134
4078000   286.788
4079000   289.567
4080000   292.625
4081000    291.82
4082000   294.655
4083000    295.99
4084000   290.498
4085000   295.014
4086000   297.981
4087000   300.623
4088000    296.51
4089000   296.026
4090000   296.667
4091000    293.34
4092000   294.317
4093000   287.689
4094000   286.045
4095000   290.301
4096000   291.015
4097000   288.888
4098000   289.509
4099000   286.942
4100000   284.838
4101000   287.665
4102000   288.938
4103000    294.16
4104000   287.083
4105000   291.013
4106000   294.256
4107000   292.727
4108000    296.11
4109000   295.237
4110000   294.125
4111000   291.908
4112000   294.228
4113000   298.365
4114000   296.197
4115000   297.713
4116000   297.368
4117000   295.218
4118000   291.078
4119000   293.118
4120000   292.747
4121000    296.39
4122000   293.949
4123000   291.632
4124000   292.681
4125000   291.987
4126000   293.581
4127000   289.964
4128000   291.806
4129000   296.926
4130000   293.937
4131000   295.662
4132000   298.127
4133000   295.055
4134000   296.088
4135000   296.489
4136000   297.061
4137000   294.711
4138000   300.337
4139000   298.905
4140000   291.612
4141000   293.282
4142000   298.578
4143000   290.589
4144000   293.401
4145000   296.151
4146000   297.717
4147000   295.974
4148000   296.235
4149000   293.806
4150000   291.705
4151000   294.713
4152000   294.604
4153000   291.293
4154000   288.001
4155000   288.441
4156000   288.744
4157000    288.66
4158000   287.948
4159000   286.606
4160000   291.006
4161000   292.888
4162000   292.601
4163000     288.5
4164000   297.522
4165000   289.221
4166000   286.898
4167000   294.158
4168000    296.67
4169000   302.653
4170000   298.475
4171000   299.222
4172000   293.645
4173000   292.375
4174000   294.182
4175000   302.717
4176000   299.228
4177000    298.57
4178000   298.316
4179000   300.748
4180000   298.185
4181000   295.895
4182000   300.556
4183000   303.762
4184000   298.224
4185000   294.817
4186000   298.889
4187000   295.872
4188000   296.098
4189000   291.087
4190000   292.537
4191000   288.079
4192000     292.6
4193000   293.421
4194000   294.337
4195000   290.939
4196000   286.955
4197000   288.599
4198000   287.695
4199000   290.111
4200000    291.74
4201000   294.559
4202000   292.629
4203000   292.186
4204000   290.469
4205000   289.058
4206000   288.273
4207000    293.85
4208000   292.099
4209000   294.903
4210000   295.798
4211000   290.084
4212000   294.431
4213000   295.561
4214000   295.626
4215000   297.447
4216000   296.135
4217000   290.484
4218000   291.411
4219000   300.534
4220000   301.604
4221000   299.338
4222000    297.17
4223000   294.091
4224000   298.444
4225000   291.991
4226000   294.429
4227000   290.543
4228000   289.503
4229000   287.977
4230000   288.883
4231000   289.531
4232000   288.204
4233000   288.259
4234000   290.968
4235000   290.006
4236000   293.782
4237000   293.122
4238000   293.282
4239000   293.209
4240000   296.545
4241000   289.753
4242000   288.874
4243000   284.229
4244000    287.73
4245000   291.488
4246000   295.127
4247000   292.638
4248000   289.782
4249000    292.98
4250000   296.808
4251000   295.256
4252000   294.867
4253000    298.79
4254000   297.667
4255000   297.845
4256000   301.917
4257000   295.154
4258000   294.343
4259000   295.654
4260000   296.244
4261000   295.619
4262000    293.81
4263000   292.736
4264000   293.198
4265000   292.568
4266000   295.296
4267000   288.638
4268000   291.242
4269000   291.746
4270000   294.624
4271000   295.293
4272000   296.382
4273000   294.251
4274000    292.18
4275000   293.179
4276000   294.919
4277000   291.792
4278000   289.531
4279000   289.082
4280000   284.304
4281000   286.476
4282000    291.99
4283000   291.292
4284000   290.924
4285000   297.966
4286000   301.432
4287000   296.597
4288000   297.712
4289000   301.687
4290000   299.264
4291000   292.724
4292000   294.828
4293000   295.205
4294000   293.696
4295000   289.701
4296000   288.524
4297000   287.991
4298000   291.363
4299000   292.233
4300000   290.432
4301000   290.694
4302000    295.53
4303000   291.517
4304000   288.621
4305000   293.516
4306000   287.772
4307000   292.748
4308000   291.756
4309000   292.155
4310000   289.571
4311000   284.745
4312000   286.669
4313000   291.742
4314000   288.926
4315000   291.586
4316000   296.927
4317000   290.921
4318000   287.503
4319000   290.665
4320000   293.544
4321000   298.199
4322000   297.719
4323000   296.957
4324000    292.88
4325000   293.908
4326000   294.892
4327000   296.834
4328000   292.561
4329000   290.762
4330000    289.87
4331000   288.163
4332000   289.051
4333000   292.579
4334000   288.943
4335000   293.855
4336000    291.87
4337000   289.823
4338000   295.071
4339000   295.549
4340000   294.689
4341000   292.923
4342000   289.976
4343000   294.241
4344000   295.834
4345000   292.064
4346000   292.358
4347000   289.219
4348000    286.55
4349000   289.312
4350000   289.396
4351000    285.06
4352000   290.256
4353000   294.503
4354000   292.108
4355000   290.954
4356000   295.276
4357000   298.888
4358000   291.636
4359000   293.035
4360000   289.535
4361000   290.395
4362000   290.907
4363000   291.696
4364000   289.993
4365000    289.99
4366000   294.898
4367000   291.371
4368000   295.948
4369000    296.62
4370000     301.1
4371000   305.557
4372000   302.157
4373000   297.125
4374000   291.146
4375000   289.774
4376000   294.387
4377000   292.859
4378000   284.883
4379000   287.436
4380000   286.755
4381000   284.052
4382000   283.285
4383000   284.942
4384000   292.073
4385000   291.463
4386000   295.497
4387000    296.85
4388000   294.362
4389000   290.503
4390000   294.005
4391000   294.671
4392000   296.026
4393000   297.078
4394000   297.021
4395000   300.283
4396000   297.078
4397000   294.709
4398000   295.771
4399000   295.339
4400000   296.102
4401000    292.99
4402000   294.974
4403000   295.634
4404000   298.169
4405000   295.038
4406000   293.273
4407000   295.689
4408000   300.242
4409000   298.366
4410000   296.296
4411000   299.712
4412000   299.335
4413000   298.205
4414000   292.483
4415000   295.323
4416000   296.771
4417000   294.737
4418000   290.099
4419000   292.348
4420000   294.617
4421000   292.623
4422000   294.255
4423000   295.218
4424000   298.052
4425000   298.656
4426000   297.858
4427000   290.959
4428000   298.853
4429000   296.979
4430000   304.254
4431000   302.116
4432000   299.149
4433000   303.006
4434000   299.838
4435000   297.356
4436000   292.901
4437000   292.013
4438000   295.186
4439000   296.286
4440000   298.887
4441000   293.025
4442000   288.305
4443000    288.82
4444000    295.01
4445000   298.234
4446000   301.651
4447000   297.734
4448000   294.469
4449000   299.034
4450000    299.66
4451000   291.994
4452000   294.341
4453000   296.386
4454000   296.495
4455000   294.064
4456000   293.994
4457000   289.337
4458000    289.01
4459000   289.002
4460000   286.092
4461000   288.763
4462000   290.618
4463000   294.947
4464000   292.253
4465000   291.484
4466000   290.293
4467000   294.587
4468000   299.127
4469000   300.812
4470000   295.838
4471000   293.779
4472000   301.768
4473000   301.068
4474000   297.459
4475000   297.445
4476000    292.42
4477000   293.839
4478000   297.399
4479000   293.125
4480000   296.198
4481000   296.758
4482000   299.844
4483000    295.88
4484000   292.706
4485000   291.614
4486000    293.15
4487000   293.715
4488000   292.732
4489000   293.797
4490000   296.385
4491000   295.948
4492000   297.137
4493000   298.871
4494000   299.244
4495000   293.943
4496000   292.385
4497000   291.807
4498000   298.102
4499000   295.752
4500000   294.459
4501000   299.042
4502000   294.532
4503000   298.679
4504000   299.675
4505000   297.003
4506000   294.799
4507000   301.402
4508000   295.854
4509000   293.169
4510000   296.648
4511000   296.687
4512000   291.168
4513000    285.39
4514000   290.197
4515000   287.153
4516000   286.849
4517000   290.852
4518000   292.121
4519000   291.767
4520000   294.988
4521000   290.131
4522000   293.896
4523000   292.859
4524000    301.49
4525000   294.558
4526000    291.53
4527000   285.155
4528000   289.374
4529000    284.85
4530000   288.999
4531000   292.089
4532000    288.82
4533000   293.305
4534000   287.916
4535000   291.184
4536000   289.623
4537000   291.093
4538000   287.602
4539000   289.425
4540000   291.899
4541000   281.222
4542000   285.457
4543000   288.742
4544000   288.326
4545000   291.294
4546000   292.014
4547000   299.139
4548000   295.861
4549000    295.41
4550000   299.522
4551000   298.712
4552000   294.302
4553000   293.649
4554000   294.705
4555000   290.184
4556000   292.195
4557000   292.083
4558000   294.014
4559000    299.84
4560000   294.113
4561000   287.086
4562000   293.067
4563000    288.61
4564000   288.829
4565000   296.569
4566000   296.159
4567000   292.367
4568000   291.461
4569000   292.988
4570000   293.856
4571000   283.916
4572000    284.95
4573000   289.361
4574000   286.437
4575000   289.558
4576000   292.887
4577000   299.678
4578000   296.572
4579000   292.518
4580000   298.196
4581000   293.078
4582000   292.539
4583000    291.55
4584000    285.86
4585000   287.908
4586000    290.61
4587000   284.462
4588000   288.925
4589000   290.673
4590000   290.029
4591000   284.665
4592000   290.105
4593000     291.6
4594000    293.57
4595000   297.727
4596000   298.321
4597000   295.705
4598000   298.016
4599000   300.035
4600000   298.083
4601000   295.868
4602000       295
4603000   288.953
4604000   289.716
4605000   285.597
4606000   286.656
4607000   283.446
4608000   282.148
4609000   285.534
4610000    286.22
4611000    287.08
4612000   287.355
4613000   285.955
4614000   280.724
4615000   283.651
4616000    284.06
4617000   287.574
4618000   294.976
4619000   297.432
4620000   297.774
4621000   302.822
4622000   297.918
4623000   303.446
4624000   301.646
4625000   296.559
4626000   299.252
4627000   296.233
4628000   297.815
4629000   302.465
4630000   297.255
4631000   299.949
4632000   295.758
4633000   298.898
4634000   298.305
4635000   296.073
4636000   293.467
4637000   288.754
4638000    290.89
4639000   292.929
4640000   294.385
4641000   288.912
4642000   295.212
4643000   296.503
4644000   299.735
4645000    297.27
4646000   296.334
4647000   297.368
4648000   298.486
4649000   297.739
4650000   291.301
4651000   292.785
4652000   293.628
4653000   290.869
4654000   292.669
4655000   289.625
4656000   290.965
4657000   285.988
4658000   289.727
4659000    296.16
4660000    294.92
4661000   291.492
4662000   294.495
4663000   290.135
4664000   287.254
4665000   288.741
4666000   286.772
4667000   291.243
4668000   290.865
4669000   289.846
4670000     287.6
4671000   292.482
4672000   294.935
4673000   295.879
4674000   297.883
4675000   292.986
4676000   293.412
4677000   292.168
4678000   293.808
4679000   294.373
4680000   298.472
4681000   296.489
4682000   292.541
4683000   290.258
4684000   285.679
4685000   284.567
4686000   284.663
4687000   288.983
4688000   292.317
4689000   289.082
4690000   295.147
4691000   291.798
4692000   292.342
4693000    296.56
4694000   292.094
4695000   292.624
4696000   294.436
4697000   289.321
4698000   286.103
4699000    293.36
4700000   289.882
4701000   296.887
4702000   301.624
4703000   302.306
4704000   298.793
4705000   295.958
4706000   294.811
4707000   290.005
4708000    295.31
4709000   294.174
4710000   293.186
4711000   299.051
4712000    295.56
4713000    292.22
4714000   291.548
4715000   288.376
4716000   293.044
4717000   291.067
4718000   284.249
4719000   287.882
4720000   292.003
4721000   290.906
4722000   289.077
4723000   293.299
4724000   294.545
4725000   294.245
4726000   297.617
4727000   298.839
4728000   298.183
4729000   296.349
4730000   295.817
4731000   286.262
4732000   288.453
4733000   288.388
4734000   297.057
4735000   292.455
4736000     291.4
4737000   291.917
4738000   291.829
4739000   293.209
4740000   293.129
4741000   296.062
4742000   293.964
4743000   292.918
4744000   294.404
4745000   293.478
4746000   291.325
4747000   294.591
4748000   294.345
4749000   292.208
4750000    293.54
4751000   289.319
4752000   291.326
4753000   290.938
4754000   291.693
4755000   293.642
4756000   292.857
4757000    288.62
4758000   296.182
4759000   299.541
4760000     300.6
4761000   297.359
4762000   288.968
4763000   288.752
4764000   293.073
4765000   293.077
4766000   296.571
4767000   292.947
4768000   292.601
4769000   296.446
4770000    297.68
4771000   295.684
4772000   292.054
4773000   294.683
4774000   294.027
4775000   294.934
4776000   290.003
4777000   291.753
4778000   293.577
4779000   301.479
4780000   301.368
4781000   302.221
4782000    297.73
4783000   291.783
4784000   291.914
4785000   290.778
4786000   293.429
4787000   290.531
4788000   290.727
4789000   295.249
4790000   297.629
4791000    293.38
4792000   293.483
4793000   295.654
4794000   291.524
4795000   281.766
4796000    286.19
4797000   286.938
4798000   292.975
4799000    284.25
4800000   290.206
4801000   289.063
4802000   287.408
4803000   285.638
4804000   287.804
4805000    292.17
4806000   289.987
4807000   294.051
4808000   294.289
4809000    291.52
4810000   291.972
4811000   295.706
4812000   296.358
4813000   294.744
4814000   291.223
4815000   287.119
4816000   286.951
4817000   282.669
4818000   287.976
4819000    290.54
4820000   296.839
4821000   296.258
4822000   297.146
4823000    292.12
4824000    293.47
4825000   287.136
4826000   288.358
4827000   291.466
4828000   294.596
4829000   294.005
4830000   295.298
4831000   291.767
4832000   299.062
4833000   298.025
4834000    294.02
4835000   294.159
4836000   296.532
4837000   297.291
4838000   298.771
4839000   297.782
4840000   294.105
4841000   289.714
4842000   282.513
4843000   280.027
4844000   284.836
4845000   288.619
4846000   290.013
4847000   286.456
4848000   288.222
4849000   285.509
4850000   288.326
4851000   296.435
4852000   294.598
4853000   295.119
4854000   297.575
4855000   294.994
4856000   297.783
4857000   297.898
4858000   292.713
4859000   292.211
4860000   288.176
4861000   289.382
4862000   287.895
4863000   287.878
4864000   288.927
4865000   291.457
4866000   286.104
4867000   288.372
4868000   287.823
4869000   288.188
4870000    285.85
4871000   287.845
4872000    289.27
4873000    288.75
4874000    293.16
4875000   293.495
4876000   287.776
4877000   291.746
4878000   292.975
4879000   296.085
4880000   293.148
4881000   286.456
4882000   288.153
4883000   284.583
4884000   286.238
4885000   291.652
4886000   288.439
4887000   287.293
4888000   289.464
4889000   287.344
4890000   288.041
4891000   287.611
4892000   290.735
4893000   289.426
4894000   285.533
4895000   286.663
4896000   281.604
4897000   278.144
4898000   280.339
4899000   283.045
4900000    281.81
4901000   279.574
4902000   284.695
4903000   283.574
4904000   284.617
4905000   285.643
4906000   288.213
4907000   283.199
4908000   282.837
4909000   280.223
4910000   287.774
4911000   284.552
4912000   279.559
4913000   285.263
4914000   290.112
4915000   289.054
4916000    288.38
4917000   288.134
4918000   291.631
4919000   288.284
4920000   284.851
4921000   279.158
4922000   284.859
4923000   286.939
4924000   283.845
4925000   283.314
4926000    284.03
4927000   279.374
4928000   283.216
4929000   290.967
4930000   288.771
4931000   286.698
4932000   285.815
4933000   287.789
4934000   283.336
4935000   285.744
4936000   290.093
4937000   287.263
4938000   287.749
4939000   286.531
4940000   293.139
4941000   290.236
4942000   294.911
4943000   292.306
4944000   286.035
4945000    285.03
4946000    289.81
4947000    282.17
4948000   286.313
4949000    293.14
4950000   294.434
4951000   291.865
4952000    289.07
4953000   294.706
4954000   290.615
4955000   291.265
4956000   293.392
4957000   294.446
4958000    293.37
4959000    289.77
4960000   292.762
4961000   293.313
4962000   294.753
4963000   292.502
4964000   292.418
4965000   292.811
4966000   289.789
4967000   296.075
4968000   296.115
4969000   291.851
4970000   292.128
4971000       293
4972000   290.372
4973000    290.45
4974000   290.624
4975000   292.057
4976000   290.824
4977000   296.776
4978000   290.295
4979000   290.972
4980000   293.465
4981000   294.088
4982000   291.883
4983000   290.593
4984000   289.679
4985000   291.062
4986000   288.285
4987000   294.944
4988000   292.944
4989000   285.072
4990000   292.748
4991000   295.833
4992000   290.689
4993000   293.267
4994000   292.328
4995000   290.224
4996000   286.509
4997000   289.672
4998000    289.22
4999000   291.541
5000000   288.351
