1000   304.351
2000   303.318
3000   305.731
4000   304.514
5000   303.816
6000   301.022
7000   301.433
8000     302.6
9000   312.294
10000   308.525
11000   307.507
12000   312.597
13000   305.611
14000   300.516
15000   309.716
16000   305.093
17000   307.034
18000   306.124
19000   302.416
20000   300.204
21000   302.709
22000   307.041
23000   300.363
24000    297.29
25000    303.26
26000   301.287
27000   300.258
28000   307.798
29000   302.628
30000   297.458
31000   301.035
32000   295.285
33000   298.638
34000   297.506
35000   299.101
36000   302.806
37000   302.853
38000   304.915
39000   298.322
40000   298.055
41000    307.72
42000   310.421
43000   308.893
44000   308.643
45000   305.403
46000   304.433
47000   306.724
48000    303.75
49000   303.222
50000   298.067
51000   305.814
52000    302.58
53000     302.6
54000   308.765
55000   302.519
56000   297.908
57000   300.315
58000   301.917
59000   301.873
60000   302.831
61000   302.928
62000   305.061
63000   304.285
64000   307.604
65000   308.664
66000   304.833
67000   294.312
68000   307.449
69000    318.94
70000   310.696
71000   312.049
72000    312.35
73000   308.587
74000   305.766
75000   302.398
76000   304.864
77000   308.841
78000   304.549
79000   296.951
80000   298.464
81000   302.777
82000   305.169
83000   301.817
84000   300.347
85000   296.735
86000   300.996
87000   302.711
88000   303.991
89000   307.579
90000   308.204
91000   307.743
92000   299.538
93000   301.968
94000   304.077
95000   296.949
96000   302.158
97000   293.498
98000   293.321
99000   300.778
100000   305.108
101000   305.756
102000   306.939
103000   301.113
104000   307.065
105000    308.24
106000   306.264
107000   305.269
108000   305.394
109000   306.594
110000    305.38
111000   307.055
112000   304.607
113000   300.125
114000   309.787
115000   304.821
116000   301.588
117000   299.412
118000    300.03
119000   295.965
120000    301.97
121000   300.587
122000   302.566
123000   302.542
124000   304.319
125000   306.843
126000   313.474
127000   311.017
128000   308.236
129000   305.853
130000   307.028
131000   306.778
132000   307.647
133000   306.036
134000   302.496
135000   300.626
136000   304.115
137000   301.633
138000   305.758
139000   306.647
140000    308.01
141000   303.935
142000   306.991
143000    312.99
144000   312.511
145000   306.346
146000   306.818
147000   305.997
148000   307.405
149000   307.461
150000   309.209
151000   309.681
152000    305.92
153000   316.054
154000   313.834
155000    305.52
156000   313.819
157000   305.008
158000   307.466
159000   305.926
160000   310.647
161000   311.635
162000   315.958
163000   313.909
164000   301.595
165000     296.9
166000   298.701
167000   297.326
168000   304.055
169000   310.521
170000   304.758
171000   301.229
172000   308.088
173000    307.41
174000   308.472
175000   307.478
176000   306.118
177000   303.632
178000   303.946
179000   304.922
180000   311.456
181000   307.595
182000   312.907
183000   310.944
184000   308.656
185000   310.414
186000   309.692
187000   311.421
188000   314.052
189000   312.582
190000   312.373
191000   314.617
192000   312.094
193000   311.256
194000   309.757
195000   306.495
196000   303.611
197000    303.73
198000   303.774
199000   309.325
200000   303.801
201000   306.379
202000       308
203000   306.581
204000   304.492
205000   308.841
206000   309.022
207000   304.131
208000   303.322
209000   303.425
210000   303.445
211000    305.19
212000   305.672
213000   309.001
214000   311.387
215000   312.118
216000   313.409
217000   310.608
218000   305.547
219000   312.536
220000   310.009
221000   305.879
222000   307.448
223000   303.736
224000   301.821
225000   300.875
226000   307.922
227000   306.166
228000   305.373
229000   299.903
230000    304.71
231000   301.954
232000   304.325
233000   301.538
234000   304.344
235000   310.226
236000   311.222
237000   307.045
238000   306.552
239000   304.458
240000   303.766
241000    305.04
242000   301.619
243000   303.288
244000   308.146
245000   300.529
246000   298.671
247000   301.582
248000   303.063
249000    305.69
250000   300.751
251000   302.914
252000    296.04
253000   301.429
254000   303.217
255000   303.143
256000   307.307
257000   308.392
258000   312.925
259000   308.408
260000   307.769
261000   314.469
262000   319.741
263000   314.412
264000   314.406
265000   313.176
266000   307.121
267000   310.769
268000   307.032
269000   310.845
270000   306.811
271000   303.245
272000   304.668
273000   304.117
274000    308.12
275000   305.292
276000   304.136
277000    301.48
278000   307.529
279000    306.39
280000   305.762
281000   306.176
282000   307.059
283000   301.959
284000   301.914
285000   308.631
286000    309.18
287000   310.108
288000   305.432
289000    303.12
290000   303.038
291000   308.909
292000   310.905
293000   303.697
294000   304.129
295000   305.645
296000   305.186
297000   302.442
298000   304.503
299000   301.394
300000    300.45
301000   300.864
302000   295.719
303000   297.208
304000   306.436
305000   304.715
306000   308.292
307000   309.852
308000   308.269
309000   306.244
310000   301.042
311000   303.804
312000   305.828
313000   304.167
314000    306.47
315000   305.038
316000   303.734
317000   303.659
318000   307.271
319000    310.73
320000   310.575
321000   311.938
322000   305.007
323000   306.277
324000   301.265
325000   300.672
326000    298.19
327000   304.899
328000   305.197
329000   305.725
330000   300.587
331000   303.296
332000   303.804
333000   304.899
334000   307.214
335000    297.82
336000   299.329
337000   300.255
338000   304.451
339000   309.867
340000   306.832
341000   304.076
342000   301.054
343000   300.748
344000   302.122
345000   304.614
346000   302.248
347000   306.631
348000   309.231
349000   309.387
350000   305.521
351000   307.068
352000   309.883
353000   307.665
354000     306.5
355000   308.621
356000   308.352
357000   308.777
358000   311.877
359000    311.58
360000    310.92
361000    309.26
362000   306.186
363000   302.755
364000   300.335
365000   304.071
366000   312.065
367000   309.374
368000   310.455
369000   307.166
370000   310.797
371000   314.906
372000   309.749
373000   309.219
374000    309.87
375000   302.253
376000   304.044
377000   303.173
378000   307.523
379000   313.685
380000   316.593
381000   304.913
382000    298.47
383000   302.074
384000   305.135
385000   304.124
386000    298.92
387000   309.445
388000   309.972
389000   309.053
390000    302.69
391000   302.956
392000   304.803
393000   306.775
394000   307.956
395000   311.065
396000    310.68
397000   312.653
398000   310.034
399000    307.59
400000   308.729
401000   313.774
402000   307.212
403000   309.675
404000   310.722
405000    309.85
406000   314.457
407000   310.705
408000   306.604
409000   300.879
410000   310.549
411000   307.154
412000   302.886
413000   302.167
414000   304.034
415000    302.99
416000   305.599
417000   307.779
418000   303.524
419000   300.196
420000   300.464
421000    298.61
422000   299.008
423000    300.96
424000   306.028
425000   307.079
426000   304.618
427000   308.725
428000   307.666
429000   308.789
430000   309.624
431000   302.584
432000   304.225
433000   304.882
434000    310.02
435000   305.384
436000   304.935
437000   307.222
438000   308.384
439000   312.058
440000   308.967
441000   302.036
442000   301.303
443000   303.436
444000   306.525
445000   309.103
446000   305.889
447000   307.684
448000   312.126
449000   305.187
450000   304.115
451000   306.836
452000   307.301
453000   305.394
454000   300.209
455000   302.666
456000   305.678
457000   309.717
458000   310.526
459000   310.943
460000   310.129
461000    304.74
462000   308.632
463000   309.293
464000   307.193
465000   306.966
466000   314.209
467000   308.742
468000   309.777
469000   308.964
470000   309.333
471000   305.214
472000   308.092
473000   309.629
474000   307.356
475000   305.439
476000   308.962
477000    305.51
478000    307.61
479000   297.555
480000   304.703
481000   307.901
482000   302.065
483000   306.521
484000   303.712
485000   306.083
486000   316.351
487000   312.356
488000   312.094
489000   308.992
490000   307.725
491000   310.536
492000   312.115
493000   310.271
494000   318.622
495000   316.572
496000   311.208
497000   308.671
498000   307.139
499000   301.947
500000   308.446
501000   307.275
502000   307.801
503000   303.435
504000   310.727
505000   305.834
506000   304.398
507000   303.947
508000    308.71
509000   305.297
510000   303.754
511000   303.186
512000   302.013
513000   310.051
514000    305.95
515000   299.644
516000    301.48
517000   298.766
518000    300.84
519000   299.764
520000   300.415
521000   295.528
522000   294.522
523000   299.789
524000   304.055
525000   306.185
526000   304.312
527000   300.613
528000   299.876
529000   304.143
530000   307.767
531000   308.172
532000   312.146
533000   310.344
534000   312.265
535000   302.873
536000    303.06
537000   308.127
538000   307.195
539000   304.752
540000    310.99
541000   312.668
542000   310.568
543000   309.224
544000   309.834
545000   311.926
546000   314.692
547000   308.633
548000   306.049
549000   312.561
550000   310.063
551000   314.177
552000   308.206
553000    311.55
554000   309.861
555000   310.374
556000   308.156
557000   311.304
558000   309.541
559000   313.341
560000   309.464
561000   318.102
562000   311.871
563000     314.3
564000   317.739
565000   314.212
566000   314.291
567000   315.487
568000   311.101
569000   316.264
570000   312.369
571000   316.477
572000   312.392
573000   315.805
574000   313.636
575000   305.861
576000   302.917
577000    304.73
578000   311.249
579000   306.803
580000   307.884
581000   306.566
582000   303.098
583000   303.922
584000   302.164
585000   302.995
586000   299.672
587000   304.686
588000   313.091
589000   316.668
590000   316.365
591000   312.058
592000   311.276
593000   309.852
594000   304.193
595000   303.214
596000   309.411
597000    308.31
598000   306.152
599000   311.126
600000   308.675
601000   308.383
602000   305.645
603000    307.24
604000   311.696
605000   312.198
606000   309.244
607000   308.505
608000   305.497
609000   307.504
610000   307.481
611000    306.98
612000   308.345
613000   310.601
614000   319.511
615000   312.121
616000   307.037
617000   311.096
618000   302.258
619000   306.177
620000   304.586
621000   308.854
622000     313.9
623000   314.295
624000   309.028
625000   307.573
626000   309.985
627000   310.658
628000   311.312
629000   316.701
630000   313.301
631000   306.882
632000   307.513
633000   298.959
634000   296.098
635000   296.576
636000   303.645
637000   301.688
638000   303.112
639000   307.327
640000   304.514
641000   308.265
642000     310.7
643000   312.998
644000   309.535
645000   311.597
646000   313.521
647000   310.511
648000   305.792
649000   305.627
650000   309.609
651000   304.269
652000   304.682
653000   303.062
654000   307.533
655000   304.623
656000   310.081
657000   308.698
658000   308.186
659000   308.099
660000   305.396
661000   303.575
662000   306.582
663000   304.876
664000   308.862
665000   307.608
666000   305.057
667000   306.894
668000   309.223
669000   310.343
670000   315.663
671000   315.169
672000   309.368
673000   316.019
674000   305.776
675000   302.538
676000   315.364
677000   314.616
678000   310.501
679000   310.983
680000   307.663
681000   311.441
682000    304.04
683000   306.084
684000   305.023
685000   303.261
686000   303.088
687000    302.78
688000   308.389
689000   308.327
690000   309.552
691000   311.942
692000   311.154
693000    307.77
694000   306.433
695000   305.235
696000   308.943
697000   310.047
698000   311.959
699000   312.778
700000   311.715
701000   310.485
702000   307.735
703000   309.759
704000   304.294
705000    298.33
706000   305.895
707000   309.084
708000   304.657
709000   309.222
710000   302.857
711000   303.894
712000   300.035
713000    302.55
714000   301.883
715000   300.263
716000   302.127
717000   306.912
718000   297.687
719000   296.476
720000   296.273
721000   302.648
722000   308.413
723000   306.301
724000   305.933
725000   306.859
726000   305.616
727000   311.054
728000   308.962
729000    311.88
730000   309.343
731000    315.28
732000   316.604
733000   311.883
734000   311.093
735000   310.107
736000   309.213
737000   313.734
738000   312.945
739000    314.45
740000   310.951
741000   308.901
742000   310.615
743000   306.308
744000   311.653
745000   307.195
746000   302.059
747000   301.745
748000   304.407
749000   305.495
750000   304.762
751000   306.428
752000   310.025
753000   306.639
754000   307.033
755000   312.311
756000   309.188
757000   303.945
758000   303.752
759000   309.024
760000   306.897
761000   311.249
762000   313.482
763000   308.186
764000   312.457
765000   310.702
766000   308.258
767000   307.574
768000   312.188
769000   313.063
770000   311.641
771000   305.496
772000   310.469
773000   311.152
774000   314.868
775000   312.736
776000   311.033
777000   311.435
778000   307.173
779000   306.703
780000   306.367
781000   308.973
782000   303.751
783000   304.904
784000   299.589
785000   306.091
786000   300.068
787000   308.249
788000   307.516
789000   304.632
790000   301.625
791000   303.977
792000   301.906
793000   306.026
794000   311.987
795000   309.842
796000   315.001
797000   306.905
798000   303.116
799000   307.288
800000   297.938
801000   306.719
802000    306.37
803000   305.172
804000   308.448
805000   301.561
806000   300.861
807000   300.697
808000   309.629
809000   309.227
810000   306.711
811000   312.899
812000   313.031
813000   313.809
814000   317.726
815000    311.95
816000   307.369
817000   312.811
818000   301.812
819000   301.942
820000   303.442
821000   305.168
822000   302.536
823000   310.195
824000   312.275
825000   304.652
826000   305.658
827000   302.946
828000   302.802
829000   305.678
830000   302.984
831000   306.948
832000   307.904
833000   301.767
834000   302.478
835000   308.671
836000   310.316
837000    306.64
838000   303.468
839000   305.361
840000   302.946
841000   310.379
842000   309.367
843000   303.405
844000   305.477
845000   303.609
846000   302.933
847000    304.52
848000   306.605
849000   305.807
850000   308.275
851000   310.106
852000   309.247
853000   306.171
854000   309.658
855000   311.721
856000   306.389
857000   300.852
858000   304.066
859000    308.03
860000   309.091
861000   310.888
862000   312.624
863000   314.382
864000   307.031
865000   303.863
866000   308.611
867000   308.618
868000   299.582
869000   304.791
870000   300.793
871000   302.851
872000   305.567
873000   308.555
874000   303.427
875000   293.829
876000   297.349
877000   303.023
878000   307.513
879000   305.603
880000   310.807
881000   310.169
882000   307.279
883000   299.059
884000   303.751
885000   306.285
886000   309.574
887000    306.68
888000   308.048
889000   309.226
890000   311.654
891000   315.721
892000    315.02
893000    315.24
894000   307.606
895000    314.39
896000   314.495
897000   317.033
898000   314.944
899000   312.863
900000   308.911
901000   312.247
902000   313.133
903000   304.703
904000   301.691
905000   308.397
906000   303.404
907000   303.038
908000   301.755
909000   302.171
910000       304
911000   301.899
912000   298.508
913000   296.929
914000   305.515
915000   307.108
916000   305.643
917000    304.08
918000   299.751
919000   299.439
920000   296.897
921000   292.382
922000   296.985
923000   304.347
924000   312.034
925000   313.462
926000   308.149
927000   302.707
928000   304.941
929000   308.819
930000   305.883
931000   311.339
932000   305.885
933000   304.556
934000   307.724
935000   299.979
936000   303.255
937000   310.253
938000   310.418
939000   314.729
940000   310.048
941000   307.827
942000   305.398
943000    309.06
944000   310.045
945000   309.786
946000   311.802
947000   307.414
948000   305.926
949000   300.861
950000   301.674
951000    300.96
952000   300.845
953000   298.555
954000   297.434
955000    299.69
956000   299.618
957000   298.752
958000   296.324
959000   299.855
960000   295.055
961000   295.624
962000   300.294
963000   298.971
964000   296.576
965000   302.419
966000   307.984
967000   308.535
968000   301.564
969000    312.87
970000   311.134
971000   309.275
972000   312.982
973000   301.403
974000   302.613
975000    299.53
976000   309.463
977000   313.804
978000   307.911
979000   314.337
980000   320.041
981000   310.174
982000   310.992
983000   314.493
984000    307.88
985000   310.664
986000   312.851
987000   310.436
988000   315.256
989000   313.171
990000   309.195
991000   309.254
992000   308.565
993000   303.472
994000   305.825
995000    296.25
996000   302.553
997000    303.69
998000   294.538
999000   295.284
1000000    297.54
1001000   300.388
1002000   301.986
1003000   300.586
1004000   307.819
1005000   303.829
1006000   298.719
1007000   298.569
1008000   302.242
1009000   299.686
1010000   298.117
1011000   302.537
1012000   298.288
1013000   300.742
1014000   301.357
1015000   300.427
1016000   300.111
1017000   306.238
1018000   301.433
1019000   299.183
1020000   303.231
1021000   300.165
1022000   300.682
1023000   300.865
1024000   296.489
1025000   293.539
1026000   296.236
1027000   297.806
1028000   293.709
1029000   298.162
1030000   294.999
1031000   297.027
1032000   294.811
1033000   297.986
1034000   307.736
1035000   304.068
1036000   302.489
1037000   303.686
1038000   309.795
1039000   310.115
1040000   311.761
1041000    305.85
1042000   301.495
1043000   311.888
1044000    303.61
1045000   299.103
1046000   306.601
1047000   308.096
1048000    309.05
1049000   307.121
1050000   305.061
1051000   301.666
1052000   303.971
1053000   301.135
1054000   302.268
1055000    308.03
1056000   307.835
1057000   303.796
1058000   308.617
1059000   301.873
1060000   301.753
1061000   304.614
1062000   301.807
1063000   309.128
1064000   306.274
1065000   308.269
1066000   308.986
1067000   305.309
1068000   305.429
1069000   306.894
1070000   310.053
1071000   303.371
1072000   314.484
1073000   313.096
1074000   314.333
1075000   312.577
1076000   311.045
1077000   312.332
1078000   307.573
1079000    304.15
1080000   307.089
1081000   307.428
1082000   311.599
1083000   316.615
1084000   314.725
1085000   311.781
1086000    305.99
1087000   308.574
1088000   314.226
1089000   308.316
1090000   308.033
1091000   304.831
1092000   306.745
1093000   304.586
1094000    304.17
1095000   304.175
1096000   303.727
1097000   306.023
1098000   308.313
1099000       306
1100000   307.406
1101000   306.535
1102000   309.726
1103000   308.638
1104000   308.987
1105000   308.904
1106000   312.698
1107000   313.302
1108000   316.398
1109000   314.993
1110000   309.891
1111000   313.004
1112000   313.782
1113000    310.84
1114000   312.962
1115000   307.668
1116000   306.357
1117000   314.568
1118000   313.537
1119000   306.298
1120000   311.979
1121000   307.207
1122000   309.213
1123000   314.359
1124000   311.359
1125000   311.459
1126000   310.136
1127000   306.286
1128000   308.093
1129000    306.44
1130000   311.985
1131000   312.192
1132000   314.462
1133000   308.464
1134000   309.551
1135000   313.696
1136000   308.813
1137000   310.903
1138000   309.936
1139000   304.759
1140000   309.585
1141000   307.539
1142000   306.802
1143000   305.775
1144000   309.081
1145000   305.153
1146000   304.207
1147000   310.787
1148000    297.34
1149000   298.955
1150000   301.975
1151000   305.409
1152000   309.268
1153000   309.787
1154000   310.401
1155000   304.787
1156000   306.128
1157000   307.174
1158000   309.467
1159000   309.883
1160000   307.482
1161000    310.28
1162000   304.875
1163000   305.791
1164000   304.577
1165000    308.68
1166000   308.867
1167000   310.583
1168000   312.389
1169000   316.512
1170000   314.676
1171000   311.854
1172000   311.142
1173000   306.759
1174000   298.419
1175000   299.494
1176000   298.304
1177000   306.045
1178000   306.892
1179000   301.822
1180000   305.053
1181000   304.353
1182000   306.097
1183000   303.231
1184000   310.405
1185000     305.2
1186000   306.117
1187000   306.291
1188000   306.724
1189000   305.099
1190000   302.009
1191000   308.621
1192000   304.598
1193000   304.617
1194000   305.551
1195000   306.002
1196000   307.948
1197000   304.415
1198000   307.397
1199000   303.937
1200000   306.924
1201000   308.112
1202000   307.562
1203000   303.405
1204000   308.356
1205000   310.196
1206000   311.047
1207000   313.941
1208000   310.441
1209000   305.078
1210000    306.27
1211000   309.426
1212000   305.748
1213000   305.572
1214000   307.164
1215000   305.564
1216000    304.97
1217000    305.34
1218000   301.757
1219000   310.232
1220000   306.457
1221000   306.173
1222000    304.36
1223000   304.482
1224000   307.472
1225000   307.208
1226000   303.553
1227000   299.639
1228000    302.15
1229000   298.915
1230000   302.002
1231000   300.296
1232000   299.608
1233000   302.713
1234000   303.395
1235000   309.129
1236000   309.796
1237000    313.67
1238000   318.681
1239000   318.606
1240000   314.504
1241000   314.155
1242000   311.392
1243000   306.929
1244000   303.219
1245000   303.367
1246000   307.956
1247000   306.101
1248000   310.311
1249000   307.547
1250000   306.036
1251000   311.913
1252000   309.422
1253000   302.388
1254000   302.127
1255000   306.197
1256000    299.46
1257000   300.998
1258000   305.029
1259000   299.907
1260000   299.078
1261000   301.205
1262000   309.745
1263000   307.685
1264000   309.389
1265000   307.167
1266000   307.325
1267000   311.473
1268000   307.201
1269000   313.275
1270000   312.856
1271000   310.387
1272000   312.713
1273000   307.021
1274000   311.973
1275000   303.784
1276000   308.142
1277000    305.24
1278000   303.296
1279000   307.135
1280000   306.003
1281000   308.215
1282000   304.393
1283000   309.444
1284000   305.415
1285000   305.534
1286000   304.523
1287000    307.23
1288000    301.51
1289000   305.369
1290000    305.87
1291000   299.748
1292000   304.518
1293000   307.319
1294000   304.484
1295000   302.413
1296000   305.832
1297000   307.444
1298000   306.888
1299000   303.189
1300000   303.765
1301000   303.753
1302000   297.557
1303000   301.265
1304000   300.715
1305000   298.936
1306000   301.205
1307000   299.155
1308000   303.047
1309000    304.74
1310000    304.52
1311000   304.705
1312000   309.931
1313000   307.116
1314000   309.172
1315000   311.667
1316000   310.012
1317000   310.722
1318000   305.246
1319000   307.414
1320000   304.295
1321000   309.408
1322000   305.996
1323000   310.014
1324000    311.19
1325000   306.029
1326000   301.562
1327000   303.755
1328000   304.701
1329000   299.092
1330000   299.629
1331000   302.023
1332000   304.762
1333000   301.958
1334000   301.053
1335000   297.321
1336000   300.536
1337000   291.626
1338000   293.763
1339000   294.861
1340000   295.816
1341000   298.976
1342000   296.685
1343000   297.125
1344000    296.57
1345000   297.973
1346000   296.428
1347000   300.374
1348000   295.768
1349000   300.614
1350000   300.281
1351000   304.772
1352000    301.61
1353000   308.587
1354000   310.612
1355000    309.74
1356000   307.573
1357000   306.972
1358000   306.622
1359000   303.261
1360000   304.359
1361000    306.36
1362000   313.856
1363000   300.152
1364000   303.575
1365000   304.549
1366000   302.932
1367000   304.075
1368000   296.681
1369000   303.912
1370000   304.258
1371000   307.315
1372000   304.116
1373000   302.145
1374000   306.538
1375000   301.509
1376000    297.83
1377000   301.026
1378000   309.147
1379000   305.915
1380000    302.82
1381000   303.265
1382000   298.883
1383000   302.825
1384000   300.264
1385000   300.794
1386000    300.11
1387000   299.715
1388000    300.19
1389000   303.201
1390000   306.371
1391000   307.107
1392000   306.342
1393000   306.266
1394000   303.829
1395000   304.687
1396000   303.891
1397000   300.243
1398000   308.674
1399000   304.396
1400000   302.564
1401000   303.447
1402000   302.165
1403000   301.671
1404000   294.187
1405000   297.178
1406000   297.716
1407000   310.126
1408000   310.809
1409000   307.614
1410000   303.127
1411000   308.972
1412000   313.707
1413000   313.857
1414000    307.73
1415000   310.532
1416000   314.626
1417000   313.096
1418000   313.246
1419000   315.123
1420000   307.086
1421000   307.952
1422000   307.887
1423000    308.57
1424000    309.09
1425000   317.803
1426000   312.797
1427000   305.887
1428000   306.984
1429000   309.659
1430000    305.86
1431000   306.136
1432000   308.014
1433000   302.788
1434000   303.314
1435000   302.714
1436000   305.693
1437000   305.374
1438000   302.375
1439000   309.084
1440000   311.101
1441000   313.318
1442000    306.29
1443000   301.645
1444000   309.715
1445000   312.078
1446000   308.522
1447000   310.831
1448000    307.88
1449000    310.17
1450000   307.025
1451000   308.828
1452000   311.729
1453000   313.769
1454000   312.234
1455000   310.357
1456000   308.883
1457000   311.904
1458000   310.617
1459000   303.501
1460000   307.854
1461000   309.246
1462000   312.783
1463000   315.231
1464000   311.789
1465000   311.048
1466000   314.734
1467000   318.004
1468000   309.283
1469000   309.747
1470000    312.08
1471000   308.231
1472000    313.06
1473000   312.509
1474000   312.257
1475000   312.945
1476000   312.547
1477000   304.558
1478000   309.592
1479000   309.629
1480000   304.416
1481000   307.264
1482000   303.901
1483000   305.804
1484000   309.325
1485000   303.809
1486000   306.869
1487000   310.502
1488000   310.633
1489000   309.621
1490000   304.473
1491000   306.773
1492000    302.56
1493000   299.922
1494000    298.43
1495000   300.149
1496000   300.019
1497000   304.179
1498000   306.249
1499000   308.582
1500000   305.705
1501000   304.175
1502000   299.512
1503000   301.477
1504000   299.137
1505000   308.215
1506000   304.558
1507000   303.594
1508000   303.752
1509000   303.625
1510000    305.04
1511000   305.507
1512000   298.989
1513000   302.074
1514000   299.241
1515000   301.477
1516000   299.354
1517000   308.675
1518000   303.298
1519000   305.493
1520000   314.439
1521000   313.179
1522000   311.257
1523000   312.626
1524000   314.305
1525000   312.817
1526000   312.523
1527000   314.426
1528000   315.105
1529000    310.29
1530000   304.704
1531000   306.343
1532000   311.667
1533000   305.939
1534000   312.823
1535000   311.225
1536000   311.327
1537000   310.994
1538000   310.489
1539000   306.987
1540000   307.033
1541000   303.936
1542000   299.121
1543000   301.199
1544000   310.833
1545000   304.365
1546000   309.161
1547000   310.721
1548000   302.512
1549000   308.425
1550000   311.657
1551000   306.961
1552000   305.309
1553000   301.806
1554000   302.297
1555000   304.374
1556000   309.791
1557000   308.171
1558000   307.338
1559000   302.791
1560000   306.752
1561000   305.027
1562000   311.088
1563000   311.311
1564000   304.184
1565000    303.25
1566000   309.998
1567000   315.078
1568000   310.856
1569000    306.58
1570000   312.113
1571000   311.306
1572000   312.291
1573000   313.396
1574000   305.709
1575000   308.553
1576000   311.517
1577000   303.647
1578000   299.329
1579000   297.787
1580000   297.937
1581000   296.672
1582000    299.45
1583000   304.704
1584000   308.372
1585000   307.216
1586000   306.327
1587000   304.444
1588000   310.442
1589000   311.599
1590000   310.042
1591000   310.086
1592000   309.153
1593000    306.58
1594000   305.361
1595000   303.991
1596000   303.344
1597000    305.17
1598000   300.972
1599000   304.924
1600000   303.142
1601000   296.928
1602000   301.932
1603000    301.69
1604000   303.015
1605000   306.408
1606000   308.214
1607000   308.896
1608000   310.214
1609000   312.893
1610000   307.468
1611000   302.879
1612000   300.021
1613000   302.299
1614000   303.499
1615000   310.517
1616000   307.106
1617000   311.223
1618000   305.159
1619000   310.809
1620000   310.215
1621000   304.678
1622000   301.906
1623000   309.241
1624000   311.227
1625000   310.747
1626000    310.94
1627000   313.116
1628000   313.755
1629000    309.37
1630000    305.85
1631000   306.034
1632000   303.498
1633000   304.043
1634000   307.846
1635000   309.326
1636000   305.469
1637000   305.857
1638000    307.77
1639000   311.575
1640000   308.759
1641000   308.325
1642000    312.97
1643000   309.904
1644000   308.959
1645000   316.589
1646000   311.803
1647000   306.402
1648000   309.018
1649000   311.125
1650000   311.511
1651000   308.885
1652000   307.485
1653000   299.193
1654000   299.394
1655000   306.275
1656000   302.989
1657000   302.072
1658000   299.995
1659000   299.808
1660000   303.179
1661000    302.99
1662000   302.847
1663000   302.312
1664000   305.966
1665000   300.635
1666000   298.936
1667000   299.067
1668000   295.597
1669000   298.985
1670000   298.024
1671000   299.033
1672000   298.971
1673000   305.586
1674000   306.988
1675000   300.889
1676000   296.534
1677000   305.754
1678000   305.937
1679000   311.945
1680000   313.041
1681000   310.129
1682000   306.196
1683000   312.902
1684000   301.639
1685000   307.618
1686000   299.358
1687000   300.919
1688000   297.628
1689000   296.267
1690000   301.365
1691000   308.962
1692000   313.423
1693000    307.43
1694000   305.824
1695000   304.897
1696000   309.856
1697000   303.405
1698000   305.186
1699000   303.959
1700000   303.152
1701000   306.623
1702000   306.699
1703000   309.363
1704000   303.581
1705000   304.134
1706000   306.921
1707000   303.661
1708000   302.457
1709000    300.65
1710000   303.678
1711000   311.161
1712000   314.967
1713000   306.814
1714000   306.959
1715000   308.996
1716000   312.179
1717000   309.555
1718000   311.774
1719000   310.823
1720000   307.705
1721000   309.454
1722000    308.13
1723000   309.684
1724000   303.808
1725000   309.518
1726000   311.846
1727000   308.283
1728000   303.243
1729000   305.608
1730000   314.077
1731000   314.681
1732000   308.043
1733000   310.461
1734000   308.558
1735000   306.426
1736000   309.861
1737000   312.398
1738000   315.355
1739000   309.962
1740000   309.593
1741000   305.011
1742000    305.92
1743000   307.606
1744000   311.253
1745000   308.907
1746000   307.486
1747000   309.662
1748000   309.113
1749000   310.578
1750000   315.533
1751000   317.962
1752000   316.015
1753000   312.259
1754000    310.19
1755000   310.524
1756000   310.657
1757000   308.073
1758000   307.637
1759000   313.042
1760000   311.796
1761000   310.017
1762000   309.853
1763000   310.808
1764000   309.034
1765000   310.006
1766000   305.898
1767000   305.648
1768000   309.324
1769000   304.987
1770000   306.257
1771000   307.171
1772000   301.138
1773000   306.466
1774000   306.749
1775000   313.271
1776000   312.156
1777000   313.481
1778000   305.478
1779000   298.886
1780000    300.53
1781000   304.243
1782000   305.913
1783000   307.862
1784000   301.709
1785000   306.452
1786000   313.005
1787000   316.723
1788000   312.822
1789000    307.14
1790000   312.718
1791000   310.595
1792000   314.159
1793000   305.884
1794000   308.956
1795000   301.259
1796000   300.878
1797000   305.288
1798000    302.58
1799000   304.507
1800000    298.08
1801000   301.866
1802000   304.063
1803000   307.101
1804000    306.53
1805000   310.347
1806000   309.661
1807000   319.018
1808000   309.452
1809000   304.375
1810000   310.391
1811000   311.747
1812000   308.175
1813000   313.614
1814000   312.717
1815000   310.591
1816000   311.219
1817000   311.751
1818000   314.296
1819000   311.757
1820000   312.702
1821000   313.887
1822000   314.147
1823000   301.366
1824000   308.506
1825000   306.926
1826000   307.275
1827000   310.788
1828000   313.408
1829000   310.598
1830000   310.349
1831000   309.595
1832000   305.453
1833000   301.836
1834000   306.277
1835000   308.954
1836000   303.046
1837000   308.443
1838000   302.741
1839000   299.498
1840000   302.219
1841000   306.943
1842000   312.562
1843000   310.582
1844000   312.406
1845000   315.136
1846000   311.234
1847000   300.131
1848000    305.19
1849000   305.649
1850000   304.561
1851000   310.361
1852000   310.471
1853000   304.645
1854000   303.705
1855000   305.837
1856000   307.964
1857000   307.714
1858000   308.843
1859000   308.215
1860000   310.152
1861000   305.051
1862000   306.116
1863000    307.72
1864000   306.828
1865000   304.224
1866000   308.438
1867000    312.84
1868000   317.917
1869000   307.107
1870000   310.582
1871000   308.098
1872000   311.369
1873000   308.671
1874000   305.676
1875000   312.407
1876000   311.089
1877000   310.754
1878000   311.639
1879000   311.471
1880000   311.897
1881000   313.645
1882000   311.891
1883000   311.746
1884000   314.252
1885000   306.586
1886000   314.284
1887000    313.67
1888000   313.612
1889000   314.168
1890000   317.955
1891000   318.944
1892000   320.647
1893000   318.422
1894000   322.365
1895000   315.873
1896000   311.079
1897000   312.477
1898000   309.487
1899000   307.976
1900000   313.791
1901000   313.266
1902000   309.001
1903000    309.64
1904000   312.165
1905000   311.344
1906000   310.912
1907000   314.045
1908000   308.704
1909000   311.388
1910000   306.141
1911000   308.646
1912000   308.709
1913000   310.902
1914000   310.432
1915000   304.133
1916000   303.203
1917000   303.424
1918000   307.672
1919000   306.929
1920000   304.377
1921000   299.616
1922000   294.517
1923000   300.798
1924000   302.992
1925000   300.693
1926000   304.017
1927000   306.924
1928000     308.8
1929000   305.747
1930000   305.112
1931000   305.052
1932000   304.522
1933000   305.455
1934000   304.077
1935000   307.241
1936000   306.506
1937000   306.091
1938000   313.322
1939000   309.309
1940000   311.541
1941000   312.381
1942000   308.793
1943000    306.71
1944000   296.715
1945000   301.624
1946000   299.834
1947000   301.071
1948000   307.173
1949000   311.133
1950000   307.113
1951000   300.948
1952000   299.072
1953000   302.867
1954000   302.722
1955000   307.447
1956000   309.004
1957000   302.655
1958000   306.295
1959000   308.341
1960000   306.566
1961000   310.055
1962000   316.556
1963000   314.481
1964000   310.106
1965000   311.778
1966000   308.292
1967000   306.085
1968000   304.809
1969000   306.401
1970000   304.435
1971000   308.655
1972000   305.057
1973000    307.56
1974000    305.57
1975000   304.068
1976000   303.663
1977000   302.084
1978000   308.294
1979000   307.993
1980000   311.701
1981000   304.604
1982000    297.92
1983000   300.812
1984000   296.855
1985000   298.847
1986000   306.972
1987000   303.891
1988000   303.758
1989000   304.709
1990000   303.314
1991000   307.484
1992000   300.173
1993000   299.443
1994000   294.669
1995000   304.254
1996000   303.851
1997000   306.378
1998000   302.957
1999000   300.844
2000000   298.253
2001000   303.255
2002000   303.666
2003000   303.276
2004000   299.006
2005000   298.412
2006000   302.315
2007000   300.258
2008000    301.27
2009000   298.805
2010000   301.393
2011000   300.637
2012000   306.462
2013000   308.594
2014000   306.966
2015000   299.276
2016000   296.168
2017000   295.797
2018000   300.425
2019000   303.451
2020000   297.664
2021000   305.277
2022000   301.277
2023000   306.028
2024000   304.194
2025000   309.177
2026000    309.62
2027000   310.139
2028000   310.049
2029000   303.916
2030000   309.868
2031000   307.336
2032000   308.671
2033000   308.653
2034000   303.654
2035000   303.862
2036000   309.116
2037000   309.263
2038000   306.378
2039000   307.379
2040000   313.334
2041000   305.297
2042000   304.764
2043000   310.445
2044000   311.042
2045000   309.289
2046000   307.065
2047000   302.597
2048000   301.979
2049000   302.345
2050000   308.702
2051000   303.373
2052000   301.797
2053000   302.039
2054000   307.585
2055000   305.541
2056000   305.051
2057000   313.565
2058000   308.789
2059000   314.057
2060000   311.276
2061000   312.389
2062000   314.213
2063000    314.36
2064000   311.974
2065000   306.985
2066000   308.854
2067000   306.338
2068000   309.258
2069000   311.242
2070000   312.266
2071000   313.134
2072000   310.757
2073000   311.322
2074000     300.2
2075000   303.481
2076000   307.878
2077000   305.624
2078000   303.943
2079000   309.403
2080000   302.895
2081000   304.157
2082000   302.934
2083000   304.659
2084000   306.761
2085000   310.423
2086000   306.414
2087000   305.775
2088000   307.331
2089000   312.138
2090000   310.249
2091000   307.322
2092000   309.162
2093000   311.589
2094000     308.6
2095000   308.972
2096000   309.879
2097000   313.318
2098000     317.6
2099000    313.42
2100000   313.311
2101000   305.226
2102000   303.725
2103000    302.89
2104000   304.743
2105000   302.214
2106000   305.191
2107000   302.787
2108000   308.057
2109000    306.35
2110000   304.226
2111000   308.816
2112000   310.623
2113000   307.171
2114000   307.857
2115000   306.936
2116000   306.601
2117000   307.665
2118000   311.075
2119000   311.673
2120000   314.548
2121000   312.031
2122000   315.407
2123000    312.74
2124000   311.098
2125000   309.726
2126000    307.32
2127000   306.755
2128000    303.98
2129000    307.82
2130000    308.31
2131000   304.636
2132000   308.038
2133000   309.479
2134000   308.667
2135000   304.493
2136000   304.682
2137000   304.592
2138000   301.641
2139000   301.664
2140000   306.002
2141000   300.813
2142000   303.045
2143000    304.16
2144000   306.733
2145000   305.022
2146000   306.558
2147000    303.63
2148000   302.511
2149000   307.464
2150000   310.015
2151000   310.014
2152000   306.828
2153000   310.313
2154000    302.55
2155000   303.733
2156000   304.794
2157000   302.905
2158000   307.249
2159000   308.908
2160000    313.52
2161000   308.749
2162000    306.04
2163000   308.378
2164000    308.55
2165000   312.221
2166000   308.514
2167000   302.059
2168000   304.243
2169000   306.478
2170000   309.937
2171000   311.011
2172000   304.805
2173000   305.976
2174000   307.164
2175000    311.54
2176000   308.359
2177000   303.643
2178000   303.753
2179000   308.573
2180000   305.983
2181000   301.817
2182000   306.604
2183000   304.176
2184000   301.847
2185000   310.883
2186000   306.919
2187000   305.482
2188000   306.797
2189000    313.93
2190000   310.015
2191000   307.601
2192000   304.875
2193000   304.388
2194000   307.391
2195000   307.254
2196000   307.317
2197000   304.428
2198000   308.203
2199000   309.811
2200000   305.735
2201000   309.927
2202000   308.644
2203000   304.023
2204000   305.724
2205000   305.853
2206000   298.983
2207000   300.004
2208000   304.454
2209000   311.988
2210000   310.535
2211000   314.857
2212000   316.812
2213000    321.17
2214000   318.523
2215000   310.723
2216000   311.211
2217000   314.035
2218000     314.5
2219000   305.198
2220000   312.247
2221000   315.032
2222000   314.103
2223000   312.151
2224000   313.143
2225000   311.125
2226000   308.198
2227000   306.758
2228000   309.444
2229000   312.661
2230000   314.106
2231000   307.494
2232000   314.778
2233000   318.542
2234000   315.195
2235000   318.448
2236000   313.928
2237000   308.409
2238000   308.108
2239000   307.495
2240000   305.842
2241000   310.605
2242000     309.5
2243000   309.624
2244000   307.786
2245000   305.771
2246000   307.003
2247000   301.488
2248000   303.214
2249000   300.335
2250000   297.683
2251000   298.289
2252000   302.136
2253000   302.204
2254000   303.638
2255000    303.86
2256000   298.937
2257000   299.791
2258000   299.877
2259000   304.702
2260000   302.978
2261000   308.498
2262000   305.041
2263000   300.763
2264000   305.196
2265000   302.816
2266000   310.823
2267000   312.119
2268000   309.157
2269000   304.524
2270000   302.509
2271000    304.38
2272000   305.884
2273000   302.434
2274000   310.636
2275000   307.292
2276000   309.778
2277000   305.621
2278000   304.365
2279000   308.823
2280000   306.153
2281000    307.34
2282000   305.715
2283000   306.006
2284000   302.852
2285000   299.552
2286000   301.693
2287000   301.942
2288000   300.906
2289000   301.812
2290000   298.789
2291000   299.915
2292000   304.057
2293000   307.297
2294000   308.991
2295000   307.798
2296000   306.209
2297000       307
2298000   301.129
2299000   300.263
2300000    299.98
2301000   302.454
2302000   303.633
2303000   301.791
2304000   305.671
2305000    304.92
2306000   306.951
2307000   307.871
2308000    309.98
2309000   308.959
2310000   310.435
2311000   307.451
2312000   301.327
2313000   303.793
2314000   307.191
2315000   299.468
2316000    305.47
2317000   303.467
2318000   306.367
2319000   311.606
2320000   312.001
2321000   308.143
2322000   305.216
2323000   308.214
2324000   307.253
2325000   309.668
2326000   306.723
2327000   301.315
2328000   303.382
2329000   306.957
2330000   304.936
2331000   310.624
2332000    309.57
2333000   309.129
2334000   310.279
2335000   307.062
2336000   306.792
2337000   305.871
2338000   309.209
2339000    308.89
2340000   311.473
2341000   307.782
2342000   305.855
2343000   312.202
2344000   310.646
2345000   312.884
2346000   310.777
2347000    308.67
2348000   311.227
2349000    309.57
2350000   305.471
2351000   301.601
2352000   306.283
2353000   303.458
2354000   305.913
2355000   310.928
2356000   301.588
2357000    305.33
2358000   307.894
2359000   303.162
2360000   308.192
2361000   313.887
2362000   310.276
2363000   305.165
2364000   308.871
2365000   315.846
2366000   316.758
2367000   306.117
2368000   308.384
2369000   305.115
2370000   307.987
2371000   313.158
2372000    308.68
2373000   308.262
2374000   311.572
2375000   312.162
2376000   303.049
2377000   311.891
2378000   312.114
2379000   314.186
2380000   311.763
2381000   313.362
2382000   306.309
2383000   306.937
2384000   306.294
2385000   313.574
2386000   308.401
2387000   305.281
2388000   307.229
2389000   313.116
2390000   310.136
2391000   308.143
2392000   309.162
2393000    311.15
2394000   306.986
2395000   307.287
2396000   302.068
2397000   305.603
2398000   304.878
2399000   304.999
2400000   299.399
2401000   303.153
2402000   305.892
2403000   305.681
2404000   305.412
2405000    304.86
2406000   301.779
2407000   300.335
2408000   309.349
2409000   302.946
2410000    306.25
2411000   296.869
2412000   299.722
2413000   299.933
2414000    299.13
2415000   299.393
2416000   305.417
2417000   304.652
2418000    306.33
2419000   308.802
2420000   309.382
2421000   305.079
2422000   311.108
2423000   307.599
2424000   303.716
2425000   306.459
2426000    300.16
2427000   302.942
2428000   305.492
2429000   302.899
2430000   309.585
2431000   307.388
2432000   312.012
2433000   310.554
2434000   310.158
2435000   310.087
2436000   313.044
2437000   315.909
2438000   304.577
2439000   310.372
2440000   312.887
2441000   316.705
2442000   309.547
2443000   305.304
2444000    313.62
2445000   305.888
2446000   308.686
2447000   300.479
2448000   300.828
2449000   305.897
2450000   310.943
2451000   308.793
2452000   299.766
2453000   307.904
2454000   309.511
2455000   309.386
2456000     300.6
2457000   308.533
2458000   311.884
2459000   306.299
2460000   304.256
2461000   302.454
2462000   307.565
2463000   313.132
2464000   314.138
2465000   310.937
2466000   310.657
2467000   308.071
2468000   309.164
2469000   309.329
2470000   309.664
2471000    307.16
2472000   312.024
2473000   311.327
2474000   310.882
2475000   315.567
2476000   311.779
2477000   307.879
2478000   307.085
2479000   310.397
2480000    306.44
2481000   307.671
2482000   305.618
2483000   307.184
2484000    306.07
2485000   305.008
2486000   304.458
2487000   305.846
2488000    297.18
2489000   298.673
2490000   302.747
2491000   299.107
2492000   293.317
2493000   299.184
2494000   301.565
2495000   300.459
2496000   302.742
2497000   301.832
2498000   310.867
2499000   308.061
2500000   306.008
2501000   302.177
2502000   304.936
2503000   306.192
2504000   306.421
2505000   300.665
2506000   310.339
2507000   303.076
2508000   303.636
2509000   306.177
2510000   305.627
2511000   304.097
2512000   306.725
2513000   306.147
2514000   307.066
2515000   302.603
2516000   314.255
2517000   311.495
2518000   315.363
2519000   307.556
2520000   308.362
2521000   308.633
2522000   317.301
2523000   314.847
2524000   306.907
2525000   307.729
2526000   306.416
2527000   306.882
2528000   310.738
2529000   307.038
2530000   307.588
2531000   308.885
2532000   306.742
2533000   312.962
2534000   310.573
2535000   302.161
2536000    304.64
2537000    306.92
2538000    302.58
2539000   301.785
2540000   296.707
2541000   298.948
2542000   303.066
2543000   304.677
2544000   302.468
2545000   297.766
2546000   298.099
2547000    305.42
2548000   304.785
2549000    298.34
2550000   303.035
2551000   304.833
2552000   311.089
2553000   304.648
2554000   305.186
2555000   308.035
2556000   311.678
2557000   307.962
2558000   312.032
2559000   308.947
2560000   304.248
2561000   308.339
2562000   316.397
2563000   314.532
2564000   313.941
2565000   310.485
2566000   308.156
2567000   309.613
2568000   299.477
2569000   301.075
2570000   299.626
2571000    299.54
2572000   299.966
2573000   302.292
2574000   299.212
2575000   295.523
2576000   296.004
2577000   301.075
2578000   301.051
2579000   303.835
2580000   297.143
2581000   298.005
2582000   303.868
2583000   300.186
2584000   301.408
2585000   306.208
2586000   302.796
2587000   300.117
2588000   291.737
2589000   300.823
2590000   298.564
2591000   307.576
2592000   304.089
2593000   306.936
2594000    304.26
2595000   306.806
2596000   306.076
2597000   302.268
2598000   305.338
2599000   307.003
2600000   310.037
2601000    305.88
2602000   309.785
2603000   304.412
2604000   301.523
2605000   294.882
2606000   298.371
2607000   302.014
2608000   306.183
2609000   297.865
2610000   297.949
2611000   303.993
2612000   304.378
2613000     304.4
2614000   308.316
2615000   300.439
2616000   300.905
2617000   294.959
2618000   298.947
2619000   299.323
2620000   300.448
2621000   305.118
2622000   303.887
2623000   310.037
2624000   303.013
2625000   308.825
2626000   308.988
2627000   310.912
2628000   305.767
2629000   303.966
2630000    306.68
2631000   306.075
2632000   303.184
2633000   304.295
2634000   305.366
2635000   308.898
2636000   307.054
2637000    307.06
2638000   298.502
2639000   298.122
2640000   300.709
2641000   304.478
2642000   303.961
2643000   305.341
2644000   305.535
2645000   301.623
2646000   305.091
2647000   298.662
2648000    306.14
2649000   304.642
2650000   301.736
2651000   302.891
2652000   304.646
2653000   299.464
2654000   295.345
2655000   303.716
2656000   300.758
2657000   307.851
2658000   300.706
2659000   302.345
2660000   301.839
2661000   300.544
2662000   298.645
2663000   297.906
2664000   297.567
2665000    298.18
2666000   300.609
2667000   301.588
2668000   301.837
2669000    304.83
2670000   297.975
2671000    302.28
2672000   299.804
2673000    302.34
2674000   306.912
2675000    300.83
2676000   305.577
2677000   305.183
2678000   306.035
2679000   307.084
2680000   302.976
2681000   297.774
2682000   300.891
2683000   301.443
2684000    304.05
2685000   298.518
2686000   300.162
2687000   303.749
2688000   295.193
2689000   299.149
2690000   297.896
2691000    302.82
2692000   301.164
2693000   300.139
2694000   299.793
2695000   298.288
2696000   298.591
2697000   309.597
2698000   309.488
2699000   305.424
2700000    305.75
2701000   310.208
2702000   302.059
2703000   303.778
2704000   302.862
2705000   306.595
2706000   306.113
2707000   304.282
2708000   306.568
2709000   305.526
2710000   309.446
2711000   306.125
2712000   302.359
2713000   300.683
2714000   296.168
2715000   298.525
2716000   301.375
2717000    304.71
2718000   303.777
2719000     304.6
2720000   299.395
2721000   301.065
2722000   300.522
2723000   301.427
2724000   299.537
2725000   298.417
2726000   304.807
2727000   302.395
2728000   311.402
2729000   310.348
2730000   307.872
2731000   309.596
2732000    309.05
2733000   310.949
2734000   307.703
2735000   304.043
2736000   308.988
2737000   304.745
2738000   307.484
2739000   305.241
2740000   304.644
2741000   306.622
2742000   313.525
2743000   311.432
2744000   310.269
2745000   304.127
2746000   303.417
2747000   307.986
2748000   305.142
2749000   310.937
2750000   307.069
2751000    309.31
2752000   305.196
2753000   309.727
2754000   318.352
2755000   317.203
2756000   311.678
2757000   309.015
2758000   316.427
2759000   301.786
2760000   309.262
2761000   307.872
2762000   306.139
2763000   305.329
2764000   307.189
2765000    311.86
2766000   311.734
2767000   306.302
2768000    304.61
2769000   307.739
2770000   311.946
2771000   300.748
2772000   305.967
2773000   309.402
2774000   309.303
2775000   308.361
2776000    301.98
2777000   301.892
2778000    299.18
2779000   304.864
2780000    302.97
2781000   301.805
2782000   302.286
2783000   304.938
2784000   304.559
2785000   307.947
2786000   310.988
2787000   306.017
2788000   302.119
2789000    304.52
2790000   303.957
2791000   302.524
2792000   305.069
2793000   298.672
2794000   300.586
2795000    303.48
2796000   304.986
2797000   304.462
2798000   301.168
2799000   301.601
2800000   298.205
2801000   297.317
2802000   295.156
2803000   295.212
2804000   299.058
2805000    299.74
2806000   303.507
2807000   306.429
2808000   308.006
2809000   305.623
2810000   306.432
2811000   311.169
2812000   304.864
2813000   307.117
2814000   312.649
2815000   314.776
2816000   314.695
2817000   308.121
2818000   309.591
2819000   305.021
2820000   301.392
2821000   296.615
2822000   300.102
2823000   299.683
2824000   299.331
2825000   302.576
2826000   310.085
2827000   310.931
2828000   311.329
2829000   317.601
2830000   316.173
2831000   307.122
2832000   307.571
2833000   303.664
2834000   302.559
2835000   304.779
2836000   307.173
2837000   305.273
2838000   302.331
2839000   305.391
2840000    301.53
2841000   306.063
2842000   307.766
2843000   304.974
2844000   305.277
2845000   312.066
2846000    306.75
2847000   315.648
2848000   315.314
2849000    313.41
2850000   318.125
2851000   311.204
2852000   308.205
2853000   302.096
2854000   298.835
2855000   305.447
2856000   305.132
2857000   308.118
2858000   305.935
2859000   305.468
2860000   311.321
2861000   316.868
2862000   312.126
2863000   310.881
2864000   308.967
2865000   306.187
2866000   304.567
2867000   305.757
2868000   305.865
2869000   308.265
2870000     308.2
2871000   305.071
2872000   302.252
2873000   299.152
2874000   302.231
2875000   301.797
2876000   313.174
2877000   308.253
2878000   301.723
2879000   300.717
2880000   295.819
2881000   299.552
2882000   301.935
2883000   308.352
2884000   309.134
2885000   308.763
2886000   309.474
2887000   310.411
2888000    307.11
2889000   306.208
2890000   308.241
2891000   314.237
2892000   309.903
2893000   308.638
2894000   311.574
2895000   305.391
2896000   304.055
2897000   309.279
2898000   301.521
2899000   300.955
2900000   301.873
2901000   304.392
2902000   304.784
2903000   304.363
2904000    302.14
2905000   302.983
2906000   301.483
2907000   296.931
2908000   306.426
2909000   302.474
2910000    303.09
2911000   303.229
2912000   307.005
2913000   305.864
2914000   306.043
2915000   304.774
2916000   301.484
2917000   303.697
2918000   306.603
2919000   308.631
2920000   311.672
2921000   314.152
2922000   310.178
2923000   309.514
2924000   307.927
2925000   307.018
2926000   310.202
2927000   306.591
2928000   306.215
2929000    307.44
2930000    306.38
2931000   307.981
2932000   306.736
2933000   300.401
2934000   296.823
2935000    301.37
2936000   305.807
2937000   306.514
2938000   303.683
2939000   299.613
2940000   298.432
2941000   299.338
2942000   298.609
2943000   306.228
2944000   296.905
2945000   302.525
2946000    301.38
2947000   299.422
2948000   305.286
2949000   302.758
2950000   305.098
2951000   311.831
2952000   309.453
2953000   305.809
2954000   308.778
2955000   305.599
2956000   307.941
2957000   306.448
2958000   306.428
2959000   302.823
2960000   309.561
2961000   311.698
2962000   307.852
2963000   307.291
2964000    309.78
2965000   310.529
2966000    305.45
2967000   304.761
2968000    305.78
2969000   310.571
2970000   306.605
2971000   312.946
2972000   310.455
2973000   305.723
2974000   309.226
2975000   304.891
2976000    311.78
2977000   309.243
2978000   309.234
2979000   311.477
2980000   305.935
2981000   304.413
2982000    300.94
2983000   301.256
2984000   304.872
2985000   312.228
2986000    307.81
2987000   305.045
2988000   307.904
2989000   304.045
2990000   307.321
2991000   310.249
2992000    307.78
2993000    305.05
2994000   302.779
2995000   302.061
2996000   300.941
2997000   299.495
2998000   302.054
2999000   305.437
3000000   304.869
3001000   305.581
3002000   307.337
3003000   309.441
3004000   302.694
3005000   305.464
3006000   305.859
3007000   300.999
3008000   311.484
3009000   309.147
3010000   309.031
3011000   316.195
3012000   313.501
3013000   315.238
3014000   312.663
3015000   312.979
3016000   308.401
3017000   310.513
3018000   315.135
3019000   312.958
3020000    313.36
3021000   308.573
3022000   311.286
3023000   309.388
3024000   308.094
3025000   313.881
3026000   316.632
3027000   317.952
3028000   324.188
3029000   317.651
3030000   312.395
3031000   306.623
3032000   308.462
3033000   311.028
3034000   315.294
3035000   314.632
3036000   315.174
3037000   311.063
3038000   309.624
3039000   305.806
3040000   308.434
3041000   311.553
3042000   315.087
3043000     314.1
3044000   311.426
3045000   306.935
3046000   307.306
3047000   307.209
3048000   301.127
3049000   300.297
3050000   306.156
3051000   304.827
3052000     304.6
3053000   306.114
3054000   302.632
3055000    308.35
3056000   311.133
3057000   310.551
3058000   307.368
3059000    311.85
3060000   304.587
3061000   301.571
3062000   298.383
3063000   302.842
3064000    302.94
3065000   308.848
3066000   306.079
3067000   300.476
3068000   300.847
3069000   297.849
3070000   302.175
3071000   298.157
3072000   304.105
3073000   302.138
3074000   305.295
3075000   301.143
3076000   303.335
3077000    304.05
3078000   303.672
3079000   304.799
3080000   309.096
3081000   312.518
3082000   311.571
3083000   306.179
3084000   309.532
3085000   307.615
3086000   305.457
3087000   308.982
3088000    306.66
3089000    296.53
3090000   298.607
3091000   299.375
3092000   303.843
3093000   300.879
3094000    297.58
3095000   301.234
3096000   309.405
3097000   310.732
3098000   303.173
3099000   308.956
3100000   306.421
3101000   307.718
3102000   304.958
3103000   304.164
3104000   304.286
3105000   302.621
3106000   305.848
3107000   306.302
3108000   304.912
3109000   302.706
3110000    307.49
3111000   303.325
3112000   304.533
3113000   300.783
3114000   296.646
3115000   305.838
3116000   308.466
3117000   305.383
3118000   306.479
3119000   309.302
3120000   314.677
3121000   309.785
3122000   305.994
3123000   312.047
3124000   307.943
3125000    304.85
3126000   309.859
3127000   313.955
3128000   312.232
3129000   307.378
3130000   309.431
3131000   310.442
3132000     311.2
3133000   306.963
3134000    310.59
3135000   315.078
3136000   314.231
3137000   310.984
3138000   305.301
3139000   311.197
3140000    302.53
3141000   301.012
3142000    300.34
3143000    297.43
3144000   300.383
3145000   303.071
3146000   311.685
3147000   310.389
3148000   311.324
3149000   311.817
3150000   310.612
3151000   302.443
3152000   301.532
3153000   302.156
3154000    305.26
3155000   310.763
3156000   308.902
3157000   302.153
3158000   299.819
3159000   299.625
3160000   302.282
3161000   303.227
3162000   307.201
3163000   304.759
3164000   307.105
3165000   308.188
3166000   303.494
3167000   307.406
3168000    307.67
3169000   300.552
3170000   296.684
3171000   301.582
3172000   298.022
3173000   302.828
3174000       305
3175000   305.117
3176000   300.592
3177000   304.146
3178000   310.014
3179000   311.932
3180000   311.952
3181000   305.527
3182000   308.785
3183000    301.77
3184000   302.283
3185000   302.213
3186000   301.577
3187000   309.911
3188000   317.397
3189000   310.139
3190000   306.033
3191000   305.686
3192000    304.94
3193000   308.162
3194000   311.253
3195000   312.007
3196000   309.719
3197000   304.328
3198000   305.393
3199000   305.161
3200000   306.074
3201000   306.077
3202000   311.536
3203000   309.595
3204000   311.107
3205000   309.408
3206000   306.236
3207000   307.548
3208000   307.778
3209000   306.778
3210000   306.322
3211000   306.748
3212000   308.942
3213000   309.769
3214000    314.03
3215000   312.935
3216000   314.689
3217000   316.181
3218000   314.668
3219000   312.356
3220000    316.17
3221000   317.206
3222000   308.909
3223000   306.474
3224000   310.113
3225000   312.032
3226000    310.06
3227000   309.242
3228000   303.653
3229000   307.168
3230000   306.235
3231000   299.159
3232000   302.156
3233000   301.511
3234000   304.032
3235000   298.425
3236000   299.922
3237000   307.902
3238000   302.582
3239000   304.476
3240000    304.88
3241000   308.147
3242000   308.105
3243000   303.888
3244000   300.033
3245000   301.181
3246000    299.47
3247000   298.511
3248000   299.955
3249000   298.607
3250000   299.918
3251000   303.001
3252000   300.531
3253000   301.959
3254000   301.453
3255000   304.987
3256000   307.568
3257000    310.35
3258000   307.638
3259000    308.36
3260000   313.868
3261000   309.366
3262000   310.079
3263000   307.617
3264000   311.157
3265000   309.167
3266000   311.578
3267000   302.415
3268000   306.347
3269000   303.696
3270000    302.47
3271000   304.769
3272000   303.845
3273000   308.604
3274000   302.999
3275000   304.546
3276000    308.07
3277000   314.875
3278000   314.047
3279000   310.624
3280000   311.484
3281000   315.029
3282000   312.336
3283000    312.68
3284000   311.451
3285000    312.48
3286000   312.243
3287000   312.579
3288000   308.904
3289000   305.764
3290000    306.12
3291000   311.073
3292000   310.523
3293000   312.801
3294000   307.288
3295000   313.147
3296000   306.467
3297000   304.544
3298000   310.108
3299000   308.764
3300000   313.808
3301000   310.937
3302000   307.006
3303000   310.118
3304000    305.81
3305000   311.519
3306000   310.086
3307000   302.187
3308000   306.918
3309000   308.683
3310000   314.373
3311000   313.156
3312000   309.447
3313000   311.527
3314000   313.821
3315000   308.702
3316000   308.867
3317000   312.185
3318000    306.71
3319000   306.184
3320000   303.693
3321000   307.756
3322000   313.184
3323000   311.775
3324000   308.311
3325000   308.432
3326000   306.431
3327000   306.455
3328000    306.99
3329000   314.613
3330000   310.464
3331000   305.063
3332000   311.018
3333000   313.682
3334000   312.233
3335000   305.848
3336000   311.381
3337000   312.015
3338000   309.615
3339000   311.398
3340000   309.338
3341000    312.36
3342000   307.477
3343000   305.814
3344000   303.571
3345000   302.275
3346000   305.313
3347000    301.65
3348000   299.805
3349000    302.61
3350000   304.334
3351000   304.474
3352000   298.377
3353000   298.523
3354000   302.255
3355000   303.933
3356000   302.763
3357000   304.709
3358000   303.459
3359000   304.985
3360000   301.322
3361000   303.289
3362000   306.599
3363000   304.765
3364000   297.266
3365000   302.215
3366000   300.742
3367000   304.467
3368000   304.057
3369000   307.221
3370000   307.263
3371000   310.211
3372000    307.65
3373000   304.573
3374000   309.973
3375000   305.053
3376000   299.704
3377000   309.605
3378000   310.331
3379000   317.329
3380000   313.782
3381000   308.699
3382000   309.007
3383000   308.782
3384000   307.327
3385000   309.399
3386000   316.567
3387000   317.301
3388000   318.702
3389000   315.025
3390000   310.859
3391000   311.988
3392000   308.576
3393000   303.282
3394000   307.284
3395000   304.462
3396000    305.56
3397000   304.242
3398000   303.931
3399000   309.513
3400000   307.425
3401000    305.88
3402000   301.843
3403000   300.491
3404000   298.454
3405000   298.188
3406000   298.869
3407000   305.016
3408000    301.31
3409000    296.98
3410000   303.348
3411000   304.299
3412000   302.629
3413000    305.55
3414000   305.466
3415000    303.87
3416000   302.367
3417000    310.38
3418000   304.588
3419000   309.544
3420000     303.2
3421000   300.664
3422000   301.052
3423000   300.627
3424000   302.051
3425000   302.656
3426000   303.631
3427000       302
3428000   305.382
3429000   310.028
3430000   308.343
3431000   306.439
3432000   309.665
3433000    306.39
3434000   310.484
3435000   301.587
3436000   302.399
3437000   307.993
3438000   306.979
3439000   310.538
3440000   310.599
3441000     303.7
3442000   308.956
3443000   299.232
3444000   299.673
3445000   294.788
3446000   300.375
3447000   306.058
3448000   306.255
3449000   304.909
3450000   301.454
3451000   305.555
3452000   303.966
3453000   303.373
3454000   310.059
3455000   303.913
3456000   303.743
3457000   303.024
3458000   306.927
3459000   301.176
3460000   304.399
3461000   304.521
3462000   300.542
3463000   299.672
3464000   304.487
3465000   313.948
3466000   301.525
3467000    305.79
3468000   304.062
3469000   307.548
3470000   302.971
3471000   295.029
3472000    298.59
3473000   301.894
3474000   301.679
3475000   297.637
3476000    298.25
3477000   295.457
3478000   295.013
3479000   303.636
3480000   310.789
3481000   303.334
3482000   302.073
3483000   300.514
3484000   301.989
3485000   304.771
3486000   301.099
3487000   305.562
3488000   304.117
3489000   305.629
3490000   305.206
3491000   305.492
3492000   305.542
3493000   302.557
3494000   303.122
3495000   296.738
3496000   303.071
3497000   303.642
3498000   299.946
3499000   305.443
3500000   309.149
3501000   308.387
3502000   306.072
3503000   309.874
3504000    309.85
3505000   310.252
3506000   309.942
3507000   312.919
3508000   312.793
3509000   310.447
3510000   310.735
3511000   311.131
3512000   310.083
3513000     308.5
3514000   307.577
3515000   313.278
3516000   318.065
3517000   315.162
3518000   320.201
3519000   319.574
3520000   319.026
3521000   314.596
3522000   312.063
3523000   312.766
3524000   318.197
3525000   322.734
3526000   314.586
3527000    314.32
3528000   315.459
3529000   311.679
3530000    310.78
3531000   312.141
3532000   312.479
3533000   315.076
3534000   311.707
3535000   304.908
3536000   310.362
3537000   311.286
3538000   315.007
3539000   321.817
3540000   311.681
3541000   309.271
3542000   312.318
3543000   317.719
3544000   309.994
3545000   309.438
3546000   305.905
3547000   308.429
3548000   307.841
3549000   305.773
3550000   310.752
3551000   307.144
3552000   306.736
3553000   306.144
3554000   311.528
3555000   306.692
3556000   302.219
3557000   302.696
3558000   301.264
3559000   299.559
3560000   301.571
3561000   302.647
3562000   300.554
3563000   298.575
3564000   302.532
3565000   303.097
3566000   303.649
3567000   302.016
3568000   300.381
3569000   302.656
3570000   302.093
3571000   294.842
3572000   300.248
3573000   301.649
3574000   302.304
3575000   304.588
3576000   307.921
3577000   312.201
3578000   312.672
3579000   313.551
3580000    310.84
3581000   314.368
3582000   311.136
3583000    313.66
3584000   310.046
3585000   306.267
3586000   307.714
3587000   306.714
3588000   307.582
3589000   300.895
3590000   301.333
3591000   300.421
3592000   307.206
3593000   309.846
3594000    302.08
3595000    302.08
3596000    296.68
3597000   296.973
3598000   303.038
3599000   303.031
3600000   305.599
3601000   310.733
3602000   311.857
3603000   310.499
3604000   305.832
3605000   300.486
3606000   304.637
3607000   301.517
3608000   301.157
3609000   302.047
3610000   309.751
3611000   303.881
3612000   307.907
3613000   305.871
3614000   302.072
3615000   301.025
3616000   299.999
3617000   298.135
3618000   297.285
3619000   300.091
3620000     301.6
3621000   303.298
3622000   308.095
3623000    307.77
3624000   313.597
3625000   310.742
3626000   312.528
3627000   311.017
3628000   309.996
3629000   309.575
3630000   308.933
3631000   303.915
3632000   307.438
3633000   310.114
3634000   306.466
3635000   306.039
3636000   310.952
3637000   305.233
3638000   296.934
3639000    302.52
3640000    304.29
3641000   304.706
3642000   301.628
3643000   306.688
3644000   301.545
3645000   307.699
3646000   305.609
3647000   305.342
3648000   304.392
3649000       302
3650000   303.333
3651000   309.473
3652000    313.74
3653000   313.554
3654000   312.628
3655000   318.503
3656000   310.925
3657000    302.13
3658000   302.203
3659000   311.316
3660000   312.317
3661000   312.063
3662000   307.651
3663000   312.903
3664000   310.287
3665000   309.684
3666000   308.547
3667000   308.416
3668000   310.692
3669000   307.733
3670000   310.101
3671000   309.362
3672000   312.992
3673000   312.634
3674000   314.757
3675000    313.96
3676000   311.201
3677000   314.137
3678000   313.897
3679000   307.452
3680000   311.219
3681000    316.42
3682000   314.313
3683000   309.458
3684000   313.708
3685000    320.07
3686000   319.404
3687000   316.275
3688000   316.674
3689000    318.07
3690000   315.244
3691000   313.196
3692000   310.998
3693000   310.791
3694000   307.476
3695000   302.753
3696000   311.915
3697000   314.756
3698000   312.414
3699000   309.783
3700000   300.958
3701000   304.635
3702000   306.309
3703000   303.008
3704000   300.342
3705000   303.909
3706000   305.752
3707000   305.142
3708000   310.636
3709000    306.84
3710000   306.126
3711000   305.978
3712000   313.286
3713000   312.714
3714000   305.334
3715000   308.459
3716000   314.376
3717000   309.816
3718000   314.519
3719000   307.406
3720000   309.004
3721000   302.967
3722000   308.831
3723000   306.009
3724000   306.054
3725000   308.318
3726000   307.138
3727000   303.752
3728000   300.355
3729000   301.355
3730000   313.942
3731000   316.495
3732000   310.585
3733000   308.355
3734000   315.632
3735000   306.926
3736000   303.653
3737000   305.664
3738000   312.951
3739000   310.601
3740000   317.974
3741000   312.848
3742000   317.177
3743000   308.619
3744000    307.01
3745000   307.441
3746000   309.347
3747000    314.24
3748000   316.237
3749000   314.567
3750000   306.445
3751000   306.832
3752000   311.111
3753000   305.556
3754000   303.765
3755000   299.217
3756000   303.459
3757000   299.982
3758000   298.586
3759000   310.155
3760000   304.985
3761000   304.674
3762000   301.962
3763000   302.568
3764000    304.39
3765000    301.29
3766000   304.998
3767000    306.05
3768000   304.507
3769000   306.641
3770000   317.096
3771000   318.874
3772000   319.623
3773000   317.791
3774000   307.145
3775000   309.531
3776000   312.406
3777000   314.015
3778000   314.493
3779000    315.99
3780000   313.842
3781000   307.498
3782000   303.332
3783000   312.593
3784000   311.012
3785000   305.028
3786000   313.177
3787000   314.765
3788000   313.763
3789000   308.652
3790000   306.084
3791000   301.754
3792000   300.345
3793000   301.998
3794000    305.65
3795000   302.773
3796000   300.863
3797000   298.919
3798000   306.143
3799000   301.565
3800000   301.983
3801000   292.517
3802000   299.797
3803000   299.636
3804000   299.569
3805000   306.605
3806000   304.958
3807000    303.19
3808000    307.71
3809000   309.362
3810000   314.606
3811000   311.796
3812000    304.06
3813000    313.63
3814000    304.95
3815000   300.126
3816000   295.684
3817000    299.07
3818000   302.534
3819000   299.489
3820000   304.025
3821000   310.217
3822000   304.309
3823000   308.713
3824000   312.672
3825000   311.354
3826000    315.55
3827000    313.98
3828000   309.568
3829000   308.858
3830000   312.732
3831000   314.036
3832000   311.917
3833000   310.925
3834000   307.165
3835000   311.012
3836000   312.042
3837000   308.755
3838000   310.253
3839000   311.052
3840000   309.968
3841000    310.42
3842000   312.077
3843000   308.405
3844000   314.454
3845000   307.381
3846000   306.965
3847000   307.366
3848000   310.036
3849000   315.399
3850000   314.025
3851000   318.529
3852000   315.954
3853000   317.409
3854000   313.557
3855000   314.725
3856000    313.38
3857000   309.653
3858000   307.792
3859000   309.891
3860000   301.526
3861000   308.354
3862000   306.067
3863000   308.016
3864000   302.442
3865000   304.756
3866000   302.958
3867000   299.833
3868000   303.083
3869000    306.15
3870000   302.002
3871000   305.273
3872000   302.552
3873000   307.185
3874000   300.787
3875000   295.698
3876000   299.639
3877000   301.793
3878000   302.812
3879000   303.912
3880000   303.391
3881000   303.026
3882000   301.824
3883000   301.435
3884000   297.264
3885000   298.217
3886000   307.068
3887000   306.284
3888000   311.328
3889000   311.949
3890000   305.612
3891000   308.431
3892000   303.752
3893000   310.341
3894000   305.726
3895000   306.173
3896000   306.775
3897000   306.859
3898000   307.095
3899000   306.545
3900000    305.99
3901000   303.525
3902000   306.083
3903000    304.37
3904000   308.386
3905000   306.726
3906000   306.231
3907000   303.409
3908000   307.545
3909000   303.917
3910000    304.45
3911000    305.01
3912000   307.137
3913000   305.929
3914000   308.355
3915000   308.126
3916000   309.085
3917000   304.427
3918000   306.918
3919000    314.83
3920000   316.827
3921000   314.011
3922000   314.855
3923000   320.322
3924000   313.454
3925000   308.335
3926000   302.804
3927000   305.246
3928000   312.033
3929000   307.887
3930000   312.231
3931000   313.227
3932000   312.782
3933000   308.685
3934000   304.623
3935000   300.255
3936000   301.936
3937000   300.147
3938000    301.67
3939000   312.609
3940000   311.573
3941000   305.513
3942000   308.443
3943000   307.247
3944000   306.835
3945000   304.177
3946000   301.331
3947000   302.946
3948000   298.691
3949000   305.227
3950000   299.289
3951000    304.01
3952000   304.269
3953000    300.34
3954000   301.441
3955000   302.679
3956000   308.181
3957000   309.993
3958000    299.17
3959000   303.919
3960000   303.359
3961000   303.645
3962000   311.803
3963000   301.742
3964000   304.391
3965000   305.173
3966000   306.533
3967000   303.856
3968000   311.007
3969000   311.915
3970000   309.435
3971000    312.97
3972000   314.918
3973000   311.537
3974000   305.837
3975000    306.95
3976000   302.512
3977000   304.137
3978000   301.171
3979000   305.774
3980000     302.3
3981000   302.141
3982000   299.615
3983000   304.659
3984000   300.519
3985000   302.266
3986000    305.73
3987000   307.611
3988000   299.792
3989000   300.616
3990000   303.363
3991000   305.074
3992000    301.39
3993000   301.493
3994000   302.381
3995000   305.981
3996000   306.528
3997000   307.953
3998000   308.005
3999000   307.656
4000000   307.724
4001000   304.778
4002000   311.821
4003000   303.019
4004000   310.577
4005000   302.613
4006000   307.281
4007000   307.656
4008000   301.568
4009000   304.785
4010000   305.083
4011000   304.967
4012000   306.885
4013000   305.748
4014000   313.621
4015000   308.644
4016000   305.249
4017000   304.192
4018000   305.758
4019000   306.021
4020000   304.606
4021000   304.281
4022000   306.403
4023000   305.168
4024000   306.849
4025000    308.39
4026000   305.673
4027000     303.5
4028000   308.206
4029000   305.514
4030000   296.719
4031000   298.109
4032000   296.545
4033000   294.629
4034000    296.19
4035000   299.562
4036000   305.418
4037000   306.744
4038000   306.071
4039000    303.65
4040000   304.399
4041000   304.486
4042000   303.396
4043000   298.215
4044000   300.866
4045000   298.106
4046000   299.234
4047000   296.555
4048000    297.68
4049000   299.608
4050000   300.615
4051000   298.073
4052000   291.604
4053000    300.03
4054000   304.368
4055000    301.63
4056000   309.283
4057000   310.144
4058000   301.836
4059000   301.019
4060000    298.31
4061000   303.438
4062000   305.147
4063000   308.383
4064000    305.44
4065000   311.221
4066000    309.44
4067000   307.368
4068000   309.487
4069000   308.731
4070000   306.457
4071000    308.42
4072000   310.171
4073000   309.006
4074000   305.586
4075000   301.464
4076000   307.926
4077000   301.463
4078000   301.986
4079000   306.277
4080000   306.683
4081000   300.901
4082000   307.435
4083000   304.241
4084000    300.22
4085000   300.334
4086000   303.779
4087000   306.263
4088000   299.364
4089000   299.921
4090000   303.924
4091000   303.553
4092000   305.825
4093000   308.243
4094000   312.006
4095000   311.008
4096000    310.27
4097000   307.756
4098000   304.109
4099000   309.189
4100000   303.041
4101000   309.861
4102000   309.725
4103000    306.92
4104000   301.273
4105000   297.663
4106000    304.71
4107000   298.687
4108000   301.943
4109000   308.388
4110000   308.098
4111000   303.375
4112000   307.855
4113000   312.331
4114000   311.881
4115000    314.38
4116000    312.13
4117000   310.457
4118000   305.442
4119000   311.457
4120000   306.616
4121000    309.71
4122000   310.392
4123000   310.614
4124000   298.947
4125000   305.336
4126000   311.741
4127000   311.555
4128000   310.649
4129000   307.261
4130000    301.14
4131000   305.047
4132000   308.164
4133000    308.69
4134000   305.492
4135000   308.688
4136000   310.133
4137000   312.121
4138000   307.187
4139000   309.438
4140000   309.381
4141000    301.81
4142000   300.763
4143000   299.465
4144000   302.183
4145000   303.299
4146000   306.884
4147000   308.581
4148000   313.055
4149000   312.871
4150000    308.22
4151000   303.504
4152000   306.087
4153000    300.77
4154000   300.536
4155000    307.13
4156000    306.76
4157000   311.327
4158000   307.716
4159000   308.342
4160000   311.224
4161000   304.848
4162000   300.391
4163000   305.731
4164000    303.19
4165000   299.717
4166000   303.069
4167000   308.378
4168000   305.708
4169000    300.29
4170000   304.298
4171000   305.597
4172000   302.659
4173000   306.323
4174000   308.353
4175000   304.988
4176000   305.146
4177000   293.554
4178000     298.9
4179000   298.628
4180000   303.825
4181000   308.856
4182000   305.013
4183000   307.762
4184000   307.531
4185000   305.284
4186000   301.376
4187000   307.591
4188000   302.728
4189000    301.33
4190000   303.179
4191000     298.9
4192000    295.85
4193000   301.158
4194000   307.411
4195000   309.074
4196000   312.489
4197000   300.962
4198000   303.335
4199000   308.131
4200000   308.502
4201000   311.882
4202000   310.651
4203000   303.261
4204000    303.13
4205000   305.006
4206000   304.268
4207000   301.395
4208000   304.762
4209000   301.365
4210000   307.045
4211000   302.588
4212000    310.76
4213000   310.534
4214000   305.946
4215000   304.568
4216000   300.074
4217000   299.946
4218000   307.185
4219000   309.963
4220000   305.944
4221000   305.088
4222000   306.075
4223000   314.207
4224000   314.398
4225000   318.524
4226000   314.182
4227000   307.277
4228000   304.258
4229000   305.709
4230000   308.678
4231000   318.065
4232000   307.692
4233000    304.89
4234000   301.654
4235000   306.669
4236000   301.247
4237000   301.092
4238000   306.961
4239000   303.667
4240000   311.746
4241000   313.748
4242000   303.746
4243000   302.681
4244000   302.828
4245000   305.551
4246000   300.736
4247000   299.621
4248000   300.637
4249000   303.729
4250000   307.498
4251000   311.196
4252000   304.308
4253000   298.306
4254000   298.441
4255000   298.955
4256000   300.792
4257000   299.308
4258000   303.276
4259000    295.83
4260000   296.254
4261000   294.583
4262000   291.966
4263000   300.555
4264000   305.517
4265000   308.385
4266000   306.759
4267000   302.957
4268000   306.266
4269000   307.874
4270000   305.742
4271000   301.973
4272000   300.768
4273000   302.841
4274000   306.118
4275000   300.408
4276000   303.204
4277000   307.034
4278000   310.013
4279000     310.6
4280000     308.2
4281000   311.954
4282000   310.663
4283000   311.164
4284000   308.659
4285000   317.091
4286000   312.428
4287000   307.459
4288000   308.537
4289000   299.092
4290000   302.255
4291000   304.983
4292000   308.048
4293000   305.414
4294000   308.514
4295000   310.111
4296000    303.29
4297000   308.099
4298000   313.118
4299000   311.902
4300000   315.222
4301000    308.13
4302000   310.527
4303000   306.964
4304000   309.124
4305000   309.492
4306000   308.399
4307000   305.739
4308000   304.063
4309000   306.496
4310000   306.989
4311000   309.681
4312000   303.468
4313000   305.049
4314000   303.729
4315000   305.515
4316000    298.69
4317000   291.335
4318000   299.291
4319000   303.045
4320000   299.342
4321000   301.947
4322000    295.05
4323000   301.556
4324000   306.672
4325000   309.143
4326000   307.398
4327000    304.35
4328000   304.398
4329000    307.95
4330000   302.732
4331000   300.806
4332000   303.235
4333000   305.027
4334000   301.717
4335000   303.296
4336000   307.724
4337000   306.568
4338000   310.438
4339000   311.128
4340000   308.882
4341000     302.6
4342000   302.147
4343000   302.717
4344000   301.514
4345000   307.058
4346000   307.073
4347000   308.443
4348000   312.569
4349000   309.308
4350000   307.699
4351000   310.527
4352000    312.19
4353000   310.029
4354000   312.658
4355000   306.846
4356000   304.887
4357000   305.391
4358000   303.022
4359000   299.391
4360000   298.912
4361000   299.756
4362000   303.597
4363000   305.369
4364000   305.218
4365000   303.796
4366000   300.414
4367000   295.918
4368000   299.296
4369000   302.089
4370000   305.239
4371000   302.826
4372000   301.498
4373000   299.461
4374000   305.394
4375000   302.657
4376000   304.712
4377000   301.969
4378000   307.779
4379000   314.477
4380000   308.249
4381000   310.698
4382000    306.54
4383000   311.553
4384000   313.304
4385000   313.859
4386000   308.872
4387000   310.306
4388000   306.981
4389000   311.611
4390000   310.239
4391000    310.14
4392000   308.301
4393000   302.285
4394000   301.465
4395000   305.771
4396000   312.903
4397000   315.724
4398000   312.214
4399000   310.102
4400000   307.856
4401000   310.367
4402000   313.037
4403000   314.042
4404000    311.34
4405000   307.248
4406000   304.605
4407000    310.89
4408000   307.674
4409000   309.002
4410000   305.792
4411000    303.53
4412000   304.785
4413000   304.948
4414000   306.141
4415000   303.497
4416000   307.965
4417000   316.088
4418000   312.335
4419000    309.96
4420000   308.618
4421000   307.803
4422000   307.079
4423000   301.924
4424000   308.653
4425000   306.854
4426000   303.969
4427000   308.773
4428000   308.389
4429000   308.888
4430000   307.499
4431000   308.371
4432000   304.097
4433000   304.172
4434000   306.207
4435000   302.804
4436000   305.171
4437000   309.663
4438000   302.969
4439000   305.911
4440000   313.245
4441000   310.728
4442000   312.267
4443000   312.327
4444000   308.409
4445000   309.585
4446000   315.241
4447000   314.922
4448000   315.565
4449000   310.118
4450000   312.851
4451000   314.236
4452000   313.104
4453000   311.721
4454000   314.206
4455000   309.726
4456000   303.673
4457000   305.228
4458000   310.191
4459000   302.076
4460000   303.339
4461000   302.523
4462000   306.702
4463000   302.201
4464000   305.334
4465000   307.911
4466000   314.694
4467000   314.165
4468000   311.892
4469000    309.31
4470000    309.44
4471000   308.873
4472000   307.129
4473000   303.051
4474000   307.589
4475000   309.144
4476000   307.913
4477000   307.775
4478000   307.482
4479000   306.713
4480000   308.862
4481000     305.2
4482000   307.224
4483000   309.121
4484000   309.683
4485000   310.975
4486000   307.021
4487000   301.367
4488000   305.545
4489000   307.751
4490000   309.779
4491000   304.061
4492000   302.091
4493000   306.062
4494000   307.654
4495000   310.052
4496000   307.913
4497000   308.215
4498000   302.229
4499000   305.551
4500000   308.773
4501000   307.748
4502000   304.166
4503000   311.754
4504000   309.623
4505000   311.372
4506000   317.944
4507000   317.354
4508000    317.82
4509000   314.285
4510000   320.545
4511000   324.043
4512000   318.322
4513000   317.086
4514000   314.582
4515000   318.298
4516000    317.01
4517000   312.471
4518000   319.337
4519000   311.389
4520000   311.599
4521000   308.774
4522000   306.073
4523000   310.223
4524000   311.745
4525000   317.337
4526000   316.388
4527000    312.77
4528000   307.628
4529000   312.045
4530000    309.49
4531000   316.217
4532000   318.105
4533000   315.706
4534000   314.362
4535000   314.858
4536000   312.297
4537000   312.482
4538000   314.584
4539000   312.243
4540000   308.799
4541000   315.786
4542000   307.242
4543000   305.419
4544000   308.332
4545000   308.529
4546000   310.328
4547000   312.568
4548000   309.235
4549000   307.743
4550000   309.845
4551000   307.204
4552000   303.035
4553000    307.05
4554000   306.352
4555000   306.739
4556000    306.13
4557000   307.578
4558000   307.321
4559000   303.797
4560000   301.878
4561000   302.527
4562000   306.732
4563000   305.877
4564000   300.735
4565000   304.185
4566000   306.348
4567000   307.128
4568000   306.128
4569000   303.093
4570000   304.656
4571000   304.685
4572000   304.454
4573000   312.846
4574000   309.193
4575000   304.983
4576000   307.394
4577000   309.278
4578000   306.186
4579000   306.732
4580000   308.196
4581000   309.814
4582000   308.607
4583000   306.092
4584000   312.001
4585000   311.571
4586000   313.596
4587000   313.069
4588000   304.059
4589000   310.057
4590000   311.114
4591000   311.294
4592000   317.232
4593000   314.494
4594000   314.939
4595000   317.234
4596000   315.298
4597000   314.281
4598000   310.645
4599000    302.18
4600000   300.429
4601000   300.829
4602000   300.956
4603000   311.183
4604000   308.402
4605000   305.333
4606000   308.044
4607000   308.396
4608000   309.522
4609000   312.457
4610000   310.121
4611000   310.287
4612000   310.912
4613000   311.785
4614000   313.894
4615000   314.665
4616000   312.582
4617000   310.377
4618000   314.717
4619000   310.384
4620000   314.995
4621000    319.68
4622000   315.797
4623000   315.335
4624000   314.406
4625000   313.325
4626000   316.024
4627000   313.442
4628000   313.191
4629000   309.995
4630000   312.171
4631000    309.21
4632000   307.964
4633000    304.79
4634000   305.321
4635000   312.521
4636000   308.042
4637000   307.887
4638000   310.394
4639000   305.809
4640000   311.879
4641000   311.882
4642000   313.337
4643000   306.264
4644000   306.209
4645000   303.462
4646000   312.937
4647000   306.687
4648000   307.999
4649000   306.339
4650000   304.589
4651000   308.269
4652000   307.713
4653000   310.416
4654000   307.859
4655000   309.394
4656000   309.057
4657000    308.72
4658000   310.524
4659000   312.323
4660000   315.703
4661000   313.118
4662000   308.119
4663000    305.08
4664000   304.335
4665000   311.012
4666000   308.127
4667000   306.871
4668000   309.475
4669000   311.392
4670000   303.983
4671000   306.368
4672000    310.48
4673000   310.562
4674000   304.732
4675000   311.336
4676000   311.656
4677000   314.222
4678000   314.839
4679000   310.862
4680000   308.034
4681000   311.872
4682000   315.749
4683000   317.856
4684000   311.088
4685000   313.325
4686000   314.694
4687000   318.141
4688000   312.427
4689000   308.334
4690000   309.847
4691000   313.135
4692000   310.437
4693000   305.587
4694000   311.862
4695000   305.009
4696000   309.846
4697000   305.997
4698000   302.881
4699000   304.986
4700000   302.783
4701000   304.285
4702000   300.663
4703000   300.977
4704000   304.098
4705000   303.927
4706000   305.585
4707000    303.65
4708000   301.136
4709000   300.345
4710000   306.204
4711000   307.395
4712000   297.858
4713000   301.319
4714000   308.245
4715000   308.015
4716000   299.136
4717000   298.672
4718000   296.928
4719000   297.192
4720000   301.654
4721000   306.505
4722000   310.363
4723000   309.842
4724000   307.205
4725000   304.918
4726000   304.064
4727000   304.409
4728000   300.341
4729000   305.272
4730000   299.915
4731000   296.542
4732000   306.179
4733000   307.972
4734000   306.573
4735000   315.679
4736000   318.838
4737000   315.049
4738000   307.786
4739000   309.403
4740000    308.24
4741000   313.093
4742000   315.261
4743000   311.561
4744000   313.439
4745000   309.471
4746000    308.06
4747000   311.957
4748000   307.409
4749000    310.92
4750000   308.976
4751000   301.204
4752000   302.754
4753000   306.747
4754000   307.966
4755000   309.068
4756000   305.977
4757000   308.011
4758000   305.901
4759000   310.984
4760000   304.808
4761000   305.652
4762000   307.525
4763000   312.085
4764000   311.744
4765000   311.989
4766000    313.14
4767000   312.196
4768000   309.885
4769000   309.987
4770000   310.718
4771000   305.797
4772000   297.976
4773000   296.376
4774000   305.262
4775000   300.956
4776000   299.713
4777000   310.108
4778000   300.794
4779000   294.165
4780000   296.978
4781000   297.533
4782000   302.316
4783000   307.045
4784000    307.64
4785000   301.426
4786000   304.258
4787000   302.317
4788000   307.002
4789000   302.971
4790000   304.734
4791000   310.444
4792000   311.602
4793000   308.644
4794000   309.666
4795000    309.38
4796000   308.471
4797000   313.991
4798000   314.847
4799000   315.953
4800000   311.482
4801000   310.036
4802000   306.606
4803000    305.32
4804000   304.681
4805000   297.973
4806000   305.341
4807000   307.099
4808000   314.733
4809000   315.791
4810000    313.54
4811000   308.402
4812000   310.469
4813000    314.08
4814000   308.911
4815000   311.339
4816000   311.952
4817000   315.077
4818000    318.17
4819000   317.833
4820000   314.719
4821000   305.177
4822000   300.397
4823000   301.494
4824000   306.086
4825000   308.364
4826000    308.52
4827000   310.017
4828000   308.263
4829000   303.679
4830000   310.238
4831000   308.633
4832000   310.611
4833000   316.369
4834000   315.689
4835000   309.066
4836000   313.313
4837000   318.682
4838000   314.124
4839000   309.975
4840000   307.382
4841000   307.549
4842000   312.607
4843000   313.749
4844000   314.057
4845000   312.439
4846000    313.97
4847000   317.963
4848000    314.03
4849000   316.678
4850000   311.031
4851000   310.621
4852000   310.266
4853000    308.49
4854000   304.718
4855000   310.941
4856000   312.011
4857000    307.89
4858000   311.616
4859000   313.308
4860000    312.76
4861000   306.092
4862000   313.424
4863000   312.528
4864000   311.765
4865000   306.515
4866000   305.735
4867000   313.267
4868000    308.95
4869000   309.333
4870000   308.912
4871000   305.598
4872000   309.493
4873000   306.083
4874000   303.471
4875000   301.119
4876000   296.692
4877000   301.738
4878000   304.148
4879000   305.903
4880000   309.723
4881000   306.281
4882000   308.645
4883000   314.399
4884000   314.462
4885000   310.396
4886000   306.082
4887000   307.606
4888000   312.626
4889000    307.35
4890000   309.484
4891000   308.415
4892000   307.885
4893000   304.758
4894000   308.496
4895000   302.725
4896000   302.882
4897000   314.895
4898000   308.727
4899000    307.13
4900000   309.284
4901000   309.727
4902000    311.75
4903000   314.976
4904000   317.669
4905000   318.939
4906000   312.137
4907000   311.999
4908000   312.659
4909000   316.365
4910000   319.177
4911000   316.921
4912000   317.704
4913000   317.171
4914000   314.838
4915000   313.744
4916000   306.778
4917000   308.558
4918000     312.3
4919000   305.493
4920000   305.801
4921000    307.66
4922000   310.765
4923000   310.055
4924000   312.599
4925000   314.939
4926000   312.611
4927000   310.737
4928000   314.594
4929000   315.245
4930000   312.504
4931000   309.468
4932000   311.346
4933000   310.242
4934000   310.483
4935000   309.754
4936000   308.649
4937000   312.131
4938000   311.272
4939000    315.49
4940000   308.936
4941000   309.773
4942000   315.163
4943000   312.209
4944000   314.712
4945000   316.907
4946000   318.339
4947000   312.519
4948000   311.614
4949000   308.949
4950000   306.967
4951000   310.044
4952000   313.067
4953000   308.295
4954000   305.094
4955000   303.396
4956000   299.552
4957000   302.454
4958000   308.114
4959000   309.259
4960000   308.218
4961000   311.567
4962000   311.193
4963000   311.725
4964000   309.889
4965000   311.194
4966000   311.055
4967000   305.955
4968000   307.688
4969000   308.792
4970000   307.856
4971000   312.815
4972000   316.661
4973000   314.431
4974000   313.228
4975000   305.678
4976000    307.78
4977000   305.264
4978000   306.168
4979000   306.382
4980000   306.927
4981000   307.577
4982000   303.899
4983000   306.277
4984000   306.532
4985000   310.492
4986000   309.546
4987000   314.375
4988000   311.323
4989000   310.414
4990000   302.378
4991000   312.844
4992000   312.004
4993000   318.778
4994000   317.729
4995000   314.859
4996000   308.543
4997000   310.172
4998000   306.825
4999000    305.31
5000000   301.132
