1000   299.499
2000   302.188
3000   298.788
4000   292.872
5000   294.773
6000   294.931
7000   292.814
8000   293.147
9000   293.505
10000   293.839
11000   289.369
12000   291.344
13000   298.022
14000   290.604
15000   291.506
16000    291.29
17000   285.538
18000   283.911
19000   291.634
20000   293.534
21000     295.9
22000   296.249
23000   297.427
24000   298.593
25000    297.23
26000   298.605
27000   297.485
28000   295.534
29000   295.173
30000   294.202
31000   290.651
32000   293.424
33000     293.9
34000   292.046
35000    285.15
36000   286.339
37000   288.833
38000   289.721
39000   291.432
40000   290.458
41000   289.714
42000   287.491
43000   286.993
44000    294.37
45000   299.148
46000   297.511
47000   296.528
48000   295.996
49000   296.655
50000   288.596
51000   289.787
52000   290.767
53000   290.039
54000   290.184
55000   281.246
56000   289.528
57000   286.022
58000     279.3
59000   285.584
60000   280.777
61000   284.848
62000   285.206
63000   284.359
64000   279.874
65000   284.946
66000   287.925
67000   293.565
68000   290.286
69000   287.639
70000   287.979
71000   286.802
72000   287.051
73000   286.045
74000   287.346
75000   286.822
76000   289.739
77000   286.992
78000   289.746
79000    290.93
80000    282.54
81000   281.856
82000   282.794
83000   281.418
84000   280.989
85000     283.9
86000    286.17
87000    288.84
88000   290.952
89000   285.348
90000   287.241
91000   287.843
92000   288.287
93000   288.062
94000   286.123
95000    290.71
96000   289.682
97000   284.845
98000   288.752
99000   283.437
100000   284.335
101000   284.522
102000   284.442
103000   288.618
104000   291.767
105000   294.222
106000   290.346
107000   287.111
108000   291.768
109000   291.362
110000   288.587
111000   287.146
112000   288.054
113000   289.842
114000   281.444
115000   276.573
116000   287.393
117000    290.55
118000   289.375
119000   287.348
120000   285.329
121000   285.569
122000    284.43
123000   284.634
124000   288.132
125000   288.714
126000   288.613
127000   287.864
128000   288.992
129000   287.946
130000   287.504
131000   288.562
132000   291.724
133000   291.467
134000   288.211
135000   288.109
136000    288.61
137000   292.601
138000   290.878
139000    287.73
140000   291.824
141000   290.377
142000   290.019
143000   287.561
144000   291.856
145000   292.679
146000   294.918
147000   292.757
148000   289.496
149000    287.04
150000   288.896
151000   284.299
152000   282.658
153000   284.161
154000   293.798
155000   288.825
156000   288.736
157000   282.982
158000   290.266
159000   288.213
160000   285.191
161000   288.041
162000   291.259
163000   285.755
164000   284.141
165000   282.304
166000   283.834
167000   285.538
168000   286.281
169000   288.149
170000   285.041
171000   283.524
172000   282.042
173000   284.413
174000   281.261
175000   280.385
176000   279.304
177000   281.226
178000    279.92
179000   277.421
180000   281.063
181000   278.938
182000   281.901
183000   285.328
184000   287.374
185000   290.339
186000   288.164
187000    288.37
188000   282.094
189000   283.434
190000   283.056
191000   281.794
192000   280.354
193000   279.022
194000   282.248
195000    281.95
196000   277.165
197000   277.473
198000   284.421
199000   292.036
200000   287.909
201000   286.172
202000   283.994
203000   282.359
204000   285.834
205000   287.344
206000    289.83
207000   286.266
208000   288.827
209000   285.749
210000   285.304
211000   286.469
212000   285.768
213000   286.482
214000   292.954
215000   291.918
216000   288.168
217000   283.424
218000   278.021
219000   285.305
220000   287.657
221000   292.914
222000   293.744
223000   287.869
224000   291.151
225000   290.113
226000   286.292
227000   290.766
228000   288.169
229000   286.636
230000   291.774
231000   288.943
232000   283.473
233000   282.411
234000   284.708
235000   280.888
236000   279.614
237000   281.992
238000   283.394
239000   278.434
240000   279.744
241000   276.748
242000   283.268
243000   285.491
244000   278.681
245000   282.039
246000   284.578
247000   279.959
248000   283.767
249000   287.332
250000   280.928
251000   276.473
252000   277.863
253000   279.358
254000   282.176
255000   283.065
256000     283.1
257000   277.954
258000   282.092
259000   285.472
260000   285.383
261000   290.018
262000   285.199
263000   283.321
264000   285.882
265000   285.378
266000    287.61
267000   287.069
268000   284.627
269000   285.282
270000   281.909
271000   281.278
272000    283.04
273000   281.211
274000   285.725
275000   291.787
276000   287.948
277000   290.184
278000   290.164
279000   286.944
280000   293.152
281000   291.953
282000   296.922
283000   291.222
284000   290.183
285000   287.512
286000   287.093
287000   285.842
288000   287.678
289000   292.566
290000   286.314
291000   289.545
292000   290.251
293000   290.694
294000   290.284
295000   287.194
296000   288.839
297000   283.279
298000   283.642
299000   281.431
300000   279.001
301000   284.475
302000   282.415
303000   285.085
304000   279.486
305000   292.471
306000   287.086
307000   282.903
308000   284.844
309000   293.451
310000   293.402
311000   295.915
312000   288.376
313000   284.582
314000   285.588
315000   292.344
316000   293.347
317000   287.671
318000   284.708
319000   281.754
320000   281.294
321000    290.72
322000   289.274
323000   289.166
324000   289.556
325000    283.98
326000   282.866
327000   287.874
328000   283.164
329000   282.562
330000    287.09
331000   288.376
332000   287.828
333000   290.412
334000   289.381
335000   289.084
336000   284.079
337000   286.313
338000   283.975
339000   284.216
340000   284.628
341000    282.22
342000    289.46
343000   286.093
344000   285.457
345000   284.888
346000   283.575
347000   283.668
348000   287.563
349000   288.933
350000   284.267
351000   289.046
352000   289.277
353000   288.885
354000   285.588
355000   284.614
356000    280.49
357000   282.217
358000   283.721
359000   282.545
360000   286.073
361000   283.893
362000   282.241
363000   282.873
364000   281.726
365000   284.746
366000   287.612
367000   287.102
368000   286.924
369000   294.437
370000   289.695
371000   288.668
372000   293.556
373000   299.222
374000   297.743
375000   290.449
376000   292.628
377000   288.322
378000   285.675
379000   290.057
380000   286.664
381000   288.124
382000   290.857
383000   290.857
384000   285.209
385000     286.8
386000   289.232
387000   291.387
388000   293.845
389000   292.279
390000   293.949
391000   287.718
392000   285.062
393000   283.901
394000   292.952
395000   290.584
396000   288.746
397000   292.906
398000    291.59
399000   285.328
400000   288.525
401000   287.144
402000   285.257
403000    283.96
404000   284.344
405000   291.431
406000    291.99
407000    294.13
408000   294.126
409000   290.432
410000   288.029
411000   286.564
412000   285.052
413000   284.442
414000   284.435
415000   285.739
416000   287.812
417000   292.594
418000   290.658
419000   290.463
420000   285.906
421000   283.858
422000   280.624
423000   279.229
424000   286.176
425000    285.85
426000   288.418
427000   284.615
428000   285.655
429000   283.477
430000   288.905
431000    291.28
432000   295.229
433000   292.845
434000   287.383
435000   290.431
436000   287.553
437000   294.951
438000   293.468
439000   296.303
440000   291.521
441000   290.465
442000   287.379
443000   288.218
444000   290.741
445000   287.607
446000   293.278
447000    295.14
448000   296.555
449000   296.203
450000   291.285
451000   289.547
452000   287.134
453000   287.375
454000   279.342
455000   282.825
456000   275.336
457000   281.865
458000   282.081
459000   285.087
460000   288.226
461000   284.486
462000   287.056
463000    283.83
464000    291.86
465000   290.133
466000   287.038
467000   286.999
468000   285.206
469000   295.614
470000   288.715
471000   290.032
472000   293.786
473000   292.176
474000   287.845
475000   294.159
476000   286.817
477000   289.489
478000   285.766
479000   287.537
480000   286.369
481000   284.732
482000   285.864
483000   290.984
484000   287.081
485000   283.282
486000   284.273
487000   285.269
488000   290.404
489000   283.016
490000   285.457
491000   284.389
492000   282.612
493000   286.864
494000   288.116
495000   292.019
496000    293.76
497000   286.194
498000   284.974
499000   280.902
500000   286.149
501000   285.211
502000   283.763
503000   286.074
504000   288.885
505000   289.412
506000   294.296
507000    290.03
508000   292.157
509000   297.738
510000   295.476
511000   285.082
512000   286.562
513000   289.145
514000   289.878
515000   289.982
516000   290.183
517000   287.158
518000   291.711
519000   291.666
520000   290.264
521000    291.46
522000   293.848
523000   288.259
524000   293.486
525000   296.964
526000   291.906
527000   286.967
528000   285.948
529000    288.11
530000   288.973
531000   289.155
532000   286.551
533000   286.712
534000   287.442
535000   284.895
536000    285.43
537000   286.079
538000   285.183
539000   286.676
540000    288.76
541000   286.579
542000   282.375
543000   284.307
544000    282.52
545000   282.551
546000   282.742
547000   286.724
548000    291.66
549000   289.557
550000   286.524
551000   288.051
552000   287.208
553000   286.404
554000   286.448
555000   283.359
556000   280.638
557000   283.404
558000   281.183
559000   284.307
560000   282.929
561000   280.622
562000   280.238
563000   285.488
564000   286.878
565000   288.106
566000   283.756
567000    289.61
568000   282.376
569000   282.895
570000     284.5
571000   281.768
572000    285.18
573000   279.915
574000    277.45
575000   281.425
576000   282.197
577000   287.966
578000   293.744
579000    288.19
580000   286.226
581000   284.368
582000   293.351
583000   285.621
584000   285.575
585000   278.681
586000   283.923
587000   278.125
588000    279.62
589000   277.524
590000   282.668
591000    279.29
592000     279.4
593000   281.793
594000   290.678
595000   285.798
596000   289.272
597000   283.908
598000    285.31
599000   289.378
600000   285.297
601000    282.32
602000   282.281
603000   281.014
604000   280.314
605000   283.476
606000   285.171
607000    286.27
608000   291.417
609000   278.766
610000   280.231
611000   279.161
612000   280.604
613000   285.604
614000    285.36
615000   285.641
616000   285.588
617000   284.086
618000   279.453
619000   280.563
620000   286.453
621000   289.102
622000   286.747
623000   285.279
624000   291.945
625000   288.701
626000   292.923
627000   291.623
628000    287.21
629000   294.777
630000   288.681
631000   288.433
632000   288.203
633000   294.592
634000    290.93
635000   290.734
636000    287.18
637000    291.08
638000   299.991
639000   294.881
640000   293.417
641000   295.779
642000   291.678
643000   289.746
644000   289.983
645000   290.307
646000    287.94
647000   285.409
648000   287.842
649000    286.52
650000   285.567
651000   287.119
652000   284.892
653000   287.941
654000   291.717
655000   288.184
656000   291.727
657000   288.514
658000   286.564
659000   288.396
660000   291.701
661000   293.981
662000   289.236
663000   289.257
664000   293.298
665000   288.193
666000   283.439
667000   283.204
668000   288.126
669000   294.717
670000   289.416
671000   288.597
672000   277.448
673000   282.976
674000   282.816
675000   280.648
676000   279.819
677000   278.277
678000   281.134
679000   279.233
680000   281.107
681000   280.688
682000   287.546
683000   285.176
684000   285.759
685000   290.848
686000   283.428
687000   281.456
688000   287.869
689000   281.516
690000   284.696
691000   284.564
692000   280.855
693000   281.998
694000   284.565
695000   288.346
696000   287.733
697000   281.447
698000   287.899
699000   287.708
700000   285.028
701000   282.494
702000    285.39
703000   282.475
704000    281.62
705000   282.075
706000   284.151
707000   281.812
708000       282
709000   286.083
710000   287.873
711000   290.557
712000   286.206
713000   286.278
714000   289.327
715000   284.085
716000    289.07
717000   281.153
718000   279.804
719000   284.435
720000   284.994
721000   283.489
722000   284.441
723000   282.586
724000   285.931
725000   286.862
726000   287.536
727000   284.912
728000   282.267
729000   283.587
730000   290.201
731000   289.231
732000   287.699
733000   285.252
734000   281.457
735000   286.638
736000   286.354
737000     284.8
738000    282.64
739000   281.443
740000   286.298
741000   286.137
742000   288.339
743000    288.64
744000   285.318
745000   286.654
746000   281.125
747000   279.985
748000   283.018
749000   289.617
750000   296.772
751000   294.079
752000   289.874
753000   289.784
754000   287.544
755000   285.167
756000   280.708
757000   279.113
758000   286.231
759000   285.063
760000   288.867
761000   295.175
762000   287.789
763000   290.721
764000   293.767
765000   292.591
766000   290.908
767000   293.121
768000    293.57
769000   297.276
770000   293.056
771000   294.531
772000   289.428
773000   289.737
774000   286.176
775000   289.018
776000   288.423
777000   292.753
778000   288.959
779000     286.5
780000   288.622
781000   285.373
782000   282.915
783000   284.104
784000   286.637
785000   284.868
786000   285.238
787000   284.837
788000   281.503
789000   292.407
790000   287.249
791000   291.016
792000    295.34
793000   293.654
794000   290.404
795000   284.672
796000   283.301
797000   284.579
798000   280.465
799000   284.255
800000   287.019
801000   285.259
802000    288.18
803000   282.826
804000   288.081
805000   284.968
806000   287.625
807000   288.909
808000   285.607
809000   288.931
810000   283.801
811000   282.524
812000   282.457
813000   280.676
814000   282.887
815000   283.456
816000   283.416
817000   279.104
818000   277.267
819000   277.121
820000   280.305
821000   280.122
822000   283.901
823000   282.713
824000   287.777
825000   290.281
826000   287.687
827000   282.022
828000   281.004
829000   282.718
830000   287.576
831000   283.158
832000   281.549
833000   288.064
834000   286.444
835000   288.506
836000   286.166
837000   287.654
838000    282.94
839000   283.162
840000    286.63
841000   285.408
842000   285.561
843000     291.1
844000   288.309
845000   283.916
846000   282.478
847000   284.462
848000   285.422
849000   288.268
850000   283.431
851000   284.741
852000   288.238
853000   285.067
854000    285.87
855000   285.897
856000   284.991
857000   289.289
858000    286.38
859000   285.247
860000   285.296
861000   284.671
862000   282.034
863000   284.584
864000   287.226
865000   283.361
866000   283.893
867000   287.173
868000   284.237
869000    288.11
870000   283.372
871000   282.194
872000   280.273
873000   278.354
874000   279.765
875000   284.291
876000   287.886
877000   285.439
878000   285.294
879000   286.828
880000   284.472
881000   279.666
882000   284.817
883000   287.867
884000   290.909
885000   289.965
886000   280.828
887000   287.716
888000   282.479
889000   286.441
890000    287.38
891000   287.611
892000   290.709
893000   292.145
894000   287.581
895000   289.492
896000   287.776
897000   289.515
898000   292.158
899000   291.755
900000    286.96
901000   284.101
902000   288.108
903000    285.58
904000   292.832
905000   286.128
906000   285.338
907000   285.215
908000   283.353
909000   288.534
910000   289.998
911000   285.821
912000   286.222
913000   284.623
914000   284.466
915000   284.721
916000   285.072
917000   289.304
918000   280.797
919000   284.777
920000   283.322
921000    286.23
922000   290.652
923000   287.439
924000    288.84
925000   290.928
926000   288.495
927000   287.001
928000   288.939
929000   288.711
930000   288.438
931000   286.231
932000   285.265
933000   288.409
934000    285.64
935000    288.55
936000   286.716
937000   291.006
938000    285.81
939000   291.142
940000   296.757
941000   292.059
942000   292.766
943000   287.763
944000   291.682
945000   288.408
946000   284.329
947000   289.335
948000   287.549
949000   288.689
950000   290.101
951000   293.863
952000   289.664
953000   289.869
954000   286.013
955000   283.482
956000   290.277
957000   290.075
958000   288.737
959000   293.666
960000    293.77
961000   288.903
962000   287.979
963000   290.522
964000   291.256
965000   286.737
966000   281.178
967000   280.542
968000   282.943
969000   285.548
970000   282.398
971000   279.631
972000   277.524
973000   278.371
974000   283.401
975000   285.208
976000   289.316
977000    283.58
978000   283.794
979000   282.506
980000   283.047
981000   287.083
982000   283.213
983000   283.894
984000   287.765
985000   286.421
986000   296.393
987000   296.349
988000   290.211
989000   296.208
990000   286.824
991000    283.51
992000   283.192
993000    281.35
994000   292.431
995000   289.961
996000    290.31
997000   285.535
998000   282.795
999000   281.464
1000000   282.848
1001000   282.978
1002000   280.315
1003000    283.21
1004000   285.853
1005000   288.481
1006000   284.635
1007000    286.66
1008000   286.912
1009000   289.634
1010000    286.45
1011000   286.521
1012000    288.74
1013000   286.027
1014000   287.173
1015000   286.785
1016000   291.052
1017000   291.944
1018000   290.158
1019000   288.447
1020000   289.958
1021000   294.208
1022000   289.979
1023000   295.836
1024000   284.735
1025000   285.239
1026000   287.457
1027000   289.437
1028000   290.581
1029000   289.861
1030000   283.036
1031000   286.021
1032000   284.203
1033000   286.787
1034000   282.759
1035000   282.645
1036000    288.43
1037000   292.315
1038000   289.955
1039000   291.552
1040000   285.258
1041000     284.5
1042000   287.565
1043000   288.089
1044000   288.506
1045000   286.974
1046000   293.857
1047000   292.515
1048000   294.768
1049000   290.485
1050000   286.384
1051000   283.118
1052000   286.393
1053000   291.041
1054000   285.551
1055000   284.988
1056000   283.558
1057000   278.759
1058000    286.53
1059000   280.717
1060000   290.873
1061000   294.772
1062000   298.248
1063000   289.282
1064000   294.538
1065000   284.212
1066000   290.393
1067000   290.682
1068000   290.498
1069000   287.129
1070000   288.019
1071000   294.746
1072000    292.18
1073000   285.956
1074000   282.577
1075000    287.87
1076000   288.234
1077000   284.187
1078000   289.312
1079000   291.183
1080000   296.001
1081000   293.032
1082000    294.13
1083000   291.086
1084000   289.519
1085000   292.725
1086000   292.721
1087000   289.922
1088000   287.976
1089000   284.228
1090000   284.833
1091000   284.869
1092000   280.809
1093000   281.935
1094000   284.841
1095000   288.144
1096000   288.055
1097000   293.121
1098000   292.039
1099000   287.867
1100000   287.097
1101000   286.569
1102000   289.751
1103000   285.871
1104000   289.074
1105000   285.929
1106000   287.257
1107000    285.73
1108000   287.363
1109000   282.961
1110000   287.696
1111000   289.396
1112000   288.071
1113000   287.793
1114000   292.004
1115000   287.951
1116000   292.336
1117000   294.426
1118000   288.249
1119000   292.018
1120000   290.495
1121000   292.531
1122000   291.459
1123000   287.631
1124000   292.163
1125000   288.809
1126000     285.7
1127000   293.599
1128000   288.607
1129000   293.247
1130000   293.867
1131000   287.313
1132000       286
1133000   286.643
1134000   287.069
1135000   291.569
1136000   287.774
1137000    287.81
1138000   287.631
1139000   285.928
1140000   290.755
1141000   288.732
1142000   287.236
1143000   285.287
1144000   288.294
1145000    291.98
1146000   295.413
1147000   292.908
1148000   295.475
1149000   294.024
1150000   297.567
1151000   294.288
1152000   293.546
1153000   295.772
1154000   290.701
1155000   286.257
1156000   289.373
1157000   289.189
1158000   282.326
1159000   281.754
1160000   284.524
1161000   290.494
1162000   287.222
1163000   287.749
1164000    282.61
1165000    279.65
1166000   281.712
1167000   282.279
1168000   278.553
1169000   280.294
1170000   285.104
1171000   287.609
1172000   286.494
1173000   285.951
1174000   288.883
1175000   286.878
1176000   289.204
1177000   287.335
1178000   290.123
1179000   291.663
1180000   288.312
1181000     293.4
1182000   294.682
1183000   291.726
1184000   293.105
1185000   288.535
1186000   286.071
1187000   288.887
1188000   289.438
1189000    285.95
1190000   290.175
1191000   290.324
1192000   289.692
1193000   291.969
1194000   294.211
1195000   293.088
1196000   292.118
1197000   287.687
1198000   286.389
1199000   289.892
1200000   283.818
1201000   283.728
1202000   284.031
1203000   283.068
1204000   286.023
1205000   285.795
1206000   291.423
1207000   289.913
1208000   287.606
1209000   290.991
1210000   287.654
1211000     288.3
1212000   283.553
1213000    286.27
1214000    291.19
1215000   291.505
1216000   290.891
1217000   291.757
1218000   292.125
1219000   293.706
1220000   294.716
1221000   292.782
1222000   290.829
1223000   285.654
1224000   281.824
1225000   282.244
1226000   282.964
1227000   285.802
1228000   282.753
1229000   283.131
1230000   282.916
1231000   279.275
1232000   280.969
1233000   284.531
1234000   292.525
1235000   290.707
1236000   289.596
1237000    288.66
1238000   284.977
1239000   282.824
1240000   281.371
1241000   281.958
1242000   277.609
1243000   284.944
1244000    285.26
1245000   284.398
1246000   286.735
1247000   283.882
1248000   289.997
1249000   292.255
1250000   293.018
1251000   290.942
1252000   287.631
1253000   287.463
1254000   283.876
1255000   282.678
1256000   286.284
1257000   283.021
1258000   281.716
1259000   283.645
1260000   286.689
1261000   287.376
1262000    281.04
1263000   282.586
1264000   281.782
1265000   287.375
1266000   287.934
1267000   288.777
1268000   284.247
1269000   281.286
1270000   286.657
1271000   282.354
1272000   280.964
1273000   284.831
1274000   286.472
1275000   286.581
1276000   289.026
1277000    287.52
1278000   287.802
1279000   288.373
1280000   284.429
1281000   285.541
1282000   282.086
1283000   284.857
1284000   284.245
1285000    284.68
1286000   278.277
1287000   276.399
1288000   276.432
1289000   280.512
1290000   279.592
1291000   277.573
1292000    277.51
1293000   283.292
1294000   286.126
1295000   285.284
1296000   289.823
1297000   283.252
1298000   288.679
1299000   288.024
1300000   291.184
1301000   289.343
1302000   281.952
1303000    280.84
1304000   288.351
1305000   289.853
1306000   285.677
1307000   285.787
1308000   281.799
1309000   286.551
1310000   287.714
1311000   282.729
1312000   288.061
1313000   285.609
1314000   287.089
1315000   286.422
1316000   284.487
1317000   287.655
1318000   284.087
1319000   287.468
1320000   282.968
1321000   290.661
1322000   287.807
1323000    290.43
1324000    285.02
1325000   294.138
1326000   291.106
1327000   290.279
1328000   291.648
1329000   288.965
1330000   285.021
1331000   289.489
1332000   286.475
1333000   285.217
1334000   288.672
1335000   285.845
1336000   292.064
1337000   291.581
1338000   287.468
1339000   289.123
1340000   284.133
1341000    283.76
1342000   282.419
1343000   287.193
1344000   287.132
1345000   275.629
1346000   277.926
1347000   280.426
1348000   286.073
1349000   286.811
1350000    288.26
1351000   288.795
1352000   287.244
1353000   283.203
1354000   290.071
1355000   289.482
1356000   284.858
1357000   278.893
1358000   280.938
1359000   280.481
1360000   281.972
1361000    277.87
1362000   282.461
1363000   287.861
1364000    282.44
1365000    286.56
1366000   286.979
1367000   283.333
1368000   284.888
1369000   281.929
1370000   285.973
1371000   282.035
1372000    283.45
1373000   282.245
1374000   285.706
1375000   286.212
1376000   284.713
1377000   286.765
1378000   289.781
1379000   287.979
1380000   291.401
1381000   292.305
1382000   284.934
1383000   286.305
1384000   282.875
1385000   281.996
1386000   281.756
1387000   286.449
1388000   286.882
1389000   281.119
1390000   285.776
1391000   292.015
1392000   291.061
1393000   286.836
1394000   288.195
1395000   286.322
1396000    285.12
1397000   288.614
1398000   288.251
1399000   286.827
1400000   288.507
1401000   291.127
1402000   288.987
1403000   291.004
1404000   286.353
1405000   288.024
1406000   285.424
1407000    281.62
1408000   285.239
1409000    284.19
1410000   283.809
1411000   286.302
1412000   288.432
1413000   293.686
1414000   292.735
1415000   294.669
1416000   296.272
1417000   295.439
1418000   296.335
1419000   290.184
1420000   291.241
1421000   298.786
1422000   297.275
1423000   295.408
1424000   297.361
1425000   292.475
1426000   294.283
1427000   291.529
1428000   289.282
1429000   289.547
1430000   289.997
1431000   288.927
1432000   284.895
1433000   285.474
1434000   290.894
1435000   289.604
1436000   287.323
1437000   288.067
1438000   292.712
1439000   291.284
1440000   287.868
1441000   288.085
1442000   288.713
1443000   289.246
1444000   290.232
1445000   289.805
1446000   290.205
1447000    290.59
1448000   294.246
1449000   291.992
1450000   291.879
1451000   294.636
1452000   294.427
1453000   289.547
1454000   291.481
1455000   292.425
1456000   293.726
1457000   286.105
1458000   286.481
1459000   288.627
1460000   286.529
1461000   287.708
1462000   283.862
1463000   285.086
1464000   288.428
1465000   286.481
1466000   284.472
1467000   283.552
1468000   284.321
1469000   285.459
1470000   284.285
1471000   289.936
1472000   284.247
1473000   287.397
1474000   292.021
1475000   282.485
1476000   284.704
1477000   283.836
1478000   284.501
1479000   279.764
1480000   280.616
1481000   284.068
1482000   284.353
1483000   278.867
1484000   286.781
1485000   285.192
1486000   287.784
1487000   290.131
1488000    284.86
1489000    279.28
1490000   281.485
1491000   287.796
1492000   286.011
1493000    284.08
1494000   282.598
1495000   279.458
1496000   279.711
1497000   280.079
1498000   279.426
1499000   280.587
1500000   285.322
1501000   280.893
1502000   280.132
1503000   279.614
1504000   283.253
1505000   282.126
1506000   280.939
1507000   283.138
1508000   283.769
1509000   284.725
1510000   288.205
1511000   285.419
1512000   283.772
1513000   281.026
1514000   282.949
1515000   285.635
1516000   286.367
1517000   283.584
1518000   284.019
1519000   286.167
1520000   286.918
1521000   288.046
1522000   287.049
1523000   289.866
1524000   289.409
1525000   289.665
1526000    288.02
1527000   285.161
1528000   283.857
1529000   287.675
1530000   284.797
1531000   284.195
1532000   284.937
1533000   282.894
1534000   280.091
1535000   286.941
1536000    284.98
1537000    279.23
1538000    280.41
1539000   278.489
1540000   280.995
1541000   282.287
1542000   280.546
1543000    288.38
1544000   285.713
1545000   287.421
1546000   287.894
1547000   287.678
1548000   284.681
1549000    285.65
1550000   281.217
1551000   280.882
1552000   281.766
1553000   283.384
1554000   281.598
1555000   277.655
1556000   278.878
1557000   274.814
1558000   276.532
1559000   280.801
1560000   284.644
1561000   285.325
1562000   287.855
1563000   291.143
1564000   287.729
1565000   284.355
1566000   282.589
1567000   287.252
1568000   290.187
1569000   284.369
1570000   284.677
1571000   277.167
1572000   274.532
1573000   276.621
1574000   278.087
1575000   274.926
1576000    278.51
1577000   278.149
1578000   280.929
1579000   285.101
1580000   282.127
1581000    280.66
1582000   288.746
1583000   286.018
1584000   284.783
1585000   289.662
1586000   295.687
1587000   293.801
1588000   294.467
1589000   292.264
1590000   286.402
1591000   287.535
1592000   292.088
1593000   286.616
1594000   289.046
1595000   289.891
1596000   289.455
1597000   287.105
1598000   288.433
1599000   289.208
1600000   287.294
1601000   289.532
1602000   292.337
1603000   287.826
1604000   290.154
1605000   289.029
1606000   293.666
1607000   293.767
1608000   293.175
1609000   293.959
1610000   290.119
1611000   289.657
1612000   292.444
1613000    293.73
1614000   292.072
1615000   285.395
1616000   288.215
1617000    289.88
1618000   282.686
1619000   282.785
1620000   284.386
1621000     285.7
1622000    280.25
1623000   284.162
1624000   284.434
1625000   283.456
1626000   286.318
1627000   277.726
1628000   281.956
1629000   285.484
1630000   286.487
1631000   288.809
1632000   288.244
1633000   287.546
1634000   291.958
1635000   281.802
1636000   283.046
1637000   282.474
1638000    285.77
1639000   283.602
1640000   281.363
1641000   285.455
1642000   287.088
1643000   287.891
1644000   291.876
1645000   290.112
1646000   288.663
1647000   292.898
1648000   296.399
1649000    289.88
1650000   287.493
1651000   290.563
1652000   289.989
1653000   289.872
1654000   291.905
1655000   292.048
1656000   293.925
1657000    286.03
1658000   289.779
1659000   286.652
1660000   287.282
1661000   285.358
1662000    288.31
1663000   284.001
1664000   286.203
1665000   286.656
1666000   288.773
1667000   286.846
1668000   289.339
1669000   290.638
1670000   285.081
1671000   289.458
1672000   290.669
1673000   296.012
1674000   292.316
1675000   290.967
1676000   291.194
1677000   290.169
1678000   293.399
1679000   289.592
1680000   293.008
1681000   290.331
1682000   291.593
1683000   292.568
1684000   291.248
1685000   291.338
1686000   294.161
1687000   292.803
1688000   286.609
1689000   283.519
1690000   282.528
1691000   279.442
1692000     278.3
1693000   286.819
1694000   287.009
1695000   280.648
1696000    286.72
1697000   294.729
1698000   293.238
1699000   288.862
1700000   292.076
1701000   290.892
1702000   288.336
1703000    294.23
1704000   291.631
1705000   292.088
1706000   295.089
1707000    292.43
1708000   290.691
1709000   285.783
1710000   287.845
1711000   290.573
1712000   289.146
1713000   295.147
1714000   295.974
1715000   290.572
1716000    290.33
1717000   288.584
1718000   284.045
1719000   284.407
1720000   285.531
1721000   287.945
1722000    288.99
1723000   286.126
1724000   284.119
1725000   288.224
1726000   285.466
1727000   286.423
1728000   283.757
1729000   290.955
1730000   290.752
1731000   290.248
1732000   290.329
1733000   284.597
1734000   284.291
1735000   288.771
1736000   283.731
1737000   286.388
1738000   289.436
1739000   287.093
1740000   280.637
1741000   281.983
1742000   285.167
1743000    288.86
1744000   289.404
1745000    289.91
1746000   286.983
1747000   290.446
1748000   293.107
1749000   291.399
1750000    291.59
1751000   289.499
1752000   290.416
1753000   291.096
1754000   293.925
1755000   292.117
1756000   287.845
1757000   290.921
1758000   281.678
1759000   280.685
1760000   281.725
1761000   286.967
1762000   283.662
1763000   280.879
1764000   288.949
1765000    286.87
1766000   286.351
1767000   283.889
1768000    286.89
1769000   288.963
1770000   295.116
1771000    299.03
1772000   296.872
1773000    294.33
1774000   304.482
1775000   295.095
1776000   290.064
1777000    284.45
1778000   289.966
1779000   283.243
1780000   288.547
1781000   288.301
1782000   283.118
1783000   287.429
1784000   290.891
1785000   290.514
1786000   285.615
1787000   289.617
1788000   286.144
1789000   291.015
1790000   285.031
1791000   284.474
1792000   279.883
1793000    285.78
1794000   290.135
1795000   290.875
1796000   286.272
1797000   287.051
1798000   284.461
1799000   283.123
1800000   281.354
1801000   280.269
1802000   278.362
1803000   281.346
1804000    279.48
1805000   287.087
1806000   285.122
1807000   282.704
1808000   281.047
1809000   283.672
1810000    288.24
1811000   286.039
1812000   285.261
1813000   285.983
1814000   284.353
1815000   291.654
1816000   293.823
1817000   288.761
1818000   290.743
1819000     292.5
1820000   288.631
1821000   289.882
1822000   291.507
1823000    294.15
1824000   289.872
1825000   283.576
1826000   288.664
1827000    291.12
1828000   287.968
1829000   283.238
1830000   291.258
1831000   290.549
1832000   290.699
1833000   288.421
1834000   289.053
1835000   290.053
1836000   293.059
1837000   289.614
1838000   290.337
1839000   285.085
1840000    292.65
1841000    293.85
1842000   294.747
1843000    289.01
1844000   291.763
1845000   294.946
1846000   294.877
1847000   293.672
1848000   295.457
1849000   294.785
1850000   291.651
1851000   290.133
1852000   289.911
1853000   291.604
1854000   291.195
1855000   285.529
1856000    290.23
1857000    289.88
1858000   286.487
1859000   288.078
1860000   286.825
1861000   294.312
1862000    288.52
1863000   287.204
1864000   287.729
1865000   286.177
1866000   288.316
1867000   284.706
1868000    286.19
1869000   281.682
1870000   289.656
1871000   284.295
1872000   282.267
1873000   284.513
1874000   284.524
1875000    281.39
1876000   287.526
1877000   285.738
1878000   284.763
1879000   288.832
1880000   282.536
1881000    279.08
1882000     281.8
1883000   287.828
1884000   283.888
1885000   283.949
1886000   282.876
1887000   283.416
1888000   284.403
1889000   284.121
1890000   281.493
1891000   279.969
1892000   281.124
1893000   284.791
1894000   284.876
1895000   285.111
1896000   283.494
1897000   285.583
1898000   285.655
1899000   289.512
1900000   289.908
1901000   293.174
1902000   290.042
1903000   286.052
1904000   284.009
1905000   287.729
1906000   288.267
1907000   288.767
1908000   289.737
1909000   290.702
1910000   284.139
1911000   281.259
1912000   284.211
1913000   282.313
1914000   285.463
1915000   290.495
1916000   288.059
1917000   286.407
1918000   290.798
1919000   290.181
1920000   290.973
1921000    288.47
1922000   290.308
1923000   283.366
1924000   279.037
1925000   285.805
1926000    283.29
1927000   280.783
1928000   283.953
1929000    285.33
1930000   283.581
1931000   283.502
1932000   287.095
1933000   287.364
1934000   287.643
1935000   285.589
1936000   284.905
1937000   285.482
1938000   286.671
1939000   290.284
1940000   293.431
1941000   289.436
1942000   286.147
1943000   286.773
1944000   290.529
1945000   285.759
1946000   291.151
1947000   281.884
1948000   282.433
1949000   284.004
1950000   285.727
1951000   286.818
1952000   283.611
1953000   281.503
1954000   285.157
1955000   287.966
1956000   285.178
1957000   286.834
1958000   288.959
1959000   290.361
1960000   282.447
1961000   288.827
1962000   284.409
1963000   279.585
1964000   281.081
1965000   282.323
1966000   277.489
1967000   279.153
1968000   281.083
1969000   278.475
1970000   284.706
1971000   287.048
1972000   292.296
1973000   288.359
1974000   281.694
1975000   285.455
1976000   282.979
1977000   282.473
1978000   280.448
1979000   289.495
1980000    289.23
1981000   284.918
1982000   281.272
1983000   285.053
1984000   288.206
1985000   284.593
1986000   281.007
1987000   283.197
1988000    282.79
1989000   283.172
1990000   284.142
1991000   288.298
1992000   280.479
1993000   281.809
1994000   285.288
1995000   280.519
1996000   290.623
1997000   288.675
1998000   284.804
1999000   284.298
2000000    282.37
2001000   282.246
2002000   285.032
2003000    289.15
2004000   290.283
2005000   288.441
2006000    288.47
2007000   288.806
2008000   294.122
2009000   294.997
2010000   286.306
2011000    289.16
2012000   291.461
2013000   291.207
2014000    283.76
2015000   285.027
2016000   288.677
2017000   290.637
2018000    288.75
2019000   291.641
2020000   285.521
2021000   290.979
2022000   289.547
2023000   279.167
2024000   286.522
2025000   290.179
2026000   291.296
2027000   291.698
2028000    285.16
2029000   290.791
2030000   290.171
2031000   286.369
2032000    284.47
2033000   283.449
2034000   283.541
2035000   287.421
2036000   286.697
2037000   284.118
2038000   290.095
2039000   284.949
2040000   286.829
2041000   287.886
2042000    292.22
2043000   288.302
2044000   282.993
2045000   286.096
2046000    282.43
2047000   285.558
2048000   278.359
2049000   280.545
2050000   280.352
2051000   281.338
2052000   285.026
2053000   285.671
2054000   285.787
2055000   289.359
2056000   283.268
2057000   286.864
2058000   284.641
2059000   282.688
2060000   285.699
2061000     281.3
2062000   284.736
2063000   283.348
2064000   287.285
2065000   288.204
2066000   287.918
2067000   284.701
2068000   289.793
2069000   286.451
2070000   286.942
2071000   293.382
2072000   288.479
2073000   286.501
2074000   285.979
2075000   286.187
2076000   285.742
2077000   288.106
2078000   281.177
2079000    281.46
2080000   283.525
2081000   286.807
2082000   282.798
2083000   280.475
2084000   285.168
2085000   281.912
2086000   285.677
2087000   285.308
2088000   287.316
2089000   284.011
2090000   287.936
2091000   286.918
2092000   289.337
2093000   288.631
2094000   292.479
2095000   292.375
2096000   288.989
2097000   283.817
2098000   281.856
2099000   278.366
2100000   279.452
2101000   281.133
2102000   278.932
2103000    279.38
2104000   280.225
2105000   279.596
2106000   281.581
2107000   283.453
2108000   287.091
2109000   284.347
2110000   286.343
2111000   285.165
2112000    284.14
2113000   278.858
2114000   279.955
2115000   285.593
2116000   286.816
2117000   285.215
2118000   283.857
2119000    288.65
2120000    291.67
2121000   283.843
2122000   282.851
2123000   285.706
2124000   286.831
2125000   283.161
2126000   282.385
2127000   283.031
2128000   283.254
2129000   285.066
2130000   287.068
2131000   282.863
2132000   285.298
2133000   284.043
2134000   284.364
2135000   281.886
2136000   283.292
2137000   286.953
2138000   286.442
2139000   280.713
2140000   279.931
2141000   286.976
2142000    285.65
2143000   290.682
2144000   287.371
2145000   291.149
2146000   293.345
2147000   294.518
2148000   292.868
2149000   290.745
2150000   287.575
2151000   286.612
2152000   287.516
2153000   292.784
2154000   294.991
2155000   295.169
2156000   290.336
2157000   285.817
2158000   284.487
2159000   283.216
2160000   283.954
2161000   288.365
2162000   287.085
2163000   284.839
2164000   284.464
2165000   281.696
2166000   283.841
2167000   282.214
2168000   282.404
2169000   279.335
2170000   282.594
2171000   280.285
2172000   278.394
2173000   281.139
2174000   282.979
2175000   284.678
2176000   287.219
2177000   291.266
2178000   280.713
2179000   284.883
2180000   288.263
2181000   287.237
2182000    290.24
2183000   298.461
2184000   284.609
2185000    287.07
2186000   284.378
2187000   285.045
2188000   289.354
2189000   291.293
2190000   287.088
2191000    285.03
2192000   284.327
2193000   283.685
2194000   284.378
2195000   282.078
2196000   280.858
2197000   281.134
2198000   278.977
2199000    283.78
2200000   284.753
2201000   284.229
2202000   286.945
2203000   287.653
2204000   289.692
2205000   284.509
2206000   281.154
2207000    278.88
2208000   278.797
2209000   283.352
2210000   283.162
2211000   283.557
2212000   284.912
2213000   283.228
2214000   285.987
2215000   286.705
2216000   283.521
2217000   283.585
2218000   285.245
2219000   289.099
2220000   275.653
2221000   280.617
2222000   280.426
2223000   283.889
2224000   282.238
2225000   282.836
2226000   278.947
2227000   282.359
2228000   282.825
2229000   281.271
2230000   281.046
2231000   284.883
2232000   277.521
2233000   278.692
2234000   283.764
2235000   285.898
2236000   279.817
2237000   283.663
2238000   288.363
2239000   286.799
2240000   282.989
2241000   282.677
2242000   285.313
2243000   286.481
2244000   285.717
2245000   286.683
2246000   281.998
2247000   285.665
2248000   289.355
2249000   283.831
2250000   283.793
2251000   282.829
2252000    279.89
2253000   282.428
2254000   280.365
2255000   277.437
2256000   279.119
2257000   276.211
2258000   282.466
2259000   280.404
2260000   281.332
2261000   280.015
2262000   274.224
2263000   274.225
2264000   276.403
2265000   280.307
2266000   283.093
2267000   287.886
2268000   283.967
2269000   288.798
2270000   286.584
2271000    286.37
2272000   282.531
2273000   278.766
2274000   283.076
2275000   285.203
2276000   286.009
2277000   282.037
2278000   282.863
2279000   282.829
2280000   289.541
2281000   287.158
2282000   289.378
2283000   288.307
2284000   288.795
2285000   283.606
2286000   287.155
2287000   288.295
2288000   285.571
2289000   282.832
2290000   281.837
2291000   283.034
2292000   282.783
2293000     284.9
2294000   280.217
2295000   279.053
2296000    288.04
2297000   286.115
2298000   283.694
2299000   288.055
2300000   289.586
2301000   298.599
2302000   287.868
2303000   286.998
2304000   288.609
2305000   286.536
2306000   283.704
2307000    283.87
2308000   285.937
2309000   286.547
2310000   289.369
2311000    289.04
2312000   287.572
2313000   292.307
2314000   291.371
2315000   291.729
2316000   287.367
2317000   290.498
2318000    290.32
2319000   292.348
2320000   288.162
2321000   292.016
2322000    289.73
2323000    295.02
2324000   289.398
2325000   285.647
2326000   294.419
2327000    297.05
2328000   299.563
2329000   292.685
2330000   293.065
2331000   293.284
2332000   293.197
2333000     289.4
2334000   293.589
2335000   292.051
2336000    292.66
2337000   293.499
2338000   288.245
2339000   287.945
2340000   285.014
2341000   289.076
2342000   289.414
2343000   291.182
2344000     289.9
2345000   288.942
2346000   287.859
2347000   292.955
2348000   293.711
2349000    291.48
2350000    293.44
2351000   294.023
2352000   293.144
2353000   291.255
2354000   288.059
2355000   290.065
2356000    293.14
2357000   291.308
2358000    290.86
2359000   290.998
2360000    282.27
2361000   281.881
2362000    288.27
2363000   288.907
2364000    286.27
2365000   276.745
2366000   284.838
2367000   285.565
2368000   279.304
2369000   280.156
2370000   282.919
2371000   285.513
2372000   287.058
2373000   285.633
2374000    290.02
2375000   289.362
2376000   292.311
2377000   291.485
2378000   293.834
2379000   290.376
2380000   288.122
2381000    289.81
2382000   288.681
2383000   291.931
2384000   291.667
2385000   286.241
2386000   288.124
2387000   289.242
2388000   292.959
2389000   290.942
2390000   288.252
2391000   289.585
2392000   289.605
2393000   286.462
2394000   288.091
2395000    282.75
2396000   282.783
2397000   288.556
2398000   286.204
2399000   283.359
2400000   289.945
2401000   291.578
2402000   288.944
2403000   288.002
2404000    286.28
2405000   290.523
2406000   290.727
2407000   286.641
2408000   295.056
2409000   292.567
2410000   291.973
2411000   297.966
2412000   294.279
2413000   290.341
2414000   293.121
2415000   290.271
2416000   291.218
2417000   289.786
2418000   285.162
2419000   288.631
2420000   284.051
2421000   282.915
2422000   285.062
2423000   284.141
2424000   288.366
2425000   289.742
2426000   288.968
2427000   292.051
2428000   286.624
2429000   289.111
2430000   287.117
2431000   287.207
2432000   289.582
2433000   291.898
2434000   290.709
2435000   286.954
2436000   285.117
2437000   281.293
2438000   285.436
2439000    281.35
2440000   282.559
2441000   283.915
2442000   283.664
2443000   280.977
2444000   283.991
2445000    286.76
2446000    286.62
2447000   287.669
2448000   285.983
2449000   286.605
2450000   287.997
2451000   295.646
2452000   299.854
2453000   295.584
2454000   293.235
2455000   294.402
2456000   292.272
2457000   289.289
2458000   291.144
2459000   290.257
2460000   296.215
2461000    295.02
2462000   297.887
2463000   303.394
2464000   294.452
2465000   292.701
2466000   294.413
2467000   292.583
2468000   293.301
2469000   287.707
2470000   290.107
2471000   289.816
2472000   290.538
2473000   290.575
2474000   286.126
2475000   285.027
2476000   286.716
2477000   292.315
2478000   284.909
2479000   281.912
2480000   292.093
2481000     286.9
2482000   280.336
2483000   286.119
2484000   287.537
2485000   283.317
2486000   285.132
2487000   293.566
2488000   288.448
2489000   291.456
2490000   297.743
2491000   292.816
2492000   294.563
2493000   289.166
2494000   284.725
2495000   284.727
2496000   294.686
2497000   292.345
2498000   292.696
2499000   287.034
2500000   284.551
2501000   284.175
2502000   286.299
2503000    287.35
2504000   283.002
2505000   281.095
2506000   282.988
2507000   286.394
2508000   289.049
2509000   291.476
2510000   293.242
2511000   287.701
2512000   290.305
2513000   292.638
2514000   292.806
2515000   294.114
2516000   294.994
2517000   290.661
2518000   293.368
2519000   292.227
2520000   286.671
2521000   288.615
2522000   287.617
2523000   287.704
2524000   290.737
2525000   288.552
2526000   296.634
2527000    287.69
2528000   290.672
2529000   288.855
2530000   286.845
2531000   283.165
2532000    288.01
2533000   285.523
2534000   288.989
2535000   287.582
2536000   287.644
2537000     282.4
2538000   286.665
2539000   284.566
2540000   278.312
2541000   277.314
2542000   283.344
2543000   283.341
2544000   279.642
2545000   284.179
2546000   281.359
2547000   284.824
2548000   286.401
2549000    288.39
2550000   291.327
2551000    285.85
2552000   282.102
2553000   279.378
2554000   287.062
2555000   285.692
2556000   282.069
2557000   292.236
2558000   285.402
2559000   287.187
2560000   290.764
2561000   289.098
2562000   286.669
2563000   286.855
2564000   288.504
2565000   287.788
2566000   292.619
2567000   286.067
2568000   288.404
2569000   291.434
2570000   287.943
2571000   290.348
2572000   292.791
2573000   292.179
2574000    291.12
2575000   285.685
2576000   289.364
2577000   295.623
2578000   285.989
2579000   282.539
2580000   281.795
2581000   290.494
2582000   291.632
2583000   288.545
2584000     287.3
2585000   287.052
2586000   287.385
2587000   284.481
2588000   279.776
2589000   280.849
2590000   281.679
2591000   278.776
2592000   277.495
2593000   275.434
2594000   277.798
2595000   275.645
2596000   278.288
2597000   279.797
2598000   276.906
2599000    276.76
2600000   276.735
2601000   277.221
2602000   279.447
2603000   280.396
2604000   280.995
2605000   276.993
2606000   278.823
2607000   282.189
2608000   284.405
2609000   281.035
2610000   282.776
2611000   282.605
2612000   283.892
2613000   291.136
2614000   288.407
2615000   290.051
2616000   290.594
2617000   285.073
2618000   285.461
2619000   282.016
2620000   280.536
2621000   287.501
2622000   288.408
2623000   284.898
2624000   286.705
2625000   289.111
2626000    291.75
2627000   286.833
2628000   287.257
2629000   285.374
2630000   290.172
2631000   292.274
2632000    294.28
2633000   299.961
2634000   297.669
2635000   292.071
2636000   293.793
2637000   297.311
2638000   290.409
2639000   289.038
2640000   287.184
2641000   287.629
2642000   277.271
2643000   279.131
2644000   284.111
2645000   282.427
2646000   287.137
2647000    292.71
2648000   290.583
2649000   295.519
2650000   290.209
2651000   290.061
2652000   294.805
2653000   293.528
2654000   291.654
2655000       291
2656000   284.959
2657000   283.495
2658000   288.171
2659000   285.553
2660000   288.803
2661000   285.595
2662000   287.012
2663000   289.715
2664000   290.037
2665000   289.762
2666000   288.385
2667000   288.016
2668000   287.926
2669000   290.005
2670000    286.71
2671000   289.848
2672000   284.477
2673000   279.938
2674000   283.723
2675000   285.403
2676000   281.115
2677000   279.508
2678000   283.367
2679000   287.614
2680000   287.853
2681000   284.846
2682000   287.059
2683000    284.04
2684000    285.98
2685000   288.228
2686000   287.908
2687000    295.07
2688000   287.052
2689000    286.56
2690000   287.627
2691000   290.418
2692000   294.581
2693000   294.164
2694000   291.711
2695000   293.504
2696000   293.473
2697000   291.664
2698000   294.434
2699000   291.243
2700000   283.563
2701000   288.192
2702000   288.825
2703000    286.92
2704000   289.396
2705000   291.275
2706000   294.778
2707000   288.875
2708000    292.78
2709000   290.421
2710000    293.19
2711000     289.2
2712000   282.532
2713000    287.51
2714000   292.395
2715000   292.442
2716000   296.887
2717000    295.25
2718000   295.254
2719000   296.225
2720000   292.809
2721000   292.677
2722000   292.726
2723000   288.165
2724000   299.984
2725000   299.324
2726000   296.649
2727000   290.149
2728000   291.193
2729000   292.963
2730000   289.327
2731000   286.092
2732000   289.951
2733000   290.141
2734000   289.853
2735000   289.747
2736000   289.361
2737000   291.797
2738000   293.149
2739000    285.23
2740000   286.334
2741000   291.828
2742000   289.779
2743000   294.131
2744000   290.299
2745000   291.453
2746000    279.37
2747000   282.546
2748000   283.478
2749000   285.796
2750000   283.619
2751000   287.589
2752000   282.814
2753000   287.374
2754000   286.811
2755000   289.735
2756000   284.182
2757000   286.647
2758000   284.883
2759000    291.65
2760000   289.328
2761000   283.829
2762000    284.35
2763000   288.389
2764000   289.519
2765000   286.496
2766000   291.245
2767000   289.862
2768000   290.576
2769000   288.249
2770000   292.261
2771000   295.611
2772000   290.463
2773000   286.987
2774000   287.518
2775000   290.626
2776000   293.018
2777000   293.034
2778000   290.316
2779000    285.09
2780000   290.346
2781000   288.163
2782000   295.208
2783000   294.304
2784000   298.261
2785000   300.069
2786000   300.501
2787000   292.772
2788000   298.622
2789000   294.463
2790000   292.867
2791000   294.592
2792000   292.307
2793000   289.918
2794000   294.205
2795000   284.229
2796000   287.468
2797000   291.527
2798000   295.057
2799000   294.665
2800000   292.345
2801000   294.287
2802000   290.309
2803000   295.029
2804000   293.048
2805000   294.272
2806000    293.89
2807000   293.572
2808000   292.753
2809000   293.732
2810000   290.925
2811000   286.889
2812000   293.436
2813000   297.531
2814000   289.563
2815000   294.078
2816000   290.374
2817000   284.625
2818000   287.202
2819000   287.542
2820000   289.444
2821000   288.381
2822000   288.085
2823000   285.529
2824000   282.861
2825000   283.631
2826000   285.797
2827000   287.809
2828000   289.599
2829000   286.013
2830000   284.319
2831000   283.081
2832000   284.386
2833000   288.676
2834000   289.133
2835000   288.485
2836000   283.119
2837000   286.011
2838000   287.753
2839000   294.241
2840000   293.902
2841000   297.639
2842000   303.097
2843000   299.651
2844000   299.129
2845000   290.818
2846000   292.845
2847000   289.677
2848000    286.71
2849000   290.909
2850000   288.559
2851000   292.551
2852000   293.904
2853000   286.622
2854000   288.546
2855000   288.089
2856000   283.048
2857000   285.809
2858000   285.825
2859000   286.996
2860000   285.742
2861000   293.154
2862000   288.204
2863000    289.09
2864000   290.548
2865000    280.92
2866000   280.843
2867000   282.542
2868000   290.321
2869000   287.697
2870000   284.649
2871000   291.213
2872000    293.82
2873000    289.64
2874000   292.254
2875000   293.438
2876000   293.279
2877000   300.383
2878000   293.218
2879000   288.525
2880000    289.48
2881000   285.783
2882000   285.558
2883000   284.626
2884000   286.277
2885000   288.166
2886000   288.229
2887000   283.238
2888000   279.499
2889000   278.509
2890000   286.343
2891000   286.371
2892000   282.355
2893000   285.599
2894000   287.966
2895000   285.115
2896000    280.55
2897000   280.737
2898000   276.496
2899000    278.19
2900000   279.659
2901000   279.006
2902000   284.237
2903000   285.228
2904000   281.866
2905000   284.115
2906000   285.164
2907000   294.857
2908000   294.713
2909000   294.685
2910000   291.685
2911000   284.052
2912000    287.27
2913000   286.742
2914000    288.92
2915000   292.961
2916000   291.816
2917000   293.622
2918000   288.672
2919000   292.516
2920000   291.615
2921000   291.123
2922000   290.694
2923000    290.99
2924000   288.846
2925000   287.041
2926000   287.927
2927000   291.694
2928000   285.889
2929000   286.923
2930000   292.351
2931000   293.105
2932000    291.05
2933000   289.717
2934000   285.817
2935000    292.29
2936000   295.777
2937000   290.445
2938000   296.015
2939000   295.192
2940000   289.466
2941000   292.094
2942000    289.27
2943000   289.407
2944000   292.914
2945000    293.48
2946000   289.479
2947000   286.604
2948000   285.358
2949000   283.308
2950000   286.866
2951000   286.713
2952000   289.707
2953000   296.692
2954000   296.136
2955000   289.096
2956000   291.342
2957000    289.64
2958000   291.707
2959000   289.657
2960000   290.542
2961000   286.506
2962000   286.721
2963000   290.862
2964000   292.118
2965000   285.663
2966000   287.654
2967000   284.729
2968000    286.24
2969000   286.705
2970000   284.622
2971000   284.523
2972000   287.988
2973000   291.014
2974000   286.708
2975000   289.842
2976000   291.095
2977000   292.353
2978000   297.455
2979000   288.275
2980000   292.452
2981000    292.12
2982000   290.458
2983000   288.832
2984000    289.54
2985000   286.355
2986000   286.253
2987000   287.243
2988000   291.574
2989000   288.728
2990000    290.46
2991000   294.061
2992000   291.072
2993000   288.649
2994000   282.454
2995000   289.724
2996000   289.911
2997000   286.705
2998000    282.63
2999000   280.665
3000000   277.006
3001000   277.729
3002000   279.057
3003000   274.129
3004000   278.894
3005000   277.419
3006000    281.68
3007000   281.844
3008000   274.811
3009000    284.42
3010000   286.969
3011000   283.732
3012000    278.26
3013000   277.598
3014000    280.12
3015000   284.623
3016000    285.64
3017000   283.288
3018000   286.537
3019000   283.737
3020000   284.007
3021000    283.82
3022000   286.356
3023000   285.516
3024000   286.662
3025000    284.03
3026000    289.22
3027000   291.649
3028000   290.459
3029000   292.879
3030000    290.39
3031000   293.991
3032000   292.531
3033000   294.865
3034000   299.339
3035000    299.13
3036000   292.761
3037000   291.959
3038000   287.795
3039000   281.023
3040000   285.129
3041000   284.844
3042000   291.748
3043000   290.323
3044000   292.682
3045000   292.889
3046000   284.524
3047000   282.992
3048000   284.989
3049000    284.17
3050000   286.875
3051000   286.218
3052000   286.935
3053000   292.748
3054000   297.686
3055000   299.052
3056000   296.743
3057000    297.18
3058000   290.666
3059000   294.089
3060000   296.789
3061000   294.402
3062000   288.826
3063000   286.253
3064000   288.034
3065000   288.682
3066000   292.897
3067000   288.508
3068000   295.229
3069000   296.165
3070000    296.67
3071000   291.698
3072000   285.107
3073000   289.629
3074000    296.44
3075000   289.801
3076000   288.857
3077000   289.802
3078000   290.533
3079000   292.397
3080000   289.439
3081000   292.947
3082000   289.603
3083000    290.97
3084000   290.151
3085000   290.121
3086000   290.499
3087000    284.41
3088000   286.503
3089000    291.98
3090000   295.859
3091000   289.912
3092000   287.832
3093000   286.632
3094000   284.187
3095000   280.363
3096000   285.722
3097000   285.072
3098000   285.235
3099000   289.224
3100000   289.073
3101000   290.596
3102000   288.006
3103000   287.506
3104000   282.579
3105000    288.41
3106000   288.088
3107000   290.902
3108000   286.492
3109000    290.86
3110000   287.672
3111000   288.699
3112000   290.175
3113000   286.731
3114000   285.957
3115000   292.135
3116000   298.638
3117000   297.455
3118000   295.748
3119000   295.517
3120000   292.592
3121000    287.95
3122000   290.768
3123000   292.918
3124000   291.709
3125000   291.439
3126000   294.577
3127000   289.533
3128000    286.81
3129000   281.875
3130000    277.73
3131000   282.404
3132000   282.451
3133000   284.595
3134000   286.405
3135000   284.364
3136000   282.558
3137000   289.112
3138000   282.813
3139000    284.09
3140000   279.902
3141000   284.779
3142000   280.334
3143000     288.1
3144000   292.883
3145000   288.053
3146000   290.272
3147000   291.068
3148000   289.488
3149000   294.834
3150000   290.228
3151000   291.308
3152000   293.695
3153000    298.05
3154000    291.94
3155000   289.443
3156000   289.387
3157000   291.097
3158000   293.099
3159000   292.843
3160000   285.387
3161000   283.788
3162000   287.184
3163000   288.299
3164000   287.302
3165000   287.558
3166000   283.756
3167000   290.093
3168000   290.207
3169000   288.915
3170000   283.622
3171000   288.058
3172000   293.833
3173000   292.905
3174000   292.529
3175000   288.214
3176000   289.896
3177000   293.102
3178000   293.566
3179000   289.746
3180000   285.816
3181000    288.12
3182000   289.683
3183000   293.096
3184000   292.173
3185000   292.366
3186000   291.585
3187000   289.222
3188000   291.224
3189000   284.032
3190000   284.496
3191000   284.924
3192000   287.426
3193000   290.461
3194000   288.615
3195000   289.869
3196000   285.034
3197000   283.105
3198000   281.872
3199000   282.056
3200000   284.622
3201000   280.528
3202000   281.706
3203000   280.552
3204000   284.844
3205000    282.31
3206000    282.03
3207000   285.039
3208000   284.056
3209000   288.628
3210000   286.297
3211000   279.578
3212000   279.156
3213000   279.281
3214000   280.727
3215000   280.865
3216000   286.993
3217000    286.27
3218000   282.851
3219000    285.44
3220000   287.833
3221000   284.134
3222000   291.093
3223000   289.789
3224000   287.247
3225000   288.354
3226000   286.814
3227000   286.946
3228000   283.435
3229000   287.892
3230000   285.961
3231000    290.36
3232000    282.77
3233000   282.985
3234000   285.287
3235000   287.083
3236000   294.924
3237000   288.942
3238000   287.626
3239000   285.465
3240000   290.125
3241000   295.174
3242000   296.943
3243000   291.503
3244000       295
3245000   296.299
3246000   300.664
3247000   295.182
3248000   292.339
3249000   286.321
3250000   285.395
3251000   286.641
3252000   288.078
3253000   292.754
3254000   291.137
3255000   290.715
3256000   289.909
3257000   287.838
3258000   284.927
3259000   284.094
3260000   283.065
3261000   289.254
3262000   285.855
3263000   284.905
3264000   285.919
3265000   286.263
3266000   285.731
3267000   284.779
3268000   290.312
3269000   287.861
3270000   288.076
3271000   279.469
3272000   286.881
3273000   282.235
3274000   281.409
3275000   285.968
3276000   286.085
3277000   288.159
3278000   286.837
3279000   287.195
3280000   284.314
3281000   289.178
3282000   283.002
3283000   286.859
3284000   286.125
3285000   284.221
3286000   280.792
3287000   280.955
3288000   279.666
3289000   280.411
3290000   286.461
3291000   281.853
3292000   286.062
3293000   285.348
3294000   284.679
3295000   283.984
3296000    288.39
3297000   281.863
3298000   280.334
3299000   278.209
3300000   285.873
3301000   285.705
3302000   287.175
3303000   288.301
3304000   285.454
3305000   287.426
3306000   287.202
3307000   282.066
3308000    279.26
3309000   278.308
3310000   286.225
3311000   288.995
3312000    283.18
3313000   287.398
3314000   281.381
3315000   286.648
3316000   294.333
3317000   289.828
3318000   286.282
3319000   293.333
3320000   294.019
3321000   290.183
3322000   291.613
3323000   294.819
3324000   291.081
3325000   285.593
3326000   288.231
3327000    287.39
3328000   285.591
3329000   289.272
3330000   294.831
3331000    291.19
3332000   296.084
3333000   288.128
3334000    289.62
3335000   295.146
3336000   290.602
3337000   288.238
3338000   288.495
3339000   291.756
3340000   292.371
3341000   293.738
3342000   292.069
3343000   297.138
3344000   295.355
3345000   293.805
3346000   293.617
3347000   288.495
3348000   286.827
3349000   284.709
3350000   289.431
3351000    292.12
3352000   291.246
3353000   295.578
3354000   290.722
3355000   295.109
3356000   293.445
3357000   296.057
3358000   295.798
3359000   293.968
3360000   291.986
3361000   292.093
3362000   291.251
3363000   293.527
3364000   290.132
3365000   291.354
3366000   286.994
3367000   286.383
3368000   291.881
3369000   288.615
3370000   288.198
3371000   290.171
3372000   286.401
3373000   284.612
3374000   287.153
3375000   288.818
3376000   286.512
3377000   289.485
3378000   288.149
3379000   291.226
3380000   286.734
3381000   287.546
3382000   288.744
3383000    287.62
3384000   284.989
3385000   291.772
3386000   290.656
3387000   285.543
3388000   285.819
3389000   286.083
3390000   288.453
3391000   288.208
3392000   290.877
3393000   292.576
3394000   288.216
3395000   290.278
3396000   290.466
3397000   285.997
3398000   285.308
3399000   287.919
3400000   286.733
3401000   287.473
3402000   286.244
3403000   283.962
3404000   287.266
3405000   291.103
3406000   296.758
3407000   292.982
3408000   288.358
3409000   292.573
3410000   289.616
3411000   293.366
3412000   293.916
3413000   293.268
3414000   287.013
3415000   288.086
3416000   293.364
3417000   285.512
3418000    283.36
3419000   287.044
3420000   284.889
3421000    286.42
3422000   289.439
3423000   286.192
3424000   286.567
3425000   281.335
3426000   284.782
3427000   282.891
3428000   284.489
3429000   288.965
3430000   287.846
3431000   284.883
3432000   285.848
3433000   285.938
3434000   281.458
3435000   284.407
3436000   286.681
3437000   293.265
3438000   286.509
3439000   287.231
3440000   297.636
3441000   295.879
3442000   298.982
3443000    294.95
3444000   291.753
3445000   294.778
3446000   296.153
3447000   296.774
3448000   290.918
3449000   291.685
3450000    290.98
3451000   286.836
3452000   287.731
3453000   289.955
3454000   296.502
3455000    291.85
3456000   292.664
3457000   290.311
3458000   292.762
3459000   292.155
3460000   291.807
3461000   292.637
3462000   294.257
3463000   300.883
3464000   294.659
3465000   292.641
3466000   291.322
3467000    294.54
3468000   290.792
3469000   286.364
3470000   284.084
3471000   283.586
3472000   282.122
3473000    285.53
3474000    286.48
3475000   289.663
3476000   289.639
3477000    292.58
3478000   291.382
3479000   295.512
3480000   291.302
3481000   289.404
3482000   289.955
3483000    288.97
3484000   293.718
3485000    293.72
3486000   295.558
3487000   291.301
3488000   296.048
3489000   291.385
3490000   291.265
3491000   292.368
3492000    293.79
3493000     291.7
3494000   292.666
3495000   294.696
3496000   293.939
3497000   296.025
3498000   295.039
3499000   289.466
3500000   299.184
3501000   291.744
3502000   293.313
3503000     287.2
3504000   290.027
3505000   293.569
3506000    291.51
3507000   283.481
3508000   283.187
3509000    280.25
3510000   281.962
3511000   286.111
3512000   288.183
3513000    284.58
3514000   279.684
3515000   279.341
3516000   283.496
3517000   284.432
3518000   282.545
3519000   281.948
3520000    284.65
3521000   284.617
3522000   282.999
3523000   286.384
3524000   289.213
3525000   287.954
3526000   290.031
3527000   284.696
3528000   285.086
3529000   283.312
3530000   284.594
3531000   288.184
3532000   286.685
3533000   281.445
3534000   283.193
3535000   287.348
3536000   280.931
3537000   282.031
3538000   287.535
3539000   290.008
3540000   290.896
3541000   286.663
3542000   289.662
3543000   286.731
3544000   285.355
3545000   285.159
3546000   283.151
3547000   282.219
3548000   284.773
3549000   288.755
3550000   294.264
3551000   284.955
3552000    285.34
3553000   289.095
3554000   290.654
3555000   290.395
3556000   296.116
3557000   292.054
3558000   291.976
3559000   290.597
3560000   291.146
3561000   294.577
3562000   291.955
3563000   291.086
3564000   292.117
3565000   292.714
3566000   288.092
3567000   293.019
3568000   292.427
3569000   293.454
3570000    293.59
3571000   293.033
3572000    288.96
3573000   292.704
3574000   289.887
3575000   299.207
3576000   297.673
3577000   295.706
3578000   292.225
3579000   291.264
3580000    290.13
3581000   287.131
3582000   281.488
3583000   286.968
3584000   287.666
3585000   285.886
3586000   285.723
3587000   280.821
3588000   285.411
3589000   282.706
3590000   292.605
3591000   285.521
3592000   284.879
3593000   286.261
3594000   281.467
3595000   289.137
3596000   283.059
3597000   288.782
3598000    287.74
3599000   289.953
3600000   288.127
3601000   287.986
3602000   284.628
3603000    287.35
3604000   298.962
3605000   296.988
3606000   291.441
3607000       287
3608000    288.79
3609000   285.359
3610000   280.173
3611000    282.25
3612000   285.671
3613000   284.924
3614000   284.906
3615000   280.981
3616000   276.529
3617000   280.825
3618000   275.838
3619000   277.146
3620000   284.209
3621000   282.739
3622000   284.718
3623000   281.704
3624000   278.105
3625000   278.176
3626000   282.033
3627000    283.92
3628000   284.912
3629000   281.215
3630000   281.772
3631000   282.237
3632000   280.974
3633000   281.659
3634000   288.458
3635000   286.713
3636000   290.949
3637000   290.713
3638000   286.346
3639000   285.472
3640000   287.305
3641000   290.482
3642000   291.205
3643000   291.942
3644000   279.583
3645000   286.259
3646000    288.22
3647000   284.422
3648000   282.154
3649000   284.983
3650000   285.477
3651000   282.203
3652000    283.67
3653000   285.988
3654000   283.577
3655000   282.991
3656000   287.031
3657000   286.059
3658000   283.715
3659000   289.415
3660000   287.622
3661000   287.773
3662000   289.523
3663000   291.218
3664000   293.918
3665000   290.356
3666000   291.908
3667000   290.591
3668000   289.121
3669000   290.091
3670000   291.261
3671000   291.601
3672000   288.009
3673000   286.934
3674000    285.85
3675000    285.03
3676000    288.76
3677000    287.84
3678000   291.921
3679000   286.811
3680000   285.791
3681000   289.136
3682000   283.628
3683000   285.526
3684000   289.599
3685000   286.156
3686000   288.749
3687000   288.234
3688000    290.18
3689000   284.524
3690000   293.348
3691000   287.177
3692000   289.072
3693000   288.909
3694000   286.606
3695000   290.292
3696000   293.734
3697000   292.084
3698000   290.955
3699000   282.181
3700000   285.498
3701000   280.981
3702000   280.257
3703000    288.25
3704000   286.693
3705000   289.311
3706000   287.299
3707000   284.801
3708000   291.596
3709000   291.059
3710000   292.886
3711000    292.78
3712000   290.935
3713000    289.27
3714000   288.266
3715000    287.46
3716000   286.146
3717000   287.038
3718000   283.077
3719000   284.742
3720000   288.855
3721000   288.002
3722000   292.455
3723000   287.731
3724000   289.116
3725000   289.019
3726000   291.508
3727000    292.21
3728000   291.987
3729000   287.819
3730000   292.503
3731000   292.313
3732000   295.502
3733000   293.342
3734000   290.943
3735000   298.795
3736000   290.968
3737000   288.577
3738000   288.644
3739000   289.833
3740000   283.992
3741000   285.754
3742000   284.126
3743000   284.106
3744000    289.32
3745000   288.913
3746000    287.92
3747000   285.541
3748000   287.102
3749000   285.024
3750000   289.918
3751000   289.659
3752000   293.004
3753000   297.873
3754000   292.442
3755000   288.288
3756000   292.254
3757000   294.984
3758000   297.059
3759000   305.107
3760000   293.736
3761000   293.264
3762000   288.051
3763000   288.889
3764000   286.396
3765000   292.761
3766000   293.098
3767000    292.88
3768000   287.003
3769000    283.86
3770000   292.052
3771000   290.447
3772000    288.76
3773000   291.892
3774000   295.723
3775000    289.96
3776000   287.534
3777000   286.799
3778000   285.159
3779000   282.605
3780000   282.651
3781000    289.92
3782000   284.894
3783000   284.348
3784000   284.568
3785000   280.756
3786000   283.691
3787000   280.534
3788000   284.434
3789000   283.853
3790000   292.016
3791000   293.402
3792000   289.327
3793000   287.882
3794000    288.85
3795000   289.943
3796000   289.469
3797000   287.943
3798000   289.411
3799000   289.562
3800000   295.742
3801000   299.525
3802000    293.34
3803000   289.529
3804000   290.222
3805000   287.115
3806000   285.058
3807000    287.02
3808000   283.853
3809000   285.695
3810000   286.731
3811000   285.756
3812000   284.246
3813000   286.274
3814000   279.757
3815000   280.865
3816000   285.725
3817000   286.656
3818000   285.631
3819000   295.284
3820000   287.156
3821000   292.776
3822000   292.251
3823000   285.453
3824000   285.714
3825000   283.617
3826000   283.008
3827000   280.602
3828000   282.289
3829000   287.922
3830000   291.688
3831000   289.425
3832000   287.282
3833000   286.498
3834000   284.177
3835000   287.784
3836000   289.311
3837000   290.119
3838000   288.834
3839000   285.759
3840000   286.075
3841000   289.648
3842000   287.499
3843000   291.133
3844000    289.71
3845000   291.589
3846000   294.256
3847000    293.81
3848000   291.439
3849000   290.382
3850000    286.42
3851000   288.332
3852000   294.584
3853000   292.851
3854000   289.392
3855000   283.951
3856000   285.035
3857000   287.061
3858000   284.882
3859000   291.129
3860000   291.877
3861000   294.644
3862000   292.879
3863000   293.181
3864000   291.661
3865000   287.933
3866000   283.537
3867000   284.976
3868000    283.44
3869000   280.003
3870000   280.425
3871000    283.98
3872000   280.447
3873000   279.004
3874000   275.362
3875000   282.558
3876000   287.546
3877000   286.954
3878000   289.012
3879000    287.18
3880000   290.181
3881000   288.599
3882000   289.131
3883000   290.537
3884000   285.988
3885000    281.18
3886000   287.544
3887000   287.652
3888000   289.246
3889000   285.032
3890000   284.026
3891000   282.531
3892000   283.252
3893000   291.383
3894000   288.893
3895000   289.819
3896000   285.084
3897000   287.867
3898000   290.558
3899000   292.403
3900000   285.314
3901000   283.277
3902000   286.512
3903000    281.95
3904000    279.05
3905000   279.495
3906000   283.056
3907000    284.02
3908000   284.722
3909000   293.323
3910000   293.649
3911000    292.28
3912000   289.916
3913000   292.262
3914000   288.934
3915000   289.818
3916000   289.494
3917000   287.188
3918000   287.621
3919000   284.109
3920000   286.326
3921000   287.023
3922000   282.456
3923000   285.906
3924000   288.911
3925000   289.032
3926000   287.993
3927000   292.114
3928000    294.65
3929000   289.567
3930000   287.938
3931000   289.679
3932000   292.912
3933000    294.56
3934000    289.96
3935000    291.82
3936000   292.562
3937000   288.464
3938000    290.31
3939000   285.188
3940000   286.081
3941000   293.266
3942000   288.765
3943000   287.456
3944000   288.856
3945000   286.881
3946000   286.203
3947000   287.493
3948000   289.094
3949000   289.241
3950000   282.845
3951000   283.019
3952000   287.252
3953000   280.093
3954000   283.029
3955000   287.063
3956000   289.279
3957000   288.442
3958000   286.155
3959000   283.543
3960000   287.832
3961000   288.367
3962000    286.37
3963000   282.461
3964000    287.85
3965000   288.935
3966000   285.921
3967000   288.267
3968000   286.653
3969000   284.026
3970000   285.669
3971000   283.695
3972000   288.981
3973000   290.332
3974000    282.06
3975000   284.303
3976000   280.653
3977000   284.863
3978000   285.025
3979000   280.294
3980000   284.746
3981000   282.015
3982000   279.261
3983000   278.904
3984000   280.849
3985000    279.95
3986000   280.618
3987000   279.576
3988000   286.378
3989000   281.112
3990000   280.779
3991000   280.778
3992000   284.182
3993000   288.593
3994000    286.63
3995000   284.643
3996000   284.571
3997000   287.085
3998000   285.769
3999000   284.408
4000000   289.226
4001000   285.424
4002000    284.32
4003000   287.813
4004000    286.48
4005000   281.179
4006000   285.821
4007000   283.382
4008000   284.194
4009000   288.808
4010000   292.123
4011000   288.147
4012000   283.351
4013000   285.991
4014000   283.347
4015000   286.145
4016000   289.971
4017000   290.838
4018000    287.26
4019000   286.298
4020000   287.178
4021000    289.01
4022000   290.067
4023000   286.341
4024000   280.266
4025000   280.462
4026000   283.206
4027000   284.203
4028000   284.952
4029000   285.676
4030000   282.454
4031000   281.189
4032000   286.584
4033000   279.929
4034000    285.95
4035000   290.504
4036000   289.587
4037000   284.525
4038000   292.277
4039000   285.579
4040000   281.856
4041000   283.076
4042000   286.834
4043000    286.06
4044000   285.669
4045000   282.323
4046000   282.692
4047000   286.496
4048000   280.277
4049000       286
4050000    284.39
4051000   286.801
4052000   279.946
4053000   284.757
4054000   286.777
4055000   278.747
4056000   287.471
4057000   285.637
4058000   284.698
4059000   285.698
4060000   287.034
4061000     290.9
4062000   284.106
4063000   286.565
4064000   292.455
4065000    290.23
4066000   287.439
4067000   281.196
4068000   283.712
4069000   283.589
4070000   283.954
4071000    281.36
4072000   281.672
4073000   284.115
4074000   287.783
4075000   288.763
4076000   289.275
4077000   288.377
4078000   289.618
4079000   285.444
4080000   284.669
4081000   290.123
4082000   285.523
4083000   284.969
4084000   286.275
4085000   281.553
4086000   282.271
4087000   284.287
4088000   290.937
4089000   287.125
4090000   282.943
4091000   281.717
4092000   287.707
4093000   281.542
4094000   283.914
4095000   282.541
4096000   284.548
4097000   283.645
4098000   289.979
4099000   290.841
4100000   291.368
4101000   294.968
4102000   291.729
4103000   289.412
4104000   295.948
4105000   294.802
4106000   294.829
4107000   298.769
4108000    297.92
4109000   298.377
4110000   298.387
4111000    296.15
4112000   291.112
4113000   297.276
4114000   293.355
4115000   287.851
4116000   294.731
4117000   295.244
4118000   292.541
4119000   286.491
4120000   295.961
4121000   293.544
4122000   294.738
4123000   291.728
4124000     291.6
4125000   285.799
4126000   291.379
4127000   287.601
4128000   288.799
4129000   281.391
4130000   289.601
4131000   289.139
4132000   283.829
4133000   280.002
4134000   284.605
4135000   287.693
4136000   289.025
4137000   293.293
4138000   294.863
4139000    288.19
4140000   290.708
4141000   287.053
4142000   289.839
4143000   295.698
4144000   294.546
4145000   296.861
4146000   293.824
4147000   287.795
4148000   291.266
4149000   291.235
4150000   288.505
4151000   284.669
4152000   290.173
4153000   289.454
4154000   286.645
4155000   290.377
4156000   290.422
4157000    292.06
4158000    291.67
4159000    290.79
4160000   294.135
4161000   289.731
4162000   293.549
4163000   289.127
4164000   287.775
4165000   295.053
4166000   291.315
4167000   284.842
4168000   290.449
4169000   286.243
4170000   286.632
4171000   291.081
4172000   288.297
4173000   287.628
4174000   290.354
4175000   289.532
4176000   289.258
4177000   292.711
4178000   292.557
4179000   297.826
4180000   299.034
4181000    295.95
4182000   300.483
4183000   295.334
4184000   296.267
4185000    293.67
4186000   290.392
4187000   288.186
4188000   285.085
4189000   288.616
4190000   284.515
4191000   282.084
4192000   281.652
4193000   278.706
4194000    280.64
4195000   283.704
4196000   286.137
4197000   285.193
4198000   280.863
4199000   283.093
4200000   285.723
4201000   282.205
4202000   285.664
4203000   281.581
4204000    284.17
4205000   283.908
4206000   284.774
4207000   289.156
4208000   287.064
4209000   285.161
4210000   292.845
4211000     291.1
4212000   294.639
4213000   295.306
4214000   294.319
4215000   292.267
4216000    290.06
4217000    294.08
4218000   296.262
4219000   296.623
4220000   296.565
4221000   293.157
4222000   296.034
4223000   296.907
4224000   291.246
4225000   291.497
4226000   291.843
4227000   288.916
4228000   292.452
4229000   293.143
4230000   290.554
4231000   290.754
4232000   283.577
4233000   288.992
4234000   288.804
4235000   287.365
4236000   284.802
4237000   281.105
4238000   285.874
4239000   287.582
4240000   290.344
4241000   301.134
4242000   304.083
4243000   303.759
4244000    302.73
4245000   298.363
4246000    296.17
4247000   291.149
4248000   292.497
4249000   292.475
4250000   291.103
4251000   293.971
4252000   292.665
4253000    291.78
4254000    295.86
4255000   295.098
4256000    294.27
4257000    288.54
4258000   292.576
4259000   287.133
4260000   285.349
4261000   278.366
4262000   285.544
4263000   288.646
4264000    291.98
4265000   291.459
4266000   291.084
4267000   293.473
4268000   291.456
4269000   292.283
4270000   293.429
4271000    293.89
4272000   289.261
4273000   289.863
4274000   291.384
4275000   288.348
4276000   286.809
4277000   293.173
4278000   293.858
4279000   289.554
4280000   295.838
4281000   294.478
4282000   290.408
4283000    295.13
4284000   294.884
4285000   299.222
4286000   301.298
4287000    295.21
4288000    293.02
4289000   292.654
4290000   284.575
4291000   292.588
4292000   293.333
4293000   301.211
4294000   301.279
4295000    301.07
4296000   297.374
4297000    296.28
4298000   294.592
4299000   295.609
4300000   298.653
4301000   292.289
4302000   294.651
4303000   298.467
4304000   299.148
4305000   293.037
4306000   294.024
4307000   286.465
4308000   284.143
4309000   289.872
4310000   289.853
4311000   292.384
4312000   290.804
4313000   289.876
4314000   288.116
4315000   291.953
4316000   294.091
4317000   293.536
4318000   289.051
4319000   288.885
4320000   294.918
4321000   288.406
4322000   285.546
4323000   290.449
4324000   289.045
4325000   292.457
4326000   290.969
4327000   291.475
4328000   293.195
4329000   296.033
4330000   294.767
4331000    297.62
4332000   294.697
4333000   294.623
4334000   290.371
4335000   287.796
4336000   287.788
4337000    282.39
4338000   285.426
4339000   288.018
4340000   288.367
4341000   284.681
4342000   286.874
4343000   288.512
4344000   289.984
4345000   285.649
4346000   284.012
4347000   285.628
4348000   286.141
4349000   287.166
4350000   286.427
4351000    289.24
4352000    287.94
4353000   282.448
4354000   281.722
4355000   283.474
4356000   292.282
4357000   293.071
4358000   294.768
4359000   291.743
4360000   291.069
4361000   291.435
4362000   289.803
4363000   295.511
4364000   299.314
4365000   293.479
4366000   293.241
4367000   302.208
4368000   301.161
4369000   298.072
4370000   298.915
4371000    286.81
4372000   287.627
4373000   288.183
4374000   290.221
4375000   294.569
4376000   288.035
4377000   288.814
4378000   282.573
4379000   285.604
4380000   284.028
4381000   290.993
4382000   297.209
4383000   294.376
4384000   290.093
4385000   294.249
4386000   292.862
4387000   294.774
4388000   288.546
4389000   286.042
4390000   284.021
4391000   289.326
4392000   286.747
4393000   286.547
4394000     286.2
4395000   290.101
4396000   294.294
4397000   295.207
4398000   292.375
4399000   288.278
4400000   282.922
4401000   283.273
4402000   289.567
4403000    286.81
4404000   280.802
4405000   282.504
4406000   283.455
4407000   286.668
4408000   289.658
4409000    298.12
4410000   293.729
4411000   290.313
4412000   292.557
4413000   293.525
4414000   293.282
4415000   289.529
4416000   291.016
4417000   284.651
4418000   287.826
4419000   288.047
4420000   288.479
4421000   288.962
4422000   295.868
4423000   291.796
4424000   291.692
4425000   303.206
4426000   300.554
4427000   295.313
4428000   288.489
4429000   291.957
4430000   286.476
4431000   293.051
4432000   293.051
4433000   288.444
4434000   293.904
4435000   287.061
4436000   287.345
4437000   286.643
4438000   293.013
4439000   293.179
4440000   290.729
4441000   293.954
4442000   290.219
4443000   287.072
4444000   291.094
4445000   292.425
4446000   292.665
4447000   294.294
4448000   293.527
4449000   290.997
4450000   291.633
4451000   293.162
4452000   291.614
4453000   290.592
4454000   294.865
4455000   297.459
4456000    297.46
4457000   293.692
4458000   296.635
4459000   287.441
4460000    291.05
4461000   295.123
4462000   289.692
4463000   289.096
4464000    291.04
4465000   287.236
4466000    286.96
4467000   288.132
4468000   283.054
4469000   288.937
4470000   289.172
4471000   292.208
4472000   293.925
4473000    293.69
4474000   294.174
4475000   293.897
4476000   294.636
4477000   289.825
4478000   296.869
4479000   298.516
4480000   295.775
4481000   295.376
4482000   296.916
4483000   286.213
4484000   290.275
4485000   297.346
4486000   296.876
4487000   296.885
4488000   294.359
4489000   295.224
4490000   293.157
4491000   292.584
4492000   292.815
4493000   287.654
4494000   292.146
4495000   291.777
4496000   288.701
4497000   295.094
4498000   293.388
4499000   293.177
4500000   294.652
4501000   290.835
4502000   293.657
4503000   288.932
4504000   285.104
4505000   287.815
4506000   287.857
4507000   294.011
4508000   294.331
4509000   297.593
4510000   291.331
4511000   288.977
4512000   285.403
4513000   283.061
4514000   285.306
4515000   285.684
4516000   280.852
4517000   285.316
4518000   288.557
4519000   285.311
4520000   282.968
4521000   280.766
4522000   283.481
4523000   288.326
4524000   286.004
4525000   286.342
4526000    288.43
4527000   287.364
4528000   285.245
4529000   288.142
4530000   286.484
4531000   283.346
4532000   284.153
4533000   282.576
4534000   286.071
4535000    282.29
4536000   286.087
4537000   284.271
4538000   285.073
4539000   289.855
4540000   289.952
4541000   289.046
4542000   286.709
4543000   287.661
4544000    289.91
4545000   285.801
4546000   289.475
4547000   290.885
4548000   286.821
4549000   286.719
4550000   285.349
4551000   288.611
4552000    286.67
4553000   289.661
4554000    288.88
4555000   292.567
4556000   290.711
4557000   290.409
4558000   289.474
4559000     283.4
4560000   285.467
4561000   291.273
4562000   297.965
4563000    293.18
4564000   289.959
4565000   286.034
4566000   288.022
4567000   287.817
4568000   283.651
4569000   284.895
4570000   286.442
4571000   295.825
4572000   289.129
4573000   281.292
4574000   284.702
4575000   284.833
4576000   290.504
4577000   287.283
4578000   281.545
4579000   286.201
4580000   280.149
4581000   288.114
4582000    285.79
4583000   287.608
4584000   281.978
4585000   281.987
4586000   281.153
4587000   288.806
4588000   292.708
4589000    283.94
4590000   281.558
4591000   288.337
4592000   285.303
4593000   291.075
4594000   295.203
4595000   286.562
4596000   286.012
4597000   289.893
4598000   289.927
4599000   290.304
4600000   296.001
4601000   289.862
4602000   290.081
4603000   287.331
4604000   287.984
4605000   285.547
4606000   276.337
4607000   283.187
4608000   285.144
4609000   286.467
4610000   287.796
4611000   277.844
4612000   283.141
4613000   282.428
4614000    286.65
4615000   288.129
4616000    284.55
4617000   290.992
4618000   296.173
4619000   293.449
4620000   290.732
4621000   286.749
4622000   291.293
4623000   292.951
4624000   291.325
4625000   289.803
4626000   287.648
4627000   286.869
4628000    289.27
4629000   293.711
4630000   289.989
4631000   289.517
4632000   292.374
4633000    286.58
4634000   288.828
4635000   287.206
4636000   295.904
4637000   294.422
4638000   295.178
4639000   293.809
4640000   287.324
4641000   290.947
4642000   284.551
4643000   286.678
4644000   285.675
4645000   291.391
4646000   284.957
4647000   284.469
4648000   284.595
4649000   289.384
4650000   288.689
4651000   287.345
4652000   288.235
4653000   289.717
4654000   287.723
4655000   289.913
4656000   287.179
4657000   285.358
4658000   284.594
4659000   288.212
4660000   290.975
4661000   292.034
4662000   290.252
4663000   287.282
4664000    293.11
4665000   293.283
4666000   295.905
4667000   287.505
4668000   289.538
4669000   289.969
4670000   291.295
4671000   287.224
4672000   287.115
4673000   291.203
4674000   290.081
4675000    289.17
4676000   292.282
4677000   293.353
4678000    286.65
4679000   284.739
4680000   285.328
4681000   288.029
4682000   289.023
4683000   289.097
4684000   286.404
4685000   287.856
4686000   286.405
4687000   287.443
4688000   289.709
4689000   282.341
4690000   281.976
4691000   285.239
4692000   286.009
4693000   284.986
4694000   286.047
4695000   280.396
4696000   283.164
4697000   281.277
4698000   282.971
4699000   288.223
4700000   286.217
4701000   286.571
4702000   282.994
4703000   286.068
4704000   287.778
4705000   293.339
4706000   291.021
4707000   289.648
4708000   292.588
4709000    296.04
4710000   290.278
4711000   285.181
4712000   284.966
4713000   284.646
4714000   278.337
4715000   282.636
4716000   281.672
4717000   282.221
4718000   286.402
4719000     288.7
4720000   286.608
4721000   288.269
4722000   282.837
4723000   285.925
4724000   284.256
4725000   287.421
4726000   285.572
4727000   286.539
4728000   290.837
4729000   292.237
4730000   293.303
4731000   295.343
4732000   289.104
4733000     287.5
4734000   287.368
4735000   290.254
4736000   292.175
4737000   284.943
4738000   283.108
4739000   288.416
4740000   287.796
4741000   292.109
4742000   291.122
4743000   288.401
4744000   289.975
4745000   287.537
4746000   285.375
4747000   288.424
4748000   289.825
4749000   284.392
4750000   283.567
4751000   285.938
4752000   287.548
4753000   288.293
4754000   286.872
4755000   287.904
4756000   289.388
4757000   293.541
4758000   290.933
4759000   292.513
4760000   293.638
4761000   291.672
4762000   293.941
4763000   290.308
4764000   290.632
4765000   289.929
4766000    286.82
4767000   294.844
4768000   287.571
4769000   291.873
4770000   295.252
4771000   296.187
4772000    290.29
4773000   290.666
4774000   292.285
4775000   290.606
4776000   291.276
4777000   291.609
4778000   298.656
4779000   292.514
4780000   287.794
4781000   284.966
4782000   286.796
4783000   289.034
4784000   289.407
4785000   291.412
4786000   287.522
4787000    283.03
4788000   287.075
4789000   283.748
4790000   281.342
4791000   287.769
4792000   287.975
4793000   288.824
4794000   290.403
4795000   294.229
4796000   289.512
4797000   291.469
4798000   291.413
4799000    288.39
4800000   288.282
4801000   284.177
4802000   287.514
4803000   285.162
4804000   286.881
4805000   281.114
4806000     282.4
4807000   288.046
4808000   282.895
4809000   287.878
4810000   294.035
4811000   292.564
4812000   289.262
4813000   291.533
4814000   289.281
4815000   287.405
4816000   294.156
4817000   292.511
4818000   290.864
4819000   285.939
4820000   290.272
4821000   288.023
4822000   288.597
4823000   289.322
4824000   287.871
4825000   284.134
4826000   286.052
4827000    288.05
4828000   292.459
4829000   296.157
4830000   290.364
4831000   281.891
4832000   284.986
4833000   287.452
4834000   287.026
4835000    286.25
4836000   290.048
4837000   292.437
4838000     291.8
4839000    292.33
4840000     292.1
4841000   289.716
4842000   291.711
4843000   288.417
4844000   289.823
4845000    282.96
4846000   285.406
4847000   287.602
4848000   284.359
4849000    288.35
4850000   287.261
4851000   286.061
4852000   285.683
4853000   285.082
4854000   288.946
4855000    291.58
4856000   289.192
4857000   286.055
4858000   286.569
4859000   280.583
4860000   278.013
4861000   279.508
4862000    277.96
4863000   281.195
4864000   284.535
4865000   283.288
4866000   286.774
4867000   282.946
4868000   287.895
4869000   283.929
4870000   286.141
4871000   284.831
4872000   286.625
4873000   283.455
4874000   286.754
4875000   287.741
4876000    291.36
4877000    286.69
4878000   289.157
4879000   287.386
4880000   289.644
4881000   285.305
4882000   289.339
4883000   288.308
4884000   286.529
4885000   283.362
4886000   283.108
4887000   287.931
4888000   285.516
4889000   282.543
4890000   286.286
4891000     286.5
4892000   281.497
4893000   281.039
4894000   277.299
4895000   280.281
4896000   286.605
4897000   289.834
4898000   292.652
4899000   283.476
4900000   280.371
4901000    279.51
4902000   281.684
4903000   280.607
4904000   277.057
4905000   275.125
4906000   275.304
4907000   279.658
4908000     280.8
4909000   285.639
4910000   284.699
4911000   280.855
4912000   287.763
4913000   286.506
4914000   285.972
4915000   290.143
4916000   287.191
4917000   284.656
4918000   277.112
4919000   280.909
4920000   284.501
4921000   282.815
4922000   286.108
4923000   288.954
4924000   296.909
4925000   296.512
4926000   295.028
4927000   289.175
4928000   288.407
4929000   293.062
4930000   288.456
4931000   286.151
4932000   290.897
4933000   287.847
4934000   289.204
4935000   288.055
4936000   292.062
4937000   295.991
4938000   292.045
4939000   297.901
4940000    288.36
4941000   290.343
4942000     290.7
4943000   284.817
4944000   280.429
4945000   288.081
4946000   285.344
4947000   283.255
4948000     280.5
4949000   282.981
4950000   279.077
4951000   281.782
4952000   282.129
4953000   281.994
4954000   282.287
4955000   287.523
4956000   283.332
4957000   287.894
4958000   285.236
4959000   284.574
4960000   287.131
4961000     286.7
4962000   287.497
4963000   283.247
4964000   284.428
4965000   286.738
4966000   286.289
4967000   285.668
4968000   284.833
4969000   277.391
4970000   282.834
4971000   280.894
4972000   281.321
4973000   283.909
4974000   286.714
4975000   287.458
4976000   286.464
4977000    282.32
4978000   285.353
4979000   284.999
4980000   285.287
4981000   281.998
4982000   278.385
4983000   283.509
4984000   282.778
4985000   280.673
4986000   283.955
4987000   285.269
4988000    281.43
4989000   286.344
4990000    287.74
4991000   287.439
4992000   284.236
4993000    282.93
4994000   279.258
4995000   277.294
4996000   284.047
4997000   286.051
4998000   282.439
4999000   282.251
5000000   289.171
