1000   300.026
2000   297.537
3000   296.431
4000   297.822
5000   303.771
6000   302.758
7000   302.323
8000   299.087
9000    296.11
10000   300.428
11000   302.612
12000   304.616
13000   295.741
14000   304.017
15000   300.269
16000    301.42
17000   299.519
18000   295.871
19000   297.053
20000   296.218
21000   304.513
22000   304.885
23000   303.157
24000   303.747
25000   301.766
26000   295.805
27000   298.947
28000   297.273
29000   299.495
30000   303.507
31000   304.073
32000   302.685
33000   298.902
34000   300.888
35000   301.536
36000   303.694
37000   296.208
38000   295.687
39000   301.022
40000   301.676
41000   303.844
42000    302.15
43000   306.217
44000   301.761
45000   302.464
46000   307.795
47000   306.438
48000   305.528
49000     305.3
50000   309.398
51000   311.263
52000   315.755
53000   308.961
54000   303.453
55000   303.338
56000   305.995
57000   304.677
58000     302.8
59000    302.35
60000   306.661
61000   306.699
62000   309.308
63000   307.449
64000   308.903
65000   308.312
66000   306.974
67000   311.389
68000   307.988
69000   310.728
70000   314.068
71000    311.94
72000   304.225
73000   305.067
74000   305.451
75000   299.941
76000    303.11
77000    300.54
78000   307.741
79000    304.64
80000   299.588
81000   297.172
82000   298.154
83000   302.385
84000   300.918
85000   300.297
86000   302.207
87000   307.503
88000   303.817
89000   299.921
90000   301.686
91000   297.121
92000    296.58
93000   290.005
94000   287.716
95000   301.243
96000   299.482
97000   302.773
98000   302.649
99000   301.422
100000   304.143
101000   304.209
102000   307.531
103000   304.211
104000     307.1
105000   307.973
106000   312.115
107000    311.63
108000   315.534
109000    311.38
110000   310.818
111000   309.482
112000   315.113
113000   310.552
114000   298.964
115000    302.18
116000   303.656
117000   302.541
118000   303.963
119000   306.457
120000   312.286
121000   308.274
122000   309.838
123000   301.423
124000   302.875
125000    304.51
126000   302.524
127000   304.001
128000    303.67
129000    308.01
130000     306.8
131000   297.406
132000   302.672
133000   304.129
134000   305.055
135000   306.192
136000   304.155
137000   303.785
138000   303.705
139000   298.409
140000   298.543
141000   298.368
142000   299.642
143000   305.947
144000   300.917
145000    299.39
146000   297.697
147000   306.741
148000   307.442
149000   303.383
150000   310.362
151000   302.053
152000   309.089
153000   311.041
154000   302.545
155000    303.39
156000   302.713
157000    299.65
158000   305.039
159000   304.751
160000   306.158
161000   310.038
162000   308.232
163000    308.57
164000   310.592
165000   306.508
166000    308.54
167000     304.4
168000   306.801
169000   309.413
170000    305.98
171000   299.255
172000   302.512
173000   298.387
174000   292.685
175000   297.934
176000   302.573
177000   299.399
178000   299.966
179000   301.639
180000   304.046
181000   301.903
182000   300.323
183000   306.562
184000    303.53
185000   301.658
186000   301.949
187000   303.531
188000   303.001
189000   301.293
190000   303.081
191000   300.914
192000   300.271
193000   308.071
194000   304.799
195000   299.012
196000   294.148
197000   297.126
198000   295.901
199000   296.853
200000   302.012
201000   300.251
202000    303.47
203000   301.041
204000   306.563
205000   307.079
206000   301.545
207000   303.193
208000   305.635
209000   302.444
210000    309.29
211000   304.852
212000   305.892
213000   310.119
214000     312.1
215000   310.304
216000   307.349
217000   304.866
218000   309.263
219000   305.466
220000   311.948
221000   311.645
222000   308.559
223000   301.785
224000   301.375
225000   302.235
226000   300.901
227000    296.94
228000   299.063
229000    301.16
230000   303.232
231000   306.991
232000   304.168
233000   298.549
234000   295.481
235000   299.301
236000   294.437
237000    300.64
238000   308.036
239000   305.406
240000   302.858
241000    303.82
242000   304.245
243000   302.872
244000   301.895
245000   299.661
246000   302.163
247000   301.317
248000   302.885
249000    304.41
250000    300.64
251000   306.233
252000   304.759
253000    301.62
254000   308.013
255000   302.086
256000   298.528
257000   300.272
258000   300.452
259000   302.864
260000   305.954
261000   308.658
262000   305.683
263000   303.255
264000   307.506
265000    308.88
266000   306.812
267000   307.715
268000   302.212
269000   298.753
270000   307.143
271000   305.105
272000   308.605
273000   308.962
274000   308.888
275000   305.207
276000   302.908
277000   304.102
278000   306.477
279000   306.604
280000   305.559
281000   303.806
282000   298.441
283000   304.954
284000   303.217
285000    300.43
286000   298.758
287000   307.181
288000   310.252
289000   301.703
290000   301.692
291000   299.545
292000   303.898
293000   303.219
294000   302.521
295000   308.584
296000   303.846
297000   304.918
298000   303.788
299000   304.242
300000   303.694
301000   300.917
302000   303.332
303000   306.809
304000   304.034
305000   301.698
306000   300.584
307000   301.318
308000   302.158
309000   301.599
310000   300.666
311000   298.556
312000   299.062
313000   301.634
314000    295.36
315000   295.201
316000   302.902
317000   303.405
318000   298.724
319000   301.669
320000   305.261
321000   300.842
322000   299.505
323000   297.618
324000   300.907
325000   300.014
326000   303.619
327000   304.461
328000    307.84
329000   301.731
330000   300.102
331000    304.47
332000   298.536
333000   298.078
334000   298.172
335000   300.782
336000   299.545
337000   302.344
338000   297.742
339000   300.252
340000   300.047
341000   296.955
342000   299.809
343000   297.586
344000   292.853
345000   297.976
346000    298.98
347000   304.301
348000   303.094
349000    307.09
350000   306.709
351000    298.06
352000   293.748
353000   297.366
354000   297.983
355000   297.272
356000   298.212
357000   304.564
358000   299.806
359000   300.741
360000   302.476
361000    302.35
362000   306.661
363000   311.318
364000   309.166
365000   310.486
366000   306.954
367000   304.315
368000   305.827
369000   308.054
370000   303.752
371000   303.091
372000   301.379
373000   305.591
374000   303.113
375000   301.542
376000   297.307
377000   300.683
378000    300.39
379000   305.041
380000   299.164
381000    304.83
382000   300.685
383000   301.988
384000   301.215
385000   298.543
386000   300.496
387000   298.577
388000   303.033
389000   300.087
390000   304.536
391000   307.674
392000   309.219
393000   308.465
394000   297.448
395000   297.963
396000   304.927
397000   311.978
398000   307.968
399000   308.313
400000   312.995
401000   309.833
402000   316.477
403000   314.758
404000   307.799
405000   306.952
406000    313.46
407000   304.995
408000   303.108
409000   302.186
410000   297.586
411000   302.487
412000   304.498
413000   301.415
414000   297.643
415000   300.291
416000    301.91
417000   300.584
418000   299.046
419000    296.35
420000   300.897
421000   303.607
422000   301.069
423000   307.334
424000   305.067
425000   301.994
426000   297.229
427000   299.355
428000   296.881
429000   294.052
430000   299.359
431000   300.433
432000   301.801
433000   297.703
434000   298.809
435000   301.226
436000   300.147
437000   303.233
438000   302.673
439000   301.967
440000   301.408
441000   307.895
442000   308.017
443000   306.162
444000   304.515
445000   313.879
446000   307.759
447000   311.471
448000   305.381
449000   308.387
450000    307.95
451000   307.607
452000   300.373
453000   300.883
454000   300.994
455000   301.867
456000   303.645
457000   305.173
458000   309.461
459000   307.428
460000   309.438
461000   301.609
462000   300.033
463000   305.902
464000    304.32
465000   306.436
466000   305.789
467000   304.347
468000   302.563
469000   310.505
470000   309.166
471000   300.123
472000   296.866
473000   297.939
474000   298.822
475000   299.365
476000   301.906
477000   299.949
478000    298.46
479000   297.586
480000   299.633
481000   299.497
482000   302.432
483000   304.814
484000   304.778
485000   301.034
486000     301.7
487000   304.688
488000   301.659
489000   307.842
490000   301.366
491000   304.478
492000   301.837
493000   305.403
494000   301.191
495000   304.108
496000   306.761
497000   307.511
498000   305.459
499000   307.513
500000   303.123
501000    305.06
502000   303.014
503000    307.51
504000   305.402
505000   310.803
506000   308.313
507000   309.992
508000   306.754
509000   308.518
510000   309.584
511000   303.603
512000   306.646
513000   302.297
514000   308.514
515000   309.088
516000   301.422
517000   303.286
518000   301.992
519000   295.603
520000   293.481
521000   294.034
522000   298.385
523000   294.565
524000   293.595
525000   293.312
526000   297.666
527000   297.147
528000   301.058
529000   300.458
530000   310.214
531000   309.411
532000   308.302
533000   304.823
534000   313.367
535000   312.546
536000   306.327
537000   312.748
538000   309.997
539000   304.551
540000   306.003
541000   301.111
542000   305.997
543000   303.889
544000   304.341
545000   308.179
546000    308.76
547000   311.927
548000   313.547
549000   306.502
550000   312.822
551000   309.097
552000   304.019
553000   303.909
554000   305.832
555000   313.021
556000   310.499
557000   307.059
558000   310.618
559000   309.731
560000   307.653
561000   303.002
562000   301.519
563000   303.206
564000   305.354
565000   304.471
566000   306.108
567000   310.538
568000    310.46
569000   306.212
570000   309.926
571000   308.458
572000   309.369
573000   310.131
574000   308.302
575000   306.865
576000   308.088
577000   305.842
578000   313.773
579000   313.102
580000   307.479
581000   304.297
582000   310.287
583000     309.5
584000    311.75
585000   310.105
586000   308.135
587000   313.881
588000   316.454
589000   317.523
590000    312.84
591000   310.038
592000   312.822
593000   307.058
594000   301.875
595000   307.435
596000   305.299
597000   299.749
598000   300.371
599000   301.572
600000   304.934
601000   307.858
602000   305.464
603000   308.682
604000   301.051
605000   298.157
606000   302.193
607000   305.408
608000   307.542
609000   312.841
610000   307.412
611000    311.98
612000    310.69
613000   306.621
614000    307.49
615000   305.052
616000   304.812
617000   302.225
618000   306.267
619000   302.724
620000   296.536
621000   299.352
622000   299.228
623000   295.273
624000   306.185
625000   303.942
626000   304.657
627000   300.455
628000   302.157
629000   303.917
630000   302.832
631000   302.408
632000   305.557
633000   303.989
634000   303.424
635000     301.5
636000   305.264
637000   299.838
638000   298.966
639000   299.397
640000   300.775
641000   299.752
642000    298.67
643000   305.166
644000   301.105
645000   303.242
646000   305.418
647000   307.743
648000   312.074
649000   311.874
650000   313.097
651000   309.921
652000    309.99
653000   312.903
654000   314.825
655000   306.864
656000   310.583
657000    298.58
658000   299.899
659000   298.669
660000   301.068
661000   297.047
662000   296.407
663000   298.262
664000   298.626
665000   300.406
666000    305.87
667000   306.556
668000   304.906
669000   304.995
670000   308.169
671000    307.38
672000   308.374
673000   305.215
674000   305.868
675000   310.318
676000   305.167
677000   309.124
678000   303.667
679000   306.441
680000   308.014
681000    314.79
682000   308.737
683000   305.681
684000   306.173
685000   308.483
686000   302.476
687000   307.757
688000   310.812
689000    308.79
690000   307.056
691000     302.9
692000   304.784
693000   302.877
694000   299.981
695000   302.998
696000   305.108
697000   307.074
698000   309.702
699000   310.377
700000   315.573
701000   306.766
702000   308.073
703000   307.313
704000   307.809
705000   306.949
706000   312.068
707000   305.585
708000   307.014
709000   305.709
710000   312.624
711000   313.267
712000   310.118
713000   304.833
714000   302.633
715000   303.248
716000   300.864
717000   303.097
718000   307.868
719000    305.79
720000    301.99
721000   301.989
722000   304.103
723000   303.236
724000   300.815
725000   303.103
726000     301.9
727000   299.217
728000   307.691
729000    304.38
730000   303.499
731000   300.835
732000   303.923
733000   308.826
734000   304.213
735000   305.318
736000   307.907
737000    308.33
738000   304.052
739000   304.272
740000   309.774
741000    309.61
742000   309.582
743000   308.323
744000   300.378
745000   298.776
746000    305.23
747000   306.554
748000   307.399
749000     306.9
750000   304.532
751000   299.633
752000    300.29
753000   297.926
754000   296.632
755000    302.65
756000   307.485
757000   310.449
758000   309.819
759000   310.774
760000   307.456
761000   309.132
762000   308.338
763000   309.975
764000    309.77
765000   314.011
766000   312.512
767000   310.427
768000    299.88
769000   296.219
770000   298.902
771000   300.161
772000   298.529
773000   300.411
774000     294.2
775000   301.796
776000   309.683
777000   303.861
778000   298.616
779000    297.01
780000   296.875
781000   300.682
782000   300.056
783000   303.875
784000    297.82
785000   295.389
786000   297.605
787000   298.755
788000   296.621
789000   298.511
790000    306.59
791000   296.982
792000   303.688
793000   300.482
794000     303.7
795000   301.331
796000   295.367
797000   299.503
798000   305.461
799000   301.341
800000   301.136
801000   295.874
802000   300.863
803000    298.22
804000   294.848
805000   294.238
806000   297.132
807000   299.614
808000       294
809000   293.632
810000   296.058
811000   295.186
812000   301.117
813000   298.784
814000   303.644
815000   307.986
816000   303.401
817000   295.915
818000   298.172
819000    298.22
820000    300.97
821000   299.497
822000   300.271
823000   297.872
824000   301.479
825000   299.697
826000   302.161
827000   311.075
828000   308.302
829000    305.32
830000   299.157
831000   300.525
832000   302.315
833000   309.223
834000   309.844
835000   305.322
836000   300.182
837000   301.086
838000   305.877
839000   301.748
840000   299.495
841000   306.335
842000   307.071
843000   307.019
844000   304.535
845000   310.002
846000   312.642
847000   303.649
848000   306.353
849000   304.991
850000   305.168
851000   303.615
852000   302.246
853000   302.942
854000   296.205
855000   302.077
856000   306.047
857000   304.042
858000   303.598
859000   302.118
860000   305.863
861000   301.283
862000   298.052
863000   297.206
864000   300.546
865000   300.569
866000   299.606
867000   300.544
868000   303.669
869000   301.518
870000   301.621
871000   304.297
872000   300.918
873000   303.111
874000   303.179
875000   304.068
876000   301.278
877000   297.012
878000   302.442
879000   298.816
880000   297.391
881000   297.157
882000   304.478
883000   305.413
884000   309.659
885000   307.415
886000   308.204
887000   305.904
888000   307.133
889000   310.748
890000   305.283
891000   305.005
892000   302.416
893000   299.999
894000   306.854
895000   301.265
896000   302.597
897000   302.254
898000   300.374
899000   302.982
900000   303.029
901000   304.648
902000   302.617
903000   304.181
904000   310.753
905000    311.75
906000   306.599
907000   307.303
908000   307.452
909000   303.221
910000   304.608
911000   300.497
912000   299.118
913000   304.296
914000    298.17
915000   297.184
916000   304.086
917000   297.124
918000   299.627
919000   305.824
920000   307.992
921000   301.616
922000    296.23
923000   296.427
924000   299.145
925000   297.396
926000   304.944
927000   299.265
928000   297.683
929000    300.77
930000   304.606
931000   304.316
932000   303.894
933000   295.475
934000    295.88
935000   303.636
936000   305.957
937000   301.901
938000   306.327
939000   308.568
940000   306.066
941000   304.663
942000   308.599
943000   304.425
944000   298.007
945000   302.995
946000   294.855
947000   292.602
948000   295.847
949000   300.181
950000   304.234
951000   304.395
952000   306.824
953000   303.141
954000   302.475
955000   310.502
956000   309.057
957000   302.123
958000   305.833
959000   300.343
960000    298.03
961000   300.358
962000   306.924
963000   301.578
964000   307.556
965000    309.47
966000   303.129
967000   299.974
968000   304.549
969000   307.771
970000   309.345
971000   301.428
972000   302.943
973000   299.029
974000    302.47
975000    308.34
976000   305.769
977000   305.059
978000   301.839
979000   297.577
980000   301.804
981000   304.861
982000    306.25
983000   304.573
984000   302.521
985000   303.358
986000   300.364
987000   296.651
988000   301.743
989000   297.664
990000   305.969
991000       302
992000   301.959
993000   303.445
994000   305.474
995000   304.204
996000     305.5
997000   301.953
998000   302.827
999000   301.419
1000000   303.895
1001000    298.83
1002000   298.891
1003000   303.396
1004000   298.073
1005000   295.799
1006000   291.815
1007000   292.475
1008000   299.822
1009000   302.158
1010000   303.085
1011000   298.781
1012000   301.452
1013000   299.094
1014000    295.76
1015000   298.855
1016000   295.677
1017000   297.028
1018000   296.872
1019000   299.133
1020000   298.013
1021000   301.136
1022000   295.627
1023000   292.025
1024000   293.388
1025000   298.446
1026000    299.58
1027000   296.851
1028000   303.278
1029000   297.719
1030000   295.053
1031000   298.218
1032000   298.886
1033000   298.888
1034000   303.383
1035000   308.626
1036000    303.48
1037000   305.335
1038000   301.968
1039000   305.016
1040000   302.477
1041000   304.875
1042000   303.305
1043000   304.566
1044000   307.482
1045000   310.261
1046000   306.582
1047000   307.297
1048000   306.581
1049000   305.355
1050000    305.21
1051000    303.27
1052000   307.014
1053000   306.338
1054000   304.829
1055000   310.206
1056000   301.936
1057000   301.792
1058000   300.638
1059000   300.698
1060000   298.176
1061000   301.769
1062000   296.015
1063000   300.143
1064000   299.016
1065000   304.065
1066000   302.537
1067000   298.506
1068000   303.309
1069000   305.729
1070000   305.954
1071000   307.355
1072000   299.255
1073000   297.264
1074000   293.743
1075000   296.607
1076000   295.669
1077000   298.739
1078000   294.818
1079000   299.856
1080000   301.837
1081000    300.01
1082000   303.362
1083000   303.828
1084000   302.784
1085000   299.914
1086000    299.82
1087000   301.399
1088000   301.893
1089000   306.841
1090000   308.678
1091000   307.295
1092000   308.563
1093000   308.135
1094000   302.123
1095000   295.934
1096000   299.563
1097000   302.052
1098000   298.489
1099000   297.459
1100000   306.861
1101000   299.644
1102000   299.821
1103000   297.434
1104000   302.129
1105000   305.969
1106000   305.923
1107000   302.452
1108000   306.313
1109000   305.975
1110000    311.33
1111000   306.787
1112000   308.283
1113000   306.226
1114000    305.09
1115000   314.033
1116000   307.569
1117000   302.315
1118000   304.263
1119000   298.788
1120000   298.724
1121000   300.953
1122000   303.414
1123000   299.259
1124000   305.286
1125000   305.015
1126000   302.534
1127000   302.215
1128000   299.161
1129000    302.47
1130000    301.78
1131000   304.771
1132000   305.443
1133000    306.14
1134000   304.562
1135000   301.704
1136000   303.482
1137000   305.323
1138000   301.514
1139000   306.307
1140000   307.351
1141000   305.882
1142000   296.174
1143000   298.651
1144000   304.311
1145000   303.773
1146000   304.328
1147000   302.866
1148000    301.82
1149000   297.903
1150000   296.463
1151000   301.001
1152000   297.621
1153000   300.518
1154000   303.457
1155000   304.056
1156000   303.488
1157000   308.856
1158000     310.7
1159000   305.178
1160000   305.726
1161000   308.773
1162000   306.098
1163000    306.59
1164000   309.117
1165000   311.261
1166000   311.001
1167000   312.261
1168000   311.069
1169000   309.767
1170000   311.237
1171000   310.491
1172000   311.573
1173000   309.722
1174000   310.464
1175000   307.723
1176000   305.553
1177000   306.804
1178000   300.816
1179000   299.959
1180000   297.447
1181000   298.066
1182000   305.952
1183000   307.271
1184000   309.896
1185000    304.73
1186000   304.136
1187000   298.934
1188000   303.935
1189000   301.494
1190000   302.119
1191000   302.573
1192000   299.399
1193000   300.179
1194000   296.682
1195000   301.591
1196000   302.995
1197000    308.18
1198000   311.927
1199000   309.711
1200000   304.841
1201000   308.144
1202000   312.415
1203000   310.559
1204000   307.941
1205000    301.29
1206000   305.504
1207000   310.227
1208000   308.945
1209000   306.527
1210000   310.953
1211000   308.244
1212000   307.207
1213000   310.053
1214000   308.347
1215000     311.4
1216000   310.258
1217000    305.13
1218000   311.683
1219000   304.035
1220000   308.796
1221000   305.099
1222000   301.706
1223000    301.05
1224000   306.038
1225000   310.145
1226000   304.307
1227000   298.238
1228000   296.938
1229000   292.036
1230000   292.871
1231000   294.926
1232000   295.963
1233000   294.038
1234000    301.18
1235000   301.219
1236000   297.539
1237000   305.501
1238000   296.723
1239000    304.21
1240000   310.764
1241000    308.52
1242000   310.253
1243000   305.131
1244000   303.548
1245000   302.779
1246000   308.323
1247000   308.521
1248000   302.813
1249000   299.539
1250000   305.354
1251000   298.514
1252000    303.21
1253000    303.29
1254000   305.568
1255000   304.528
1256000   300.508
1257000   299.694
1258000   299.887
1259000   304.187
1260000   310.853
1261000   309.099
1262000   311.313
1263000   307.267
1264000   299.859
1265000   304.816
1266000   307.589
1267000   305.569
1268000   306.018
1269000   304.094
1270000   303.048
1271000   304.111
1272000   304.949
1273000   313.932
1274000   308.365
1275000   309.665
1276000   307.367
1277000   312.058
1278000   307.592
1279000   307.579
1280000   307.286
1281000   302.747
1282000   303.664
1283000   303.265
1284000   307.021
1285000   305.994
1286000   305.414
1287000   304.223
1288000   305.318
1289000   305.267
1290000   300.637
1291000   304.816
1292000   302.057
1293000   305.389
1294000   302.913
1295000   300.515
1296000   309.521
1297000   307.485
1298000   305.706
1299000   300.504
1300000   299.097
1301000   302.924
1302000   311.408
1303000   305.538
1304000   299.498
1305000   296.094
1306000   293.835
1307000   302.402
1308000   301.901
1309000   303.427
1310000     302.1
1311000   305.472
1312000   301.031
1313000   295.787
1314000   296.539
1315000    299.85
1316000   304.287
1317000   311.434
1318000   307.818
1319000   301.543
1320000   304.144
1321000   300.168
1322000   298.103
1323000   297.795
1324000   298.326
1325000   299.961
1326000   298.007
1327000   297.872
1328000   294.951
1329000   298.305
1330000   303.395
1331000   301.931
1332000    301.68
1333000   300.557
1334000   303.905
1335000   299.203
1336000   302.801
1337000   309.303
1338000   299.684
1339000   298.076
1340000    298.69
1341000   299.698
1342000   300.151
1343000   302.437
1344000    300.56
1345000    300.88
1346000   300.863
1347000     304.9
1348000    305.76
1349000    299.11
1350000   301.617
1351000   297.219
1352000   300.252
1353000   303.879
1354000   293.988
1355000   297.777
1356000   301.839
1357000   296.642
1358000   301.108
1359000   301.239
1360000   300.018
1361000   295.976
1362000   293.934
1363000   300.782
1364000   294.967
1365000   300.118
1366000   302.542
1367000   303.297
1368000   299.689
1369000   294.731
1370000   299.966
1371000   298.008
1372000   298.022
1373000   302.416
1374000   295.228
1375000   296.971
1376000   300.476
1377000   300.846
1378000   289.378
1379000    299.78
1380000   300.308
1381000   301.526
1382000   303.641
1383000   300.633
1384000   300.863
1385000   306.701
1386000   304.315
1387000   302.804
1388000   305.992
1389000   304.859
1390000   304.987
1391000   300.003
1392000   304.225
1393000   311.077
1394000   307.494
1395000   307.213
1396000   305.935
1397000   305.802
1398000   301.184
1399000   305.731
1400000   301.503
1401000   298.202
1402000    305.37
1403000   302.681
1404000   301.448
1405000   297.905
1406000   305.881
1407000   308.491
1408000   306.546
1409000   306.676
1410000    306.69
1411000   303.242
1412000   310.048
1413000    308.03
1414000   311.371
1415000   305.478
1416000   308.016
1417000   304.926
1418000   297.563
1419000   306.587
1420000   305.127
1421000   308.559
1422000    305.14
1423000   306.075
1424000   308.801
1425000   308.175
1426000   309.784
1427000       308
1428000   301.356
1429000   308.107
1430000     306.7
1431000    302.19
1432000   303.892
1433000   311.844
1434000   309.844
1435000   307.435
1436000   302.617
1437000   302.777
1438000   305.102
1439000   305.581
1440000   309.068
1441000   311.046
1442000   305.072
1443000   308.222
1444000   308.714
1445000   308.477
1446000    314.49
1447000   308.505
1448000   304.343
1449000   305.849
1450000   310.259
1451000   304.774
1452000   303.742
1453000    304.63
1454000   299.525
1455000   299.833
1456000   301.487
1457000   295.913
1458000   296.349
1459000   304.521
1460000   307.167
1461000   305.216
1462000   302.459
1463000   302.987
1464000   309.911
1465000   305.884
1466000   300.325
1467000    302.31
1468000   301.878
1469000   301.043
1470000   307.283
1471000   304.807
1472000   304.351
1473000   307.281
1474000   306.992
1475000   307.059
1476000   306.527
1477000    304.69
1478000   303.489
1479000   302.593
1480000   305.455
1481000   301.708
1482000   300.115
1483000   298.822
1484000   299.159
1485000   300.026
1486000   303.705
1487000   301.247
1488000   299.438
1489000   296.829
1490000   299.675
1491000   299.683
1492000   302.093
1493000   302.388
1494000   301.669
1495000   304.718
1496000   306.445
1497000   299.701
1498000   296.337
1499000   297.372
1500000   297.649
1501000   296.758
1502000   301.677
1503000   301.731
1504000   304.788
1505000   305.784
1506000   308.763
1507000   310.398
1508000    313.11
1509000   308.314
1510000   307.853
1511000   305.455
1512000   297.746
1513000    297.93
1514000   305.845
1515000    303.38
1516000   299.215
1517000   295.508
1518000   297.103
1519000    296.77
1520000   299.977
1521000   299.868
1522000   301.127
1523000   296.586
1524000   300.118
1525000   295.425
1526000   298.252
1527000    298.76
1528000   302.921
1529000   298.047
1530000   292.542
1531000   291.739
1532000     291.9
1533000   291.266
1534000   288.853
1535000   290.253
1536000    295.17
1537000   299.841
1538000    295.88
1539000   297.818
1540000    295.92
1541000   304.023
1542000   307.868
1543000   301.092
1544000   296.271
1545000   301.503
1546000   297.407
1547000   300.554
1548000   300.956
1549000   300.936
1550000   306.674
1551000   304.145
1552000   304.432
1553000   309.061
1554000   312.792
1555000   312.947
1556000   315.433
1557000   315.549
1558000     312.9
1559000   303.916
1560000   308.594
1561000   302.425
1562000   297.899
1563000   298.503
1564000   307.012
1565000   299.916
1566000   305.482
1567000   308.143
1568000   310.593
1569000   309.747
1570000   305.929
1571000    306.01
1572000   313.751
1573000   316.818
1574000   312.956
1575000   311.623
1576000   304.963
1577000   310.171
1578000    302.21
1579000   299.865
1580000   303.897
1581000   300.647
1582000   297.922
1583000   292.909
1584000   299.259
1585000   303.755
1586000    308.73
1587000   304.363
1588000    309.72
1589000   305.937
1590000   301.033
1591000   300.454
1592000   313.087
1593000   309.113
1594000   308.679
1595000   308.955
1596000   311.034
1597000   305.322
1598000   300.743
1599000   302.976
1600000   299.318
1601000   302.638
1602000   304.433
1603000   300.189
1604000   299.298
1605000   305.917
1606000   306.441
1607000   305.478
1608000   302.598
1609000   305.513
1610000   301.866
1611000   301.948
1612000   299.969
1613000   301.883
1614000   295.847
1615000   294.399
1616000   294.737
1617000   295.605
1618000    301.09
1619000   305.672
1620000   304.079
1621000   303.969
1622000   305.956
1623000   306.222
1624000   316.475
1625000   311.853
1626000   304.301
1627000   300.063
1628000   303.524
1629000   307.826
1630000   313.918
1631000   309.312
1632000   311.916
1633000   308.992
1634000   307.275
1635000   307.241
1636000   302.782
1637000   307.933
1638000   305.519
1639000   311.577
1640000   305.945
1641000   303.341
1642000   307.202
1643000   310.024
1644000   308.992
1645000   306.985
1646000   307.772
1647000   309.802
1648000   305.824
1649000   306.889
1650000   300.362
1651000   293.834
1652000   298.267
1653000   304.938
1654000   305.557
1655000   302.109
1656000   307.694
1657000   304.827
1658000   305.378
1659000   298.757
1660000   295.755
1661000   300.349
1662000   304.133
1663000   302.631
1664000   299.078
1665000   298.567
1666000   301.121
1667000   299.007
1668000   301.983
1669000   296.683
1670000   301.453
1671000    299.52
1672000   301.958
1673000   296.703
1674000   301.009
1675000   302.003
1676000   298.171
1677000   295.905
1678000   301.382
1679000    301.79
1680000   301.115
1681000   300.239
1682000   298.511
1683000   294.813
1684000   299.848
1685000   297.786
1686000   302.323
1687000   305.902
1688000   309.998
1689000   306.149
1690000   310.472
1691000   308.792
1692000   308.191
1693000   306.214
1694000   305.501
1695000   296.688
1696000   300.505
1697000    301.59
1698000   303.074
1699000   301.714
1700000   303.761
1701000   306.527
1702000   310.708
1703000    310.24
1704000   305.861
1705000   304.846
1706000   305.283
1707000   301.183
1708000   308.739
1709000   307.342
1710000   304.998
1711000   299.545
1712000   302.802
1713000   305.609
1714000   309.792
1715000   301.905
1716000   306.414
1717000   307.692
1718000   313.641
1719000   310.813
1720000   304.607
1721000   302.796
1722000   309.293
1723000   298.844
1724000   294.939
1725000   301.153
1726000   300.322
1727000   300.738
1728000   302.927
1729000   301.221
1730000   304.015
1731000   301.408
1732000   301.311
1733000   302.288
1734000   305.686
1735000   309.384
1736000   306.932
1737000   304.304
1738000   305.704
1739000   306.246
1740000   311.638
1741000   308.957
1742000   305.592
1743000   301.973
1744000   298.749
1745000   302.048
1746000   303.701
1747000   306.176
1748000   309.505
1749000   307.991
1750000   306.259
1751000   301.461
1752000    300.94
1753000    300.42
1754000   305.554
1755000   300.439
1756000   298.391
1757000   298.765
1758000   295.648
1759000   294.597
1760000   303.641
1761000   302.251
1762000   299.338
1763000   299.482
1764000   299.296
1765000   302.951
1766000   296.786
1767000    304.88
1768000   304.401
1769000   309.364
1770000   302.921
1771000   299.911
1772000   302.377
1773000   298.588
1774000   302.645
1775000   302.573
1776000   302.045
1777000   301.123
1778000   304.345
1779000   304.083
1780000   302.275
1781000   304.411
1782000   306.789
1783000   307.837
1784000   309.095
1785000   311.439
1786000   309.922
1787000    303.84
1788000   304.548
1789000   306.495
1790000    310.52
1791000   306.446
1792000   302.102
1793000   311.919
1794000   309.769
1795000   307.632
1796000   309.052
1797000   308.958
1798000   306.918
1799000   309.074
1800000   312.449
1801000   305.198
1802000   301.748
1803000   297.686
1804000   299.335
1805000   308.181
1806000   302.877
1807000   301.548
1808000   304.889
1809000   312.884
1810000   309.062
1811000   310.359
1812000   305.264
1813000   310.628
1814000   302.998
1815000    311.79
1816000   299.814
1817000   297.438
1818000   297.785
1819000   299.585
1820000    300.75
1821000   301.889
1822000    297.55
1823000   302.056
1824000   309.019
1825000   304.305
1826000   309.436
1827000   308.518
1828000   309.053
1829000   300.458
1830000   301.692
1831000   304.296
1832000    303.71
1833000   306.515
1834000   299.447
1835000   295.798
1836000   302.024
1837000   302.672
1838000   303.639
1839000   301.399
1840000   304.564
1841000   298.622
1842000   295.778
1843000   296.812
1844000   298.603
1845000   295.408
1846000   290.787
1847000   298.583
1848000   296.348
1849000   296.162
1850000   297.881
1851000   294.302
1852000   290.735
1853000   295.287
1854000   302.454
1855000   299.105
1856000   294.149
1857000   297.777
1858000   302.585
1859000   301.928
1860000   298.037
1861000   304.159
1862000   305.376
1863000   305.875
1864000   306.264
1865000   309.952
1866000   309.259
1867000   303.246
1868000   304.052
1869000   312.947
1870000   309.247
1871000   309.497
1872000   307.786
1873000   306.474
1874000    308.63
1875000   303.132
1876000   309.464
1877000   304.393
1878000    301.95
1879000   303.761
1880000   303.678
1881000   306.088
1882000   309.852
1883000   308.665
1884000   305.905
1885000   311.333
1886000   308.713
1887000   314.513
1888000    308.28
1889000   314.468
1890000    312.67
1891000   311.943
1892000   304.736
1893000   299.297
1894000   304.659
1895000   301.322
1896000   307.012
1897000   307.375
1898000   306.657
1899000   303.836
1900000   304.837
1901000   303.398
1902000   305.772
1903000   301.727
1904000   297.842
1905000   299.234
1906000   303.976
1907000   295.823
1908000   302.356
1909000   301.189
1910000   299.097
1911000   300.925
1912000   301.235
1913000   295.907
1914000   299.907
1915000    300.19
1916000   303.719
1917000   305.478
1918000   299.054
1919000   295.701
1920000    302.59
1921000   300.055
1922000   299.673
1923000   301.917
1924000   300.241
1925000   298.333
1926000   303.717
1927000    300.94
1928000   305.281
1929000   303.317
1930000   302.705
1931000   301.816
1932000   302.586
1933000   308.309
1934000   300.294
1935000   301.637
1936000   305.436
1937000   306.357
1938000   303.218
1939000   303.989
1940000   302.466
1941000   304.765
1942000   309.507
1943000   308.526
1944000   308.899
1945000   300.433
1946000   297.315
1947000   300.728
1948000   300.348
1949000    297.08
1950000   300.342
1951000   303.803
1952000   304.779
1953000   302.322
1954000   298.514
1955000   296.166
1956000   300.036
1957000   305.414
1958000   305.131
1959000   307.944
1960000   311.638
1961000   305.782
1962000   304.462
1963000   303.678
1964000   301.748
1965000   307.918
1966000   307.561
1967000   304.934
1968000   300.095
1969000   299.438
1970000   301.965
1971000    306.35
1972000   302.642
1973000   299.527
1974000   301.945
1975000   301.517
1976000     296.7
1977000   304.914
1978000   307.307
1979000   301.655
1980000   305.705
1981000   301.646
1982000   304.031
1983000   299.571
1984000   302.202
1985000   301.491
1986000   303.341
1987000   305.017
1988000   304.648
1989000   303.692
1990000   302.765
1991000    299.32
1992000   298.791
1993000   293.246
1994000   295.322
1995000   297.738
1996000   296.767
1997000   294.155
1998000   297.426
1999000   300.762
2000000   296.112
2001000   295.337
2002000   298.609
2003000   298.143
2004000   298.778
2005000   295.541
2006000   298.694
2007000   300.898
2008000   299.388
2009000   298.256
2010000   300.523
2011000   298.998
2012000   302.561
2013000   307.334
2014000   300.668
2015000   305.714
2016000   305.517
2017000   306.842
2018000   301.908
2019000   305.689
2020000   306.688
2021000   308.021
2022000   302.797
2023000   301.903
2024000   302.547
2025000   301.874
2026000   299.047
2027000   304.534
2028000   306.269
2029000    305.89
2030000   308.505
2031000   307.559
2032000   304.441
2033000    295.65
2034000   305.134
2035000   302.773
2036000   296.675
2037000   299.918
2038000   300.986
2039000   302.188
2040000   308.516
2041000   305.769
2042000   301.442
2043000   302.437
2044000   301.573
2045000   302.708
2046000   303.652
2047000   304.499
2048000   304.231
2049000   301.602
2050000   300.363
2051000   300.876
2052000   306.738
2053000   308.867
2054000   301.552
2055000   307.476
2056000   309.022
2057000    307.49
2058000   307.278
2059000   308.288
2060000   312.548
2061000   306.198
2062000    306.89
2063000   306.721
2064000   307.053
2065000    298.16
2066000   293.163
2067000   297.836
2068000   305.103
2069000   303.495
2070000   306.401
2071000    298.98
2072000   300.862
2073000   297.879
2074000   304.271
2075000   303.468
2076000   299.614
2077000   303.199
2078000   301.035
2079000   301.605
2080000   298.631
2081000   299.484
2082000   297.526
2083000   301.136
2084000   300.902
2085000   296.347
2086000   300.652
2087000    297.47
2088000   301.996
2089000   298.851
2090000   307.268
2091000   302.994
2092000   302.901
2093000   302.087
2094000    301.95
2095000   307.773
2096000   301.671
2097000   300.918
2098000   298.937
2099000   298.485
2100000   298.489
2101000    301.65
2102000   308.054
2103000   303.969
2104000   299.592
2105000   301.956
2106000   300.088
2107000   301.113
2108000   304.571
2109000   297.398
2110000   295.727
2111000    300.45
2112000   301.788
2113000   305.241
2114000   305.078
2115000   304.958
2116000   312.185
2117000   304.683
2118000   305.105
2119000   304.925
2120000   304.929
2121000   307.388
2122000   309.913
2123000   310.248
2124000   305.883
2125000   306.795
2126000   304.347
2127000   301.467
2128000    301.88
2129000    303.52
2130000   309.212
2131000   300.925
2132000   299.588
2133000   299.852
2134000   300.724
2135000   306.063
2136000    300.24
2137000   293.741
2138000   301.365
2139000   303.276
2140000   295.177
2141000   297.239
2142000     302.7
2143000   304.847
2144000   302.358
2145000   297.783
2146000   304.123
2147000   300.534
2148000   306.522
2149000    308.01
2150000    308.13
2151000   301.386
2152000   303.685
2153000     304.5
2154000    301.31
2155000   298.481
2156000   300.747
2157000    310.41
2158000   304.736
2159000    300.11
2160000   302.504
2161000   306.011
2162000   297.988
2163000   297.624
2164000   300.435
2165000   299.283
2166000   300.585
2167000   304.258
2168000   303.675
2169000   305.168
2170000   306.271
2171000   301.916
2172000   310.284
2173000   309.288
2174000   301.274
2175000   306.933
2176000   303.612
2177000   300.509
2178000   297.619
2179000   298.933
2180000   299.644
2181000   302.991
2182000   304.382
2183000   303.329
2184000   307.714
2185000   303.355
2186000   300.401
2187000    299.22
2188000    296.61
2189000   301.125
2190000   300.687
2191000   295.725
2192000   302.016
2193000   300.462
2194000   298.001
2195000   302.369
2196000   306.628
2197000    305.14
2198000   304.728
2199000   303.236
2200000   307.976
2201000   307.492
2202000   302.931
2203000   298.953
2204000   301.741
2205000   305.811
2206000   310.943
2207000   311.435
2208000   315.695
2209000   315.258
2210000   309.305
2211000   304.352
2212000   302.011
2213000   302.456
2214000   304.428
2215000   296.395
2216000   302.855
2217000   300.031
2218000   302.797
2219000   309.824
2220000    299.14
2221000   308.165
2222000   308.356
2223000   308.207
2224000   301.838
2225000   301.173
2226000   303.487
2227000   306.375
2228000   306.136
2229000    306.18
2230000   307.273
2231000   304.256
2232000    307.48
2233000   307.218
2234000   308.655
2235000   309.393
2236000   311.081
2237000   308.944
2238000   309.487
2239000   307.664
2240000   310.257
2241000   306.384
2242000   305.537
2243000   301.629
2244000   301.304
2245000   306.326
2246000   304.273
2247000   301.597
2248000   304.921
2249000   300.117
2250000   304.362
2251000   303.192
2252000   303.916
2253000   306.627
2254000   309.591
2255000   307.018
2256000   301.959
2257000   295.667
2258000   297.987
2259000   299.892
2260000   300.198
2261000    299.27
2262000   303.941
2263000   306.551
2264000   300.643
2265000   304.274
2266000   301.673
2267000   306.908
2268000   305.229
2269000   309.729
2270000   305.845
2271000   305.161
2272000   303.878
2273000   303.022
2274000   298.144
2275000   298.497
2276000   293.199
2277000   298.605
2278000   306.258
2279000   308.088
2280000   305.543
2281000   306.355
2282000   304.973
2283000   297.881
2284000   297.278
2285000   292.131
2286000   300.191
2287000   298.506
2288000   305.058
2289000   311.348
2290000   307.661
2291000   305.497
2292000   306.256
2293000   308.118
2294000   307.457
2295000   302.054
2296000   307.795
2297000   300.729
2298000   301.294
2299000   299.868
2300000   296.305
2301000   296.341
2302000   303.601
2303000   300.591
2304000   306.216
2305000   300.861
2306000    299.15
2307000   300.278
2308000   295.545
2309000    292.95
2310000   294.721
2311000   294.464
2312000   296.467
2313000   298.203
2314000   297.438
2315000   295.955
2316000   300.234
2317000   295.681
2318000   297.772
2319000   304.889
2320000   303.971
2321000   305.652
2322000   303.212
2323000     305.8
2324000   305.099
2325000   303.981
2326000   302.854
2327000   304.052
2328000   307.871
2329000   312.369
2330000   308.842
2331000   304.353
2332000   302.254
2333000   299.886
2334000   299.652
2335000   306.966
2336000    310.85
2337000   309.594
2338000   309.941
2339000   308.653
2340000     306.1
2341000   309.489
2342000   305.042
2343000   303.805
2344000   305.461
2345000   305.343
2346000   306.861
2347000   304.356
2348000   308.992
2349000   310.271
2350000   310.239
2351000   314.164
2352000   305.598
2353000   308.357
2354000   307.616
2355000    305.36
2356000   314.614
2357000   306.307
2358000   305.615
2359000   301.737
2360000   304.687
2361000   306.938
2362000   307.072
2363000   303.573
2364000   305.295
2365000   308.854
2366000   303.378
2367000   303.551
2368000   302.708
2369000   307.644
2370000   300.785
2371000   299.352
2372000   306.169
2373000   302.073
2374000   305.401
2375000   309.914
2376000    312.33
2377000   306.859
2378000   307.593
2379000   308.556
2380000    307.56
2381000   306.581
2382000   307.561
2383000   306.873
2384000   301.119
2385000   302.475
2386000   303.136
2387000   302.268
2388000   302.269
2389000   299.426
2390000   301.223
2391000   304.856
2392000   306.713
2393000   307.896
2394000   304.779
2395000   303.454
2396000   302.067
2397000   299.999
2398000   304.116
2399000   306.431
2400000   306.834
2401000   310.079
2402000   307.766
2403000   307.743
2404000   306.485
2405000   303.027
2406000   304.395
2407000   302.434
2408000   305.445
2409000   305.676
2410000   305.954
2411000   311.762
2412000   311.177
2413000   311.367
2414000   307.714
2415000   307.572
2416000   301.954
2417000   302.927
2418000   309.619
2419000   307.383
2420000     311.6
2421000   308.708
2422000   301.728
2423000   304.882
2424000    305.84
2425000   304.381
2426000   308.857
2427000   302.149
2428000   304.404
2429000   303.862
2430000   308.829
2431000   314.381
2432000   303.832
2433000   305.749
2434000   306.455
2435000   307.781
2436000   304.707
2437000   306.871
2438000   308.122
2439000   306.896
2440000   306.106
2441000   304.559
2442000     305.5
2443000   300.517
2444000   300.683
2445000   304.929
2446000    302.93
2447000   301.236
2448000   298.852
2449000   304.528
2450000   306.541
2451000   301.111
2452000   304.886
2453000   307.027
2454000   299.458
2455000    303.54
2456000    302.27
2457000   299.259
2458000   294.925
2459000   289.789
2460000   295.334
2461000   300.906
2462000    294.96
2463000   295.652
2464000   304.277
2465000   305.099
2466000   306.824
2467000   305.292
2468000   304.879
2469000   305.477
2470000   308.182
2471000    308.16
2472000    306.04
2473000   307.279
2474000   311.476
2475000   303.713
2476000   302.654
2477000   301.091
2478000   305.053
2479000   300.117
2480000   308.592
2481000   305.847
2482000   306.605
2483000    305.72
2484000   306.915
2485000   302.883
2486000   293.178
2487000   297.594
2488000   299.547
2489000   296.241
2490000   295.001
2491000   295.682
2492000   298.446
2493000   300.718
2494000   303.965
2495000   298.427
2496000   296.997
2497000   296.333
2498000   301.363
2499000   294.519
2500000   297.933
2501000    303.19
2502000    294.78
2503000   302.875
2504000   302.751
2505000   302.832
2506000     304.2
2507000   301.274
2508000    305.93
2509000   299.923
2510000   303.879
2511000    300.37
2512000   304.412
2513000   305.437
2514000   307.911
2515000   309.675
2516000   307.264
2517000   308.642
2518000   304.108
2519000   308.962
2520000   310.269
2521000   310.493
2522000   304.393
2523000   302.404
2524000   305.304
2525000   310.518
2526000   309.131
2527000   305.428
2528000   306.713
2529000   309.385
2530000   306.522
2531000   303.557
2532000   305.172
2533000   307.724
2534000   302.924
2535000   301.289
2536000   303.241
2537000   301.081
2538000   302.187
2539000   302.472
2540000   299.619
2541000   299.252
2542000   299.256
2543000   299.772
2544000   299.972
2545000   304.324
2546000   302.614
2547000   299.243
2548000   298.575
2549000   304.954
2550000   298.019
2551000   307.644
2552000   305.024
2553000   304.655
2554000   305.815
2555000   307.785
2556000   299.819
2557000   299.054
2558000    301.44
2559000   304.131
2560000   299.998
2561000   296.058
2562000   295.633
2563000    292.19
2564000   298.427
2565000   301.787
2566000   301.384
2567000    297.57
2568000   302.923
2569000   296.423
2570000   291.605
2571000   291.037
2572000   295.037
2573000   292.813
2574000   297.497
2575000   306.338
2576000   300.045
2577000   300.962
2578000   304.842
2579000   302.542
2580000   307.709
2581000   308.536
2582000   306.718
2583000   306.391
2584000   303.169
2585000   304.968
2586000   303.048
2587000   300.716
2588000    303.29
2589000   304.516
2590000   307.868
2591000   303.056
2592000   298.844
2593000   298.572
2594000   299.295
2595000   300.451
2596000   299.114
2597000   296.309
2598000   295.174
2599000   304.722
2600000   305.577
2601000    303.21
2602000   304.495
2603000   305.993
2604000    297.05
2605000   293.916
2606000   297.302
2607000   295.295
2608000   295.533
2609000   298.953
2610000   297.697
2611000   296.653
2612000   297.871
2613000   300.154
2614000   300.261
2615000   299.494
2616000   298.406
2617000   299.105
2618000   298.141
2619000   299.604
2620000   302.497
2621000    302.14
2622000   305.216
2623000   305.349
2624000   305.418
2625000   304.704
2626000    299.36
2627000   303.253
2628000   302.991
2629000   298.543
2630000   307.322
2631000   306.632
2632000   301.381
2633000   301.181
2634000   303.835
2635000   303.281
2636000   308.016
2637000   303.851
2638000   305.181
2639000   303.595
2640000   302.775
2641000   299.963
2642000   301.462
2643000   301.354
2644000   300.115
2645000   294.577
2646000   299.039
2647000   302.291
2648000   305.128
2649000    298.44
2650000    302.97
2651000   301.794
2652000   297.358
2653000   294.554
2654000   294.505
2655000   295.061
2656000   296.887
2657000   292.711
2658000   296.625
2659000   304.101
2660000   307.102
2661000   303.052
2662000   300.813
2663000   299.949
2664000   301.006
2665000   304.961
2666000   301.354
2667000   302.054
2668000   304.266
2669000   302.511
2670000   307.753
2671000   304.943
2672000   305.139
2673000   302.199
2674000   300.563
2675000   305.349
2676000   308.914
2677000   307.979
2678000   305.179
2679000   304.622
2680000   307.341
2681000   305.492
2682000   306.251
2683000   306.502
2684000   301.581
2685000   301.996
2686000   307.291
2687000   299.337
2688000   301.102
2689000   298.682
2690000   294.354
2691000   292.353
2692000   297.487
2693000   303.774
2694000   301.626
2695000   306.406
2696000   309.193
2697000   303.747
2698000   305.434
2699000   300.172
2700000     299.8
2701000   302.219
2702000   302.709
2703000   298.159
2704000   304.487
2705000   304.675
2706000   302.373
2707000   299.302
2708000   298.325
2709000   300.978
2710000   298.647
2711000   297.782
2712000   294.551
2713000   297.325
2714000   306.469
2715000   307.722
2716000   305.476
2717000   300.823
2718000   297.912
2719000   298.721
2720000   294.581
2721000   290.464
2722000   299.244
2723000   303.968
2724000   308.879
2725000   304.614
2726000   303.456
2727000    302.55
2728000   301.686
2729000   298.366
2730000    298.36
2731000   298.632
2732000   296.191
2733000    297.87
2734000   299.998
2735000   296.735
2736000   296.015
2737000   299.652
2738000   302.224
2739000   307.126
2740000   305.259
2741000   303.528
2742000   303.478
2743000   303.919
2744000     303.9
2745000   306.249
2746000    309.97
2747000   312.107
2748000   308.523
2749000   310.913
2750000   310.117
2751000   303.755
2752000   306.538
2753000   307.881
2754000   303.372
2755000   302.579
2756000   310.009
2757000   308.674
2758000   310.983
2759000   311.467
2760000   312.038
2761000   312.471
2762000    306.83
2763000   308.465
2764000   307.071
2765000   304.881
2766000   307.772
2767000   307.469
2768000   304.989
2769000   305.615
2770000   305.109
2771000   305.409
2772000   302.248
2773000   297.063
2774000   304.279
2775000   301.519
2776000   302.703
2777000   298.618
2778000   297.218
2779000   300.875
2780000   305.651
2781000   301.144
2782000   309.802
2783000   305.301
2784000   301.045
2785000   298.665
2786000   301.142
2787000   300.878
2788000   296.565
2789000   292.778
2790000   306.589
2791000    305.24
2792000   305.766
2793000   306.781
2794000   307.169
2795000    299.04
2796000   302.763
2797000   307.181
2798000   306.128
2799000   295.335
2800000   307.041
2801000   301.595
2802000   303.455
2803000   305.293
2804000   298.662
2805000   301.333
2806000   304.418
2807000    305.93
2808000   308.873
2809000   308.273
2810000   306.711
2811000   303.245
2812000   306.945
2813000   311.734
2814000   305.652
2815000   305.279
2816000   301.789
2817000   307.526
2818000   306.201
2819000   305.147
2820000   306.579
2821000   311.101
2822000   311.971
2823000   304.358
2824000   304.591
2825000   304.059
2826000   301.052
2827000   297.255
2828000   298.288
2829000   301.237
2830000   311.082
2831000   307.389
2832000   304.538
2833000     310.6
2834000   301.019
2835000   307.564
2836000   308.774
2837000   301.544
2838000   305.653
2839000   298.251
2840000   295.906
2841000   299.714
2842000     297.6
2843000   293.723
2844000   300.989
2845000   299.958
2846000   302.942
2847000   305.323
2848000    306.27
2849000   314.023
2850000   308.891
2851000   304.463
2852000    304.43
2853000   305.943
2854000   309.517
2855000   297.046
2856000   299.729
2857000   296.739
2858000   305.718
2859000   307.588
2860000   303.482
2861000   302.992
2862000     307.6
2863000   303.257
2864000   303.076
2865000   305.938
2866000   304.532
2867000   299.325
2868000   301.311
2869000   302.115
2870000   300.787
2871000   304.756
2872000    296.47
2873000   297.698
2874000   299.171
2875000   303.444
2876000   294.242
2877000   302.486
2878000   305.464
2879000   303.009
2880000   307.235
2881000   305.471
2882000    305.75
2883000   309.968
2884000   312.447
2885000    308.85
2886000   306.629
2887000   310.007
2888000   305.501
2889000   300.797
2890000   303.423
2891000   306.497
2892000   305.998
2893000   304.059
2894000   304.317
2895000   305.556
2896000    302.65
2897000    299.86
2898000   301.236
2899000   301.462
2900000   303.137
2901000   305.708
2902000   303.002
2903000   301.824
2904000   300.487
2905000   303.297
2906000   300.172
2907000   301.958
2908000   300.103
2909000   301.594
2910000   305.075
2911000   301.501
2912000   304.205
2913000    305.42
2914000   298.267
2915000    304.17
2916000    300.76
2917000    300.72
2918000   306.255
2919000   310.685
2920000   305.769
2921000   298.964
2922000   306.752
2923000   302.632
2924000   302.818
2925000   302.352
2926000   304.964
2927000    302.76
2928000    309.86
2929000   301.397
2930000   300.557
2931000   302.984
2932000   307.501
2933000   311.002
2934000   308.932
2935000   305.159
2936000   303.432
2937000   307.635
2938000   300.457
2939000   303.018
2940000   303.908
2941000   308.109
2942000   302.092
2943000   302.003
2944000   305.484
2945000   301.679
2946000   301.884
2947000   305.634
2948000   305.196
2949000   310.064
2950000   304.178
2951000   311.719
2952000   313.122
2953000    310.93
2954000   304.635
2955000   315.162
2956000   307.899
2957000   307.526
2958000   305.188
2959000    305.21
2960000   310.027
2961000   315.139
2962000   308.988
2963000   304.193
2964000   306.644
2965000   300.494
2966000   302.988
2967000   302.946
2968000   304.899
2969000   303.752
2970000   299.884
2971000   302.106
2972000   301.345
2973000   307.911
2974000   305.505
2975000   306.856
2976000   301.927
2977000   304.143
2978000   307.771
2979000   305.422
2980000   305.781
2981000   305.844
2982000   301.584
2983000   297.935
2984000   298.871
2985000    303.18
2986000   301.394
2987000   303.298
2988000   295.842
2989000   297.809
2990000   299.901
2991000    304.05
2992000   305.797
2993000   302.053
2994000   295.433
2995000   297.623
2996000   297.374
2997000   300.769
2998000   301.112
2999000   307.976
3000000   307.982
3001000   301.599
3002000   301.507
3003000   301.766
3004000   303.929
3005000   299.981
3006000   306.636
3007000   303.608
3008000   301.747
3009000   304.938
3010000    308.09
3011000   303.953
3012000   304.273
3013000   307.817
3014000   302.212
3015000   302.524
3016000   303.295
3017000   306.618
3018000   306.741
3019000   311.643
3020000   311.863
3021000   306.247
3022000   307.548
3023000   306.385
3024000   307.405
3025000   306.753
3026000   306.207
3027000   312.072
3028000   308.063
3029000   309.115
3030000   310.357
3031000    314.55
3032000   311.637
3033000   318.045
3034000   310.816
3035000   312.448
3036000   311.311
3037000   306.973
3038000   307.083
3039000   309.142
3040000   310.603
3041000   300.154
3042000   307.835
3043000   308.013
3044000   300.338
3045000    307.07
3046000   306.033
3047000   305.572
3048000   308.934
3049000    307.95
3050000   311.062
3051000   309.049
3052000   310.001
3053000   306.379
3054000   302.785
3055000   303.366
3056000   306.075
3057000   298.703
3058000   306.588
3059000   309.094
3060000   308.569
3061000   308.057
3062000   308.227
3063000    308.85
3064000   306.199
3065000   304.038
3066000   305.599
3067000   302.136
3068000   302.946
3069000   301.606
3070000   296.226
3071000   298.574
3072000   297.488
3073000   297.042
3074000   298.298
3075000   303.937
3076000   301.965
3077000   302.165
3078000   296.785
3079000   298.758
3080000   303.032
3081000   304.129
3082000   303.492
3083000   302.592
3084000   302.719
3085000   307.914
3086000   310.427
3087000   311.717
3088000   310.223
3089000   308.033
3090000   309.959
3091000   308.268
3092000   305.428
3093000   303.465
3094000   301.998
3095000   307.515
3096000   310.677
3097000   305.939
3098000   310.442
3099000   312.863
3100000   308.375
3101000   308.776
3102000   310.113
3103000   306.862
3104000   304.285
3105000   301.292
3106000   297.893
3107000   298.768
3108000   304.514
3109000   305.908
3110000    302.09
3111000    299.14
3112000   297.849
3113000   301.283
3114000   306.432
3115000   308.024
3116000   308.933
3117000   307.597
3118000   302.743
3119000   301.599
3120000   302.856
3121000   302.081
3122000   306.001
3123000   301.319
3124000   304.977
3125000   302.965
3126000   309.043
3127000   305.823
3128000   306.996
3129000   303.999
3130000    304.69
3131000   304.169
3132000   300.382
3133000   305.079
3134000   306.377
3135000   297.372
3136000   297.266
3137000   298.322
3138000   292.802
3139000   296.702
3140000   298.337
3141000    297.49
3142000    302.02
3143000   300.038
3144000   300.678
3145000   302.649
3146000    301.65
3147000   305.964
3148000   302.396
3149000     295.8
3150000   292.453
3151000   296.418
3152000   299.019
3153000   302.934
3154000   308.082
3155000   306.336
3156000   299.927
3157000   304.857
3158000   309.946
3159000   305.525
3160000   309.025
3161000   308.131
3162000   307.571
3163000   308.333
3164000   306.263
3165000   304.624
3166000   299.898
3167000   299.428
3168000   300.122
3169000   300.331
3170000   300.835
3171000   300.042
3172000   300.722
3173000   304.048
3174000   302.934
3175000   303.954
3176000   304.772
3177000   305.654
3178000   307.215
3179000   303.841
3180000   309.186
3181000   307.344
3182000   300.345
3183000   303.564
3184000   302.182
3185000   310.368
3186000   307.075
3187000   305.705
3188000   302.086
3189000   306.034
3190000   301.925
3191000   296.964
3192000     294.5
3193000    295.68
3194000   297.596
3195000   301.778
3196000   296.767
3197000   301.651
3198000   301.913
3199000   300.205
3200000   297.767
3201000   296.304
3202000   295.991
3203000   296.325
3204000   301.403
3205000   306.831
3206000   304.238
3207000    306.74
3208000   304.612
3209000   301.108
3210000   300.444
3211000   305.942
3212000   306.112
3213000   313.344
3214000    306.34
3215000   306.578
3216000   304.916
3217000   297.828
3218000   299.813
3219000   308.329
3220000   302.784
3221000   301.814
3222000    303.54
3223000   303.191
3224000   303.246
3225000   302.957
3226000   304.495
3227000   302.891
3228000   304.034
3229000   307.814
3230000   308.083
3231000   307.694
3232000   302.259
3233000   299.816
3234000   305.069
3235000   302.662
3236000   299.467
3237000   296.098
3238000   296.168
3239000    293.79
3240000   300.671
3241000   295.909
3242000   299.617
3243000   296.538
3244000   301.338
3245000   301.133
3246000   297.632
3247000   299.786
3248000   302.695
3249000   306.907
3250000    303.55
3251000    304.09
3252000   308.723
3253000   309.454
3254000   309.569
3255000   309.654
3256000   309.108
3257000     309.2
3258000   308.931
3259000   302.898
3260000   304.424
3261000   301.336
3262000   302.733
3263000    305.01
3264000   311.505
3265000   317.028
3266000   311.263
3267000   313.278
3268000   300.759
3269000   302.278
3270000   306.811
3271000   307.129
3272000   309.559
3273000   311.317
3274000    310.03
3275000   306.941
3276000   314.312
3277000   310.969
3278000   304.564
3279000   306.434
3280000   303.617
3281000   307.827
3282000   312.793
3283000   309.433
3284000   306.082
3285000    305.17
3286000   302.514
3287000   302.331
3288000   302.557
3289000   303.623
3290000   302.761
3291000   306.132
3292000   305.546
3293000   307.889
3294000    302.97
3295000   302.922
3296000   301.732
3297000   302.141
3298000   308.053
3299000    302.23
3300000    304.93
3301000   305.938
3302000   305.974
3303000   305.792
3304000   306.707
3305000   306.082
3306000   303.721
3307000   304.963
3308000    303.67
3309000   314.655
3310000   309.006
3311000   310.634
3312000   306.568
3313000   303.799
3314000   304.188
3315000   306.881
3316000   304.464
3317000   309.097
3318000    308.54
3319000   303.263
3320000   298.509
3321000   306.186
3322000   307.558
3323000     305.2
3324000     303.3
3325000   305.204
3326000   308.746
3327000   311.377
3328000   308.481
3329000    305.52
3330000   305.692
3331000    305.83
3332000   304.719
3333000   308.822
3334000   306.978
3335000   309.135
3336000    303.45
3337000    303.02
3338000   298.658
3339000   300.794
3340000   298.738
3341000   300.831
3342000   300.361
3343000   302.377
3344000   301.335
3345000    302.64
3346000   297.252
3347000    298.64
3348000   298.531
3349000   299.887
3350000   299.538
3351000    301.32
3352000   308.857
3353000   304.277
3354000     300.5
3355000   295.451
3356000   297.142
3357000   296.664
3358000   299.813
3359000   299.704
3360000    296.69
3361000   301.363
3362000   299.186
3363000   300.671
3364000   300.075
3365000   303.204
3366000   300.956
3367000   301.824
3368000   300.073
3369000    299.58
3370000   300.934
3371000   301.195
3372000   302.131
3373000   305.468
3374000   304.302
3375000   305.202
3376000   308.702
3377000   306.748
3378000    304.55
3379000   306.021
3380000   307.087
3381000   303.914
3382000   303.687
3383000   305.474
3384000   308.376
3385000   304.884
3386000   304.373
3387000   304.604
3388000   301.925
3389000   295.861
3390000   296.206
3391000    298.76
3392000   299.223
3393000    301.17
3394000   298.044
3395000   297.657
3396000   302.903
3397000   304.916
3398000     305.2
3399000   305.916
3400000   300.866
3401000   305.841
3402000   300.481
3403000   304.014
3404000   306.318
3405000   301.257
3406000   308.114
3407000   304.695
3408000   306.552
3409000   306.885
3410000   306.571
3411000   303.188
3412000   303.525
3413000   298.965
3414000    303.67
3415000   306.639
3416000   306.137
3417000   306.096
3418000   300.758
3419000   299.528
3420000   300.573
3421000   302.181
3422000   303.517
3423000   310.043
3424000   306.286
3425000   304.993
3426000   304.155
3427000   304.964
3428000   310.353
3429000   306.865
3430000   305.139
3431000   306.712
3432000   302.947
3433000   310.936
3434000   310.052
3435000    302.67
3436000   310.211
3437000   306.286
3438000   299.621
3439000   294.152
3440000   298.094
3441000   304.449
3442000   302.872
3443000   297.462
3444000   295.189
3445000    297.86
3446000   298.948
3447000   297.216
3448000   294.338
3449000   294.751
3450000   294.667
3451000   299.915
3452000   298.955
3453000   298.961
3454000   307.181
3455000   313.117
3456000   305.373
3457000   304.555
3458000   298.814
3459000   304.468
3460000   299.971
3461000   296.822
3462000   300.613
3463000   298.152
3464000   296.978
3465000   290.565
3466000   301.133
3467000   300.945
3468000   305.086
3469000   311.043
3470000   305.261
3471000    300.03
3472000   302.704
3473000   299.932
3474000   295.386
3475000   295.529
3476000   296.463
3477000   293.432
3478000   294.765
3479000   297.668
3480000   299.066
3481000   296.025
3482000   298.321
3483000   298.502
3484000   301.637
3485000   304.141
3486000   306.674
3487000   303.632
3488000   299.028
3489000   300.757
3490000   302.821
3491000   306.999
3492000   297.546
3493000   300.476
3494000   300.836
3495000   310.332
3496000   308.082
3497000   307.947
3498000   308.702
3499000   298.699
3500000   301.278
3501000   300.933
3502000   303.092
3503000   306.752
3504000   303.054
3505000   304.634
3506000    304.15
3507000   305.809
3508000   309.962
3509000   311.096
3510000   313.869
3511000   305.652
3512000   311.252
3513000   309.865
3514000   310.063
3515000   308.232
3516000   314.799
3517000   308.461
3518000   308.355
3519000   312.035
3520000    313.94
3521000   314.302
3522000   309.766
3523000   310.099
3524000   311.164
3525000   310.673
3526000   310.529
3527000   314.865
3528000   310.219
3529000   311.365
3530000   311.672
3531000   315.029
3532000   313.006
3533000   308.617
3534000   310.864
3535000   313.753
3536000   312.553
3537000   308.431
3538000   310.171
3539000   303.054
3540000   307.222
3541000   312.131
3542000   315.213
3543000   309.648
3544000   302.815
3545000   308.503
3546000   309.466
3547000   304.684
3548000   305.394
3549000    302.75
3550000   310.159
3551000   306.467
3552000   307.629
3553000    308.61
3554000   305.703
3555000   308.088
3556000    308.14
3557000   304.366
3558000   305.978
3559000   308.314
3560000   304.978
3561000   302.205
3562000   300.477
3563000   305.635
3564000   302.759
3565000   302.441
3566000   304.464
3567000   306.086
3568000   309.056
3569000    305.97
3570000   307.716
3571000   309.599
3572000   304.111
3573000   305.845
3574000   304.204
3575000   307.576
3576000   309.253
3577000   308.955
3578000   311.272
3579000   306.274
3580000   306.035
3581000   305.849
3582000   302.587
3583000   306.131
3584000   301.737
3585000    299.71
3586000   303.016
3587000   301.952
3588000   300.877
3589000   297.638
3590000   294.176
3591000   303.587
3592000   305.176
3593000   303.006
3594000   301.375
3595000   303.135
3596000   301.842
3597000   304.038
3598000   303.246
3599000    302.36
3600000    301.47
3601000   305.918
3602000   305.562
3603000   300.543
3604000   298.045
3605000   301.754
3606000   303.435
3607000   303.392
3608000    296.29
3609000   296.426
3610000   303.086
3611000   300.368
3612000   302.982
3613000   298.776
3614000   301.696
3615000   307.552
3616000     300.3
3617000   300.859
3618000   307.135
3619000   309.772
3620000   314.068
3621000   307.055
3622000   300.839
3623000   298.346
3624000   296.201
3625000   298.091
3626000   303.947
3627000   299.466
3628000   299.802
3629000   301.455
3630000   306.168
3631000   308.537
3632000   305.476
3633000   305.975
3634000   309.004
3635000    308.93
3636000   300.936
3637000   302.806
3638000   307.673
3639000   302.512
3640000   306.823
3641000   309.504
3642000   308.398
3643000    309.16
3644000   307.214
3645000   303.813
3646000   300.999
3647000   303.661
3648000   309.949
3649000   305.601
3650000   305.618
3651000   303.976
3652000   296.939
3653000   302.756
3654000   310.709
3655000   304.404
3656000   301.319
3657000   304.792
3658000   307.255
3659000    310.64
3660000    312.55
3661000    305.48
3662000   306.358
3663000   300.041
3664000   301.413
3665000   303.995
3666000   303.533
3667000   305.234
3668000   305.628
3669000   308.292
3670000   308.669
3671000   310.091
3672000   304.526
3673000   304.862
3674000   306.682
3675000   307.699
3676000   304.663
3677000   302.776
3678000    300.02
3679000   307.074
3680000   307.251
3681000   313.191
3682000   312.888
3683000   313.004
3684000   314.322
3685000   313.194
3686000   311.075
3687000   311.228
3688000   309.347
3689000   308.906
3690000   310.383
3691000   309.581
3692000   308.233
3693000   309.706
3694000   308.446
3695000   308.662
3696000   303.556
3697000   304.968
3698000   308.379
3699000   312.147
3700000   311.472
3701000   311.432
3702000   304.349
3703000   303.717
3704000   307.094
3705000   309.444
3706000   310.835
3707000   306.899
3708000   307.572
3709000   312.118
3710000   313.689
3711000   313.955
3712000   306.021
3713000   306.879
3714000   303.091
3715000   302.931
3716000   309.443
3717000   309.806
3718000   307.177
3719000   306.618
3720000   302.699
3721000   303.964
3722000   298.866
3723000   298.597
3724000   301.646
3725000   301.157
3726000   299.406
3727000   300.503
3728000   302.726
3729000   302.574
3730000   306.388
3731000   305.339
3732000    306.04
3733000     306.3
3734000    305.24
3735000   296.891
3736000   294.732
3737000    303.85
3738000   309.142
3739000   314.783
3740000   309.362
3741000   316.097
3742000   314.561
3743000   311.117
3744000    315.49
3745000   313.171
3746000   312.952
3747000   308.472
3748000   308.996
3749000   309.373
3750000   312.192
3751000   308.527
3752000   311.614
3753000   307.425
3754000   301.974
3755000    300.13
3756000   311.059
3757000   306.573
3758000    308.52
3759000   300.614
3760000   302.333
3761000   301.006
3762000   303.088
3763000   297.155
3764000   297.142
3765000   296.874
3766000   303.415
3767000   306.741
3768000   306.713
3769000   310.207
3770000   304.092
3771000   301.131
3772000   309.564
3773000   309.835
3774000   307.752
3775000   312.722
3776000   308.692
3777000   309.937
3778000   309.394
3779000   309.528
3780000   314.766
3781000   309.629
3782000   307.304
3783000   311.429
3784000    306.82
3785000   308.653
3786000   309.529
3787000   307.921
3788000   309.049
3789000   305.496
3790000   299.373
3791000   301.561
3792000    300.95
3793000   305.156
3794000   300.123
3795000   298.972
3796000   303.862
3797000   303.434
3798000   306.033
3799000   303.878
3800000   301.609
3801000    298.54
3802000   296.541
3803000   291.939
3804000   295.737
3805000   289.921
3806000   293.491
3807000   294.908
3808000   298.817
3809000   302.833
3810000   299.072
3811000   302.808
3812000   297.294
3813000   294.778
3814000   300.152
3815000   301.359
3816000   298.352
3817000   299.115
3818000   302.236
3819000   300.755
3820000   307.164
3821000   307.437
3822000   310.995
3823000   307.402
3824000   306.063
3825000   307.695
3826000   306.048
3827000     306.9
3828000   309.756
3829000   305.054
3830000   310.736
3831000   309.819
3832000   308.484
3833000    308.86
3834000   303.111
3835000   305.842
3836000   308.282
3837000   308.895
3838000   307.614
3839000   309.233
3840000    308.38
3841000   302.597
3842000    310.82
3843000   307.434
3844000   299.951
3845000   302.984
3846000   303.568
3847000   304.438
3848000   302.218
3849000   299.279
3850000   303.646
3851000    296.15
3852000   305.704
3853000   304.664
3854000   304.795
3855000   306.657
3856000   303.036
3857000   303.941
3858000   313.374
3859000   306.355
3860000   310.349
3861000    307.29
3862000   305.291
3863000   310.253
3864000   306.785
3865000   304.472
3866000   311.546
3867000    309.95
3868000   311.409
3869000   307.478
3870000    301.98
3871000   302.304
3872000   303.762
3873000   305.575
3874000   306.201
3875000   299.015
3876000   298.635
3877000    297.04
3878000   298.483
3879000   298.235
3880000   297.602
3881000   289.506
3882000   298.253
3883000   300.624
3884000   301.004
3885000   302.614
3886000   303.137
3887000   306.673
3888000   305.517
3889000   304.447
3890000   303.798
3891000   306.118
3892000   302.944
3893000   299.564
3894000   298.295
3895000   307.149
3896000   301.865
3897000   302.564
3898000   305.398
3899000   306.041
3900000   306.841
3901000   310.542
3902000   307.555
3903000   307.785
3904000   307.763
3905000   306.163
3906000   308.808
3907000   309.976
3908000   308.009
3909000   307.043
3910000   308.908
3911000   306.717
3912000   301.962
3913000   302.455
3914000   303.895
3915000    299.38
3916000   297.332
3917000   304.422
3918000   299.934
3919000   301.687
3920000   302.392
3921000   305.424
3922000   305.691
3923000   307.595
3924000   309.464
3925000   308.947
3926000    312.09
3927000   311.252
3928000   305.811
3929000   304.896
3930000   308.484
3931000    310.67
3932000   308.263
3933000   306.525
3934000   309.162
3935000   306.095
3936000   308.709
3937000   304.749
3938000   307.291
3939000   300.971
3940000   302.991
3941000   304.934
3942000   298.375
3943000   300.258
3944000   291.266
3945000   287.229
3946000   286.916
3947000   289.465
3948000   290.004
3949000   296.833
3950000   292.838
3951000   292.006
3952000    293.64
3953000    296.47
3954000    294.03
3955000   300.263
3956000   297.611
3957000   303.968
3958000   309.603
3959000   302.265
3960000   303.731
3961000   308.706
3962000   299.163
3963000   304.651
3964000    299.43
3965000   298.304
3966000   303.213
3967000   304.664
3968000   301.621
3969000   304.965
3970000   306.843
3971000   307.621
3972000   308.099
3973000     306.6
3974000   302.062
3975000   299.814
3976000   301.383
3977000   304.098
3978000   302.111
3979000   294.628
3980000   294.594
3981000   294.207
3982000   292.509
3983000   301.275
3984000   305.341
3985000   306.785
3986000   301.532
3987000   296.217
3988000   298.386
3989000   301.078
3990000   295.485
3991000   297.146
3992000    298.23
3993000   298.822
3994000   303.596
3995000   301.663
3996000   302.627
3997000   299.901
3998000   301.025
3999000   297.964
4000000   298.674
4001000   307.018
4002000   307.635
4003000   301.434
4004000   301.015
4005000   304.074
4006000   306.566
4007000   304.338
4008000   307.578
4009000   304.199
4010000   308.984
4011000    306.79
4012000   310.465
4013000   306.888
4014000   300.294
4015000   299.788
4016000   303.594
4017000   305.888
4018000   302.594
4019000   311.972
4020000   305.111
4021000   299.573
4022000   297.241
4023000    300.17
4024000   300.648
4025000   301.534
4026000   303.185
4027000   304.163
4028000   302.702
4029000   294.717
4030000   295.763
4031000   296.568
4032000   300.422
4033000   298.468
4034000   293.774
4035000   295.973
4036000   295.927
4037000   298.032
4038000   294.113
4039000   292.846
4040000   289.837
4041000    292.23
4042000   298.311
4043000   301.142
4044000   301.055
4045000   299.594
4046000   303.668
4047000   303.009
4048000   300.006
4049000   295.866
4050000    298.94
4051000   298.478
4052000   301.173
4053000   302.627
4054000   302.559
4055000   302.713
4056000   302.927
4057000   300.483
4058000   296.955
4059000   302.118
4060000   297.022
4061000   302.753
4062000   306.964
4063000     305.7
4064000   307.946
4065000   301.702
4066000   303.852
4067000    303.09
4068000   300.291
4069000   298.613
4070000    299.01
4071000   304.149
4072000   299.104
4073000   298.308
4074000   298.952
4075000   303.874
4076000   300.994
4077000    300.61
4078000   299.857
4079000   301.853
4080000   302.597
4081000   307.623
4082000   303.034
4083000   300.352
4084000   307.663
4085000    310.87
4086000   304.564
4087000   302.752
4088000   304.107
4089000   307.462
4090000   301.961
4091000   300.291
4092000   300.689
4093000   300.898
4094000   301.594
4095000   299.264
4096000     301.6
4097000   304.104
4098000   302.599
4099000   301.899
4100000   301.951
4101000   304.365
4102000   302.391
4103000   307.358
4104000   300.318
4105000   300.064
4106000   305.706
4107000   308.412
4108000   310.387
4109000   309.132
4110000   306.731
4111000   306.399
4112000   306.132
4113000   304.655
4114000   303.058
4115000   301.839
4116000   303.263
4117000   299.735
4118000    300.59
4119000   296.307
4120000   295.758
4121000   301.883
4122000   295.924
4123000   299.207
4124000   300.973
4125000   302.606
4126000   304.973
4127000   306.101
4128000   301.318
4129000   301.547
4130000   305.413
4131000   299.552
4132000    294.78
4133000   297.243
4134000   306.535
4135000   299.484
4136000   297.986
4137000    299.81
4138000   305.274
4139000   302.393
4140000   305.049
4141000   305.271
4142000   300.243
4143000   292.274
4144000   297.841
4145000   298.649
4146000   298.513
4147000   303.345
4148000   310.187
4149000   303.879
4150000   306.147
4151000   297.264
4152000   305.342
4153000   300.822
4154000   303.002
4155000   304.083
4156000   306.662
4157000   302.111
4158000   303.477
4159000   303.615
4160000    299.83
4161000   303.076
4162000   304.322
4163000   309.009
4164000   308.856
4165000   308.779
4166000   299.138
4167000   304.448
4168000   303.471
4169000   310.157
4170000   305.531
4171000    307.75
4172000   306.335
4173000   308.659
4174000   299.756
4175000   303.987
4176000   298.775
4177000   305.531
4178000   304.918
4179000   302.578
4180000   303.634
4181000   298.831
4182000   297.762
4183000   302.473
4184000   304.669
4185000   301.921
4186000   303.193
4187000   297.473
4188000   300.839
4189000   301.501
4190000   302.217
4191000   304.085
4192000    305.94
4193000   302.949
4194000     303.6
4195000    309.69
4196000    300.69
4197000   302.933
4198000   301.352
4199000   300.878
4200000   299.947
4201000   302.249
4202000   300.478
4203000   298.069
4204000   296.703
4205000   295.382
4206000   296.139
4207000   306.868
4208000   307.099
4209000   305.784
4210000    302.58
4211000   305.585
4212000   304.703
4213000   307.464
4214000   301.903
4215000   303.148
4216000   304.422
4217000   312.182
4218000   301.329
4219000   305.431
4220000   306.904
4221000   306.335
4222000    307.75
4223000   308.175
4224000   304.426
4225000   306.624
4226000   307.251
4227000   308.966
4228000   308.793
4229000   306.402
4230000   303.966
4231000    303.93
4232000   304.162
4233000    305.19
4234000     305.8
4235000   303.702
4236000   306.152
4237000   309.199
4238000   310.777
4239000   308.447
4240000   308.007
4241000   307.406
4242000   309.411
4243000   307.438
4244000   309.116
4245000   306.078
4246000   302.229
4247000   293.837
4248000   298.109
4249000   307.199
4250000   302.573
4251000   304.201
4252000   307.349
4253000   306.761
4254000   302.978
4255000   304.352
4256000   302.514
4257000   304.458
4258000   299.847
4259000   302.397
4260000   304.039
4261000   302.261
4262000    305.52
4263000   305.833
4264000   308.849
4265000   308.233
4266000    308.31
4267000   308.868
4268000   307.107
4269000   301.518
4270000   303.796
4271000   302.891
4272000   304.433
4273000   304.424
4274000   298.898
4275000   302.561
4276000   301.435
4277000   304.186
4278000   301.408
4279000   302.878
4280000    309.31
4281000    311.36
4282000   309.297
4283000   309.458
4284000   311.366
4285000   310.931
4286000   313.726
4287000   308.265
4288000   304.585
4289000   303.913
4290000   301.482
4291000   302.771
4292000   300.204
4293000   305.046
4294000    304.53
4295000   299.447
4296000   302.667
4297000   301.505
4298000     304.9
4299000   305.918
4300000   308.908
4301000   305.842
4302000   302.799
4303000   303.374
4304000   305.849
4305000    302.88
4306000   308.685
4307000   311.878
4308000   310.011
4309000   305.232
4310000    303.88
4311000   305.318
4312000    305.81
4313000   301.514
4314000   297.888
4315000   308.626
4316000    305.86
4317000   302.392
4318000   303.335
4319000   306.546
4320000   306.412
4321000   301.364
4322000   304.936
4323000   298.996
4324000   296.392
4325000   291.816
4326000   293.709
4327000   293.635
4328000   291.585
4329000   296.112
4330000   297.068
4331000   296.898
4332000   301.963
4333000   301.907
4334000   297.842
4335000   297.647
4336000    295.61
4337000   303.021
4338000   300.792
4339000    299.14
4340000   302.864
4341000   299.985
4342000   300.584
4343000   297.576
4344000   303.539
4345000   302.111
4346000   304.756
4347000   305.019
4348000       308
4349000    306.54
4350000   304.641
4351000   307.127
4352000   304.966
4353000   305.385
4354000   296.695
4355000   299.827
4356000   297.921
4357000   303.529
4358000   301.699
4359000   303.674
4360000   301.111
4361000   299.045
4362000   302.271
4363000   301.335
4364000   302.876
4365000    302.15
4366000   303.165
4367000   297.798
4368000   298.019
4369000   299.788
4370000   302.381
4371000   300.043
4372000   298.162
4373000   299.467
4374000   301.801
4375000    299.25
4376000   303.158
4377000   306.047
4378000   306.168
4379000   308.221
4380000   303.387
4381000   306.953
4382000   303.157
4383000   297.183
4384000   302.149
4385000   302.956
4386000   298.224
4387000   303.906
4388000   303.587
4389000   304.536
4390000   308.777
4391000   307.855
4392000   309.625
4393000   303.748
4394000   303.464
4395000   296.535
4396000   301.473
4397000   302.776
4398000   297.203
4399000   308.816
4400000   318.143
4401000   315.685
4402000   309.364
4403000    309.09
4404000   305.789
4405000   308.726
4406000   302.945
4407000   302.958
4408000   298.881
4409000   298.972
4410000     297.2
4411000   303.961
4412000   301.986
4413000   305.284
4414000   306.689
4415000   309.219
4416000    307.46
4417000   305.866
4418000   307.166
4419000   302.843
4420000   303.035
4421000   306.688
4422000   309.974
4423000    307.72
4424000   310.476
4425000   307.681
4426000   308.293
4427000   309.808
4428000   308.621
4429000   309.325
4430000   308.642
4431000    304.05
4432000   304.975
4433000   314.425
4434000   308.583
4435000   315.019
4436000   311.063
4437000    306.51
4438000   307.365
4439000   305.667
4440000   303.625
4441000   305.123
4442000   306.732
4443000   311.109
4444000   312.332
4445000   305.172
4446000   306.014
4447000   301.381
4448000   301.108
4449000   306.925
4450000    309.23
4451000   307.555
4452000    311.85
4453000   303.712
4454000   297.308
4455000   302.377
4456000   302.155
4457000   302.446
4458000   299.336
4459000   300.016
4460000   306.479
4461000   308.423
4462000   305.253
4463000   310.256
4464000   305.183
4465000   306.694
4466000   300.503
4467000   300.682
4468000   301.735
4469000   304.611
4470000   303.038
4471000   298.418
4472000   299.377
4473000   296.493
4474000   297.944
4475000   302.384
4476000   301.982
4477000   302.301
4478000   302.245
4479000   301.842
4480000   297.581
4481000   302.288
4482000   301.825
4483000   308.728
4484000   308.889
4485000   305.085
4486000   299.803
4487000   303.302
4488000   307.294
4489000   312.613
4490000   309.292
4491000   308.923
4492000   306.227
4493000   301.905
4494000   304.146
4495000   303.393
4496000   306.682
4497000   305.048
4498000   303.047
4499000    299.84
4500000   299.611
4501000   305.717
4502000   311.597
4503000   313.046
4504000   312.003
4505000   318.053
4506000    317.36
4507000   309.455
4508000    311.12
4509000   315.087
4510000   312.445
4511000   312.023
4512000   312.561
4513000   311.385
4514000    308.98
4515000   307.548
4516000   310.154
4517000   312.642
4518000   314.285
4519000   313.535
4520000   313.411
4521000   311.334
4522000   314.118
4523000   310.401
4524000    306.58
4525000   306.679
4526000    306.54
4527000   310.517
4528000   312.704
4529000   310.121
4530000   311.982
4531000   312.212
4532000   311.766
4533000   306.986
4534000   312.252
4535000   307.907
4536000   308.786
4537000   314.258
4538000   310.526
4539000   309.702
4540000   309.064
4541000   307.218
4542000   307.088
4543000   308.598
4544000   307.715
4545000   306.642
4546000   309.664
4547000   311.164
4548000   304.862
4549000    312.38
4550000   310.651
4551000   304.901
4552000   307.694
4553000   305.639
4554000   307.403
4555000    306.14
4556000   303.533
4557000   306.081
4558000   306.935
4559000   308.196
4560000   305.206
4561000    305.22
4562000   301.766
4563000   298.229
4564000   310.351
4565000   308.055
4566000   302.126
4567000   298.536
4568000   295.164
4569000   303.137
4570000   304.725
4571000   310.121
4572000   298.373
4573000    298.73
4574000   297.497
4575000   297.716
4576000   296.523
4577000   295.477
4578000   301.803
4579000   306.677
4580000    306.03
4581000   308.103
4582000   304.996
4583000   305.503
4584000   301.277
4585000    305.26
4586000   308.613
4587000   303.014
4588000   305.785
4589000   309.633
4590000   304.691
4591000   308.639
4592000   308.747
4593000   302.516
4594000   302.954
4595000   303.261
4596000   300.599
4597000   302.001
4598000   303.209
4599000   305.934
4600000   306.711
4601000   306.685
4602000    308.07
4603000   307.387
4604000   307.083
4605000   305.882
4606000   304.605
4607000   304.986
4608000   305.142
4609000   300.256
4610000   301.249
4611000   302.987
4612000    305.23
4613000   305.488
4614000   308.108
4615000   310.814
4616000   309.606
4617000   308.686
4618000   305.252
4619000   305.999
4620000   308.029
4621000   303.915
4622000   298.805
4623000   299.019
4624000   300.573
4625000   300.231
4626000   305.076
4627000   301.943
4628000   308.174
4629000   311.648
4630000   309.709
4631000    305.86
4632000   305.014
4633000   309.317
4634000   308.244
4635000   306.983
4636000   309.159
4637000    307.69
4638000   302.304
4639000   308.227
4640000   304.195
4641000   304.034
4642000   309.075
4643000   307.316
4644000   304.676
4645000   309.548
4646000   302.525
4647000   307.146
4648000   302.653
4649000   302.649
4650000   305.272
4651000   299.865
4652000   296.447
4653000   295.489
4654000   297.482
4655000   304.667
4656000   307.383
4657000   304.589
4658000   302.181
4659000    301.93
4660000   303.758
4661000   305.097
4662000   307.312
4663000   308.092
4664000   306.413
4665000    302.88
4666000   305.619
4667000   308.805
4668000   306.231
4669000   300.248
4670000    304.98
4671000   308.513
4672000   307.353
4673000   298.011
4674000   308.488
4675000   312.986
4676000   312.606
4677000   308.946
4678000   311.258
4679000   312.494
4680000   310.095
4681000   302.809
4682000   308.644
4683000   304.558
4684000   309.141
4685000   312.223
4686000   302.871
4687000   299.939
4688000   295.271
4689000   304.718
4690000   305.546
4691000   302.822
4692000   299.004
4693000   301.109
4694000   294.569
4695000   298.686
4696000   304.646
4697000   303.435
4698000   305.248
4699000   305.195
4700000   303.061
4701000   301.961
4702000   301.242
4703000   298.493
4704000    295.74
4705000   294.683
4706000   294.248
4707000   298.241
4708000   301.915
4709000   300.461
4710000   301.569
4711000   307.901
4712000   315.143
4713000   309.478
4714000   304.649
4715000   304.391
4716000   302.453
4717000   302.805
4718000   304.129
4719000   308.798
4720000   305.754
4721000   299.899
4722000   304.902
4723000   309.008
4724000   306.579
4725000   302.471
4726000   299.299
4727000   300.543
4728000   301.341
4729000   299.572
4730000   303.443
4731000   309.261
4732000   305.587
4733000   304.525
4734000   308.349
4735000   306.538
4736000    307.65
4737000    311.81
4738000   307.949
4739000   302.625
4740000   304.616
4741000     308.3
4742000   307.878
4743000   314.727
4744000   307.457
4745000    303.85
4746000    304.67
4747000   308.247
4748000   308.552
4749000   312.574
4750000   304.998
4751000   309.777
4752000   308.252
4753000   308.681
4754000    310.33
4755000     308.6
4756000   303.523
4757000    297.29
4758000   300.331
4759000   300.554
4760000   304.519
4761000   303.214
4762000   305.128
4763000   311.558
4764000   308.285
4765000    310.95
4766000   305.765
4767000   309.732
4768000   312.593
4769000   306.281
4770000   309.516
4771000   304.935
4772000   301.289
4773000   304.386
4774000   304.891
4775000   305.823
4776000   299.177
4777000   299.173
4778000   300.646
4779000   303.051
4780000   304.578
4781000    303.71
4782000   303.861
4783000     300.8
4784000   304.176
4785000   305.824
4786000   306.359
4787000   310.371
4788000   308.605
4789000   312.627
4790000   310.668
4791000   304.983
4792000   305.811
4793000   306.843
4794000   308.396
4795000   311.013
4796000   313.747
4797000   308.297
4798000   306.586
4799000    311.42
4800000   307.206
4801000   310.883
4802000   306.015
4803000   303.504
4804000   303.511
4805000   306.693
4806000   309.988
4807000   309.859
4808000   309.984
4809000   311.677
4810000   304.942
4811000   307.462
4812000   303.139
4813000   307.373
4814000   299.614
4815000   302.094
4816000   304.211
4817000   303.316
4818000   297.609
4819000   299.313
4820000   290.855
4821000   296.106
4822000   299.317
4823000   300.433
4824000   300.376
4825000   302.218
4826000   308.099
4827000   301.383
4828000   301.161
4829000   302.203
4830000   302.832
4831000   306.932
4832000   312.548
4833000   308.652
4834000   309.836
4835000   305.378
4836000   302.562
4837000   297.272
4838000   301.146
4839000   306.441
4840000   304.595
4841000   300.056
4842000   303.854
4843000   303.292
4844000   300.816
4845000   308.538
4846000   305.237
4847000   304.106
4848000     304.4
4849000   305.601
4850000   304.353
4851000   298.747
4852000   295.792
4853000   293.619
4854000   302.356
4855000   302.443
4856000   295.328
4857000   297.506
4858000   299.074
4859000   297.388
4860000   302.971
4861000   305.308
4862000   303.483
4863000   305.726
4864000   302.064
4865000   310.755
4866000   310.267
4867000   307.754
4868000   305.151
4869000    305.95
4870000   309.067
4871000   302.271
4872000   307.937
4873000   307.496
4874000   308.744
4875000   306.016
4876000   305.995
4877000   297.295
4878000   298.708
4879000   299.919
4880000   303.998
4881000   306.509
4882000   305.609
4883000   303.588
4884000   304.088
4885000   310.154
4886000   314.192
4887000   306.559
4888000   311.525
4889000   319.373
4890000   313.739
4891000   313.478
4892000    312.73
4893000   305.093
4894000   304.084
4895000   304.022
4896000   298.765
4897000   300.403
4898000   302.961
4899000   304.616
4900000   303.831
4901000   304.562
4902000   308.783
4903000   306.142
4904000   307.832
4905000   312.816
4906000    309.51
4907000   312.448
4908000   310.881
4909000   310.279
4910000   306.164
4911000   310.854
4912000   318.096
4913000   316.571
4914000   314.402
4915000   308.057
4916000   311.314
4917000   305.647
4918000     309.1
4919000   313.209
4920000   312.115
4921000   314.577
4922000   306.205
4923000   301.994
4924000    299.06
4925000    298.01
4926000   308.236
4927000   308.684
4928000   303.678
4929000   303.853
4930000   301.194
4931000    303.66
4932000   305.502
4933000   304.204
4934000    301.18
4935000   305.944
4936000   301.631
4937000   299.299
4938000   299.734
4939000   297.698
4940000   305.833
4941000   306.774
4942000   306.929
4943000   309.686
4944000   309.224
4945000   305.576
4946000   309.075
4947000    315.23
4948000   311.493
4949000   308.852
4950000   308.478
4951000   298.128
4952000   295.958
4953000   304.698
4954000   305.564
4955000   305.076
4956000   303.436
4957000   303.775
4958000   306.581
4959000   308.771
4960000   308.816
4961000   310.587
4962000   311.809
4963000   315.661
4964000   312.332
4965000   304.634
4966000   306.786
4967000   299.205
4968000    304.23
4969000   307.477
4970000   304.003
4971000   307.553
4972000   304.976
4973000   299.244
4974000    298.56
4975000   304.342
4976000   308.132
4977000   310.516
4978000   311.694
4979000   309.607
4980000   305.622
4981000   305.381
4982000   308.449
4983000    307.94
4984000   308.012
4985000   307.938
4986000   305.134
4987000   310.203
4988000   308.207
4989000   313.862
4990000   310.203
4991000   312.746
4992000   307.183
4993000   307.392
4994000   310.347
4995000   310.611
4996000   309.624
4997000   305.281
4998000   310.879
4999000   303.667
5000000    305.38
