1000   288.597
2000   295.649
3000   293.813
4000   298.929
5000   305.535
6000   308.712
7000   309.241
8000   306.853
9000     305.6
10000   301.038
11000   299.167
12000   303.211
13000   308.067
14000   308.481
15000   314.285
16000   317.416
17000   312.635
18000   319.049
19000   317.405
20000   317.554
21000   307.792
22000   308.069
23000   307.419
24000   303.588
25000   306.066
26000   312.709
27000   313.082
28000   315.266
29000   315.222
30000   312.316
31000   312.724
32000   315.009
33000   312.242
34000   315.078
35000   314.229
36000   310.817
37000   311.917
38000   317.061
39000   314.058
40000   313.314
41000   311.326
42000   308.497
43000   305.677
44000   307.787
45000   308.981
46000   305.365
47000   304.663
48000   305.157
49000   305.657
50000   307.408
51000   308.302
52000   313.354
53000   311.897
54000   312.645
55000   314.945
56000   314.181
57000   309.065
58000   310.173
59000   312.696
60000   317.196
61000   318.242
62000   313.394
63000    313.27
64000   314.278
65000   318.453
66000   319.603
67000   318.492
68000   306.246
69000   306.402
70000   314.891
71000   322.754
72000   318.955
73000   317.914
74000     320.2
75000    319.96
76000   317.599
77000   313.839
78000   307.042
79000   316.957
80000   317.996
81000   315.146
82000   314.006
83000   314.808
84000   306.194
85000    309.23
86000   312.223
87000    308.72
88000   315.656
89000   317.823
90000   311.328
91000   315.806
92000   311.551
93000   313.328
94000   309.516
95000   314.352
96000   321.622
97000   326.505
98000   326.671
99000   320.383
100000   315.505
101000   317.573
102000   325.568
103000   328.534
104000   318.879
105000   311.493
106000   313.865
107000   312.309
108000   314.728
109000    320.56
110000   321.164
111000    324.14
112000   319.891
113000   316.351
114000   320.965
115000   315.923
116000   315.671
117000   320.134
118000   317.681
119000   320.448
120000   319.079
121000   314.985
122000   314.228
123000   318.536
124000   314.113
125000   315.013
126000   310.032
127000   308.291
128000   314.688
129000   322.827
130000    315.85
131000   315.199
132000   310.323
133000   316.623
134000   320.131
135000   318.424
136000   321.046
137000   316.038
138000   316.474
139000   311.404
140000   307.324
141000   306.238
142000   306.598
143000   306.442
144000    302.87
145000   311.299
146000   314.706
147000   302.218
148000   307.848
149000    306.35
150000   306.679
151000   309.935
152000   312.821
153000    313.36
154000   311.632
155000   315.472
156000   307.899
157000    312.29
158000     311.5
159000   310.752
160000   309.982
161000   312.008
162000   308.246
163000   306.135
164000   311.368
165000   312.474
166000   314.515
167000   311.815
168000   311.318
169000   312.322
170000   309.021
171000   310.744
172000   306.915
173000   311.014
174000   309.588
175000   315.055
176000   314.515
177000   316.811
178000   311.466
179000   315.708
180000    312.75
181000   314.418
182000   318.159
183000   318.935
184000   318.868
185000   319.906
186000   314.019
187000   311.349
188000   309.694
189000   315.104
190000   307.112
191000   315.129
192000   319.149
193000    311.48
194000   310.541
195000   315.318
196000   317.268
197000   322.014
198000   318.341
199000   318.521
200000   319.249
201000   318.724
202000   312.559
203000    312.15
204000   317.043
205000   314.231
206000   313.204
207000   318.522
208000   320.039
209000   317.683
210000    316.29
211000   321.366
212000   319.579
213000   315.888
214000   314.042
215000   307.687
216000   307.028
217000   307.753
218000   314.515
219000   313.476
220000   309.446
221000   312.318
222000   308.054
223000   311.552
224000   314.943
225000   312.852
226000    308.94
227000   319.145
228000   310.554
229000   309.231
230000   307.545
231000   310.137
232000   309.191
233000   311.327
234000   310.593
235000   316.524
236000   319.734
237000   315.986
238000   312.502
239000   303.793
240000   308.765
241000   310.897
242000   314.694
243000   317.699
244000   316.487
245000   313.455
246000   315.323
247000   314.626
248000   315.389
249000   316.952
250000   312.477
251000   309.006
252000    307.58
253000   308.777
254000   305.615
255000   307.267
256000   316.922
257000    318.33
258000   319.212
259000   316.544
260000   320.916
261000   320.968
262000   316.388
263000   313.879
264000   309.746
265000   311.236
266000   315.363
267000   308.681
268000    308.44
269000   312.077
270000   308.295
271000   314.386
272000   316.671
273000   311.449
274000   307.599
275000   304.992
276000   308.276
277000   312.415
278000   310.938
279000   312.507
280000   309.493
281000   312.119
282000   313.273
283000   309.103
284000   311.154
285000   313.453
286000   319.967
287000   313.692
288000   314.047
289000   309.555
290000   308.653
291000   308.034
292000   311.402
293000   318.783
294000   313.721
295000   312.858
296000   318.266
297000   316.999
298000   318.817
299000   312.522
300000   314.016
301000   314.967
302000   322.312
303000   315.073
304000   306.414
305000   307.507
306000   308.151
307000    309.54
308000   310.936
309000   308.142
310000   307.765
311000   314.605
312000   319.026
313000    316.39
314000   311.194
315000   310.356
316000   311.397
317000   305.152
318000   317.006
319000   311.285
320000    316.96
321000   317.941
322000   318.325
323000    319.37
324000    315.55
325000   318.102
326000    319.67
327000    320.37
328000   326.443
329000   320.248
330000   318.992
331000   317.829
332000   318.708
333000   310.911
334000   312.065
335000   308.188
336000   316.574
337000   314.552
338000   316.317
339000   311.189
340000   313.588
341000   312.174
342000   318.871
343000   324.527
344000   318.045
345000   317.781
346000    321.09
347000    317.63
348000   316.704
349000   313.384
350000   316.893
351000    312.84
352000   318.655
353000   312.169
354000   313.848
355000   314.549
356000   314.925
357000   309.838
358000   317.572
359000   319.316
360000    323.24
361000   320.577
362000   320.699
363000   316.564
364000   322.712
365000    315.78
366000   311.798
367000   314.437
368000   311.453
369000   316.252
370000    317.73
371000   312.728
372000   318.477
373000   320.209
374000    319.08
375000   319.523
376000   319.927
377000   320.938
378000   323.288
379000   318.927
380000   326.247
381000   325.633
382000   321.254
383000   315.378
384000    311.73
385000   311.474
386000    319.02
387000   316.711
388000   309.542
389000   325.861
390000    319.83
391000   322.634
392000   313.512
393000   314.498
394000   319.275
395000   315.344
396000   317.204
397000    319.84
398000   320.441
399000   320.404
400000   322.853
401000   319.534
402000    319.15
403000   315.802
404000   314.455
405000   310.796
406000   314.015
407000   312.678
408000   311.508
409000   308.477
410000   307.522
411000   316.301
412000    312.55
413000   309.285
414000   310.291
415000   311.737
416000   318.811
417000   312.275
418000   316.389
419000   316.021
420000   313.114
421000   312.568
422000   317.266
423000   312.292
424000   308.041
425000    307.78
426000     311.3
427000   311.952
428000   309.386
429000    311.61
430000   314.419
431000   314.156
432000   313.826
433000   317.079
434000   312.598
435000   316.802
436000   322.408
437000   318.933
438000   316.966
439000    314.68
440000   316.915
441000   311.149
442000   316.957
443000   314.775
444000   319.334
445000   313.233
446000   313.489
447000   309.053
448000   315.532
449000   309.651
450000   316.444
451000   321.152
452000    318.52
453000   320.941
454000   321.767
455000    318.46
456000   319.215
457000   315.788
458000   320.026
459000   317.925
460000   319.398
461000   319.391
462000   313.668
463000   309.286
464000   310.837
465000   314.385
466000   313.669
467000   316.394
468000   317.769
469000   314.817
470000   312.364
471000   312.682
472000   310.019
473000    313.94
474000    316.78
475000   317.898
476000   315.432
477000   322.341
478000   318.991
479000   323.047
480000    313.75
481000   311.644
482000   318.396
483000   310.206
484000   313.441
485000   315.705
486000   318.021
487000   308.679
488000   310.292
489000   305.341
490000   308.836
491000   306.844
492000   306.253
493000   309.634
494000   309.645
495000   313.009
496000   313.317
497000   313.458
498000    317.15
499000   318.663
500000   317.898
501000   307.252
502000   308.848
503000   312.865
504000   316.091
505000   316.424
506000   324.701
507000   316.141
508000   323.151
509000   318.953
510000    313.23
511000   310.328
512000   309.364
513000   312.483
514000   315.393
515000   317.664
516000   318.911
517000   317.776
518000   316.683
519000   319.299
520000   318.666
521000   318.484
522000   317.132
523000   320.217
524000   316.872
525000   316.497
526000   316.164
527000   317.318
528000   317.426
529000   309.303
530000   310.626
531000   310.959
532000   314.448
533000   319.927
534000   317.205
535000   321.586
536000   320.737
537000   317.065
538000   316.757
539000   318.977
540000   313.397
541000   313.848
542000   320.769
543000   318.837
544000   312.432
545000   317.258
546000   312.603
547000   312.199
548000   318.195
549000     316.8
550000   312.172
551000   310.649
552000   306.958
553000   309.693
554000   316.411
555000   318.814
556000   317.397
557000   317.774
558000   312.119
559000   311.614
560000   307.422
561000   304.058
562000   317.741
563000    321.93
564000   316.886
565000   317.912
566000   315.449
567000   313.805
568000   314.773
569000   312.463
570000   314.395
571000   318.382
572000   315.758
573000   318.932
574000   316.934
575000   320.069
576000   317.794
577000   317.559
578000   311.407
579000   314.383
580000    315.53
581000   315.432
582000   316.015
583000   321.563
584000   321.718
585000   319.513
586000   320.869
587000   320.248
588000    319.59
589000   320.484
590000   315.322
591000   314.587
592000   315.263
593000   320.887
594000   316.856
595000   317.949
596000   306.931
597000   306.043
598000   308.926
599000   314.321
600000   312.184
601000   312.409
602000   310.642
603000   315.172
604000   314.606
605000   314.525
606000   316.457
607000    316.41
608000   321.928
609000    315.14
610000   317.753
611000     319.4
612000   315.645
613000   314.766
614000   318.414
615000   323.626
616000   318.853
617000   321.839
618000   322.457
619000   316.929
620000   316.782
621000   316.302
622000   313.847
623000   314.271
624000   310.855
625000   313.015
626000   315.486
627000   317.449
628000   315.309
629000   317.889
630000   319.181
631000   322.958
632000   323.571
633000   324.145
634000   318.328
635000   313.264
636000   318.468
637000   318.296
638000   312.543
639000   314.325
640000   315.117
641000   317.314
642000   311.636
643000   309.261
644000   314.633
645000    314.11
646000    309.65
647000   311.531
648000   313.889
649000   316.886
650000   317.952
651000   315.142
652000   313.077
653000   318.637
654000   320.433
655000    314.01
656000   310.097
657000   313.231
658000   316.181
659000   316.668
660000   314.854
661000   316.091
662000   313.149
663000   314.133
664000   309.922
665000   312.054
666000   310.336
667000    308.92
668000   307.334
669000   301.211
670000   304.745
671000   314.623
672000   313.919
673000     307.7
674000   312.967
675000   314.817
676000   315.271
677000   313.157
678000   319.382
679000   323.708
680000       319
681000   308.676
682000   314.127
683000   309.643
684000   310.154
685000   314.112
686000   317.168
687000   319.918
688000   317.034
689000   319.638
690000    320.52
691000     320.1
692000    316.89
693000   317.982
694000   314.786
695000   318.725
696000   320.094
697000   316.478
698000   311.865
699000   312.892
700000   316.097
701000   320.577
702000   315.504
703000   308.504
704000   314.575
705000   318.633
706000   316.934
707000    311.81
708000   306.256
709000   311.124
710000   311.473
711000   309.585
712000   310.739
713000    309.16
714000   315.627
715000   316.916
716000   318.797
717000    313.51
718000   320.635
719000   323.588
720000   318.234
721000   312.962
722000   319.822
723000   326.401
724000   321.086
725000   316.174
726000    313.31
727000   312.109
728000   317.669
729000   316.932
730000   313.073
731000   316.523
732000   315.666
733000   312.922
734000   316.165
735000   312.571
736000   311.428
737000   314.833
738000   312.956
739000   311.852
740000   310.546
741000   310.054
742000   309.937
743000   310.311
744000   312.002
745000    316.88
746000   313.511
747000   313.815
748000   319.843
749000   319.734
750000   318.526
751000   321.937
752000   320.388
753000   315.464
754000   318.114
755000   310.768
756000   311.255
757000   317.876
758000   318.159
759000   316.072
760000    316.23
761000   315.314
762000   312.274
763000   315.988
764000   311.258
765000   307.906
766000    312.91
767000   315.788
768000   312.378
769000   313.127
770000   316.721
771000   318.681
772000    316.25
773000   312.192
774000   318.652
775000   318.627
776000   313.457
777000   313.662
778000   316.267
779000   316.385
780000   311.336
781000     312.2
782000   314.809
783000   318.995
784000   316.703
785000   312.242
786000   310.314
787000   313.057
788000   310.529
789000   316.135
790000   314.727
791000   317.641
792000   320.727
793000   320.923
794000   316.113
795000   318.936
796000   318.189
797000   314.235
798000    311.86
799000   314.144
800000   316.263
801000    321.63
802000   325.081
803000    321.51
804000   318.422
805000   317.914
806000   317.906
807000   311.287
808000   308.131
809000   312.639
810000   316.222
811000   308.467
812000   306.672
813000   313.965
814000   318.613
815000   316.037
816000   315.389
817000    309.39
818000   312.634
819000   316.778
820000   319.338
821000   314.486
822000   316.688
823000   316.016
824000   317.123
825000   312.052
826000   312.293
827000   319.202
828000    319.46
829000   318.398
830000   315.108
831000   319.217
832000   314.828
833000   317.216
834000   314.388
835000   304.967
836000   303.899
837000   310.074
838000   316.239
839000   317.139
840000   319.111
841000   314.919
842000   313.205
843000   315.368
844000    321.76
845000   319.857
846000   311.795
847000   315.807
848000   310.825
849000   313.212
850000   313.661
851000   311.423
852000   307.983
853000   307.226
854000   307.088
855000   309.704
856000   313.604
857000    317.71
858000   314.382
859000   313.557
860000   313.599
861000   314.204
862000   319.243
863000   319.941
864000   316.456
865000   316.634
866000   307.566
867000   311.885
868000   316.682
869000   310.474
870000   311.201
871000   312.972
872000   316.869
873000   320.687
874000    316.61
875000   318.262
876000   318.445
877000   311.693
878000   307.545
879000   316.469
880000   317.596
881000   311.859
882000   311.073
883000   313.778
884000   315.049
885000   314.687
886000   315.002
887000   310.646
888000   314.359
889000   310.466
890000   314.414
891000   316.252
892000   316.112
893000   316.602
894000   320.763
895000   323.407
896000   321.148
897000   318.431
898000    315.47
899000   313.773
900000   312.876
901000   311.199
902000   308.129
903000   310.609
904000   308.429
905000   306.808
906000   309.825
907000   309.548
908000   314.669
909000    317.96
910000   313.925
911000   314.962
912000   314.332
913000   313.703
914000   312.073
915000   309.539
916000   312.851
917000   312.295
918000   314.434
919000   311.272
920000   309.289
921000   314.887
922000   312.463
923000   305.785
924000   308.251
925000   312.031
926000   314.549
927000   316.413
928000   317.195
929000    313.22
930000   322.829
931000   311.173
932000   316.039
933000   317.559
934000   313.581
935000   316.085
936000   317.033
937000   314.515
938000   310.095
939000   308.919
940000   314.327
941000   314.016
942000   310.707
943000    310.22
944000   312.791
945000    311.65
946000   309.375
947000   315.907
948000    321.78
949000   317.405
950000   315.237
951000   312.649
952000   320.242
953000   318.536
954000   315.468
955000   308.497
956000   307.603
957000   311.184
958000   311.447
959000   308.394
960000   306.226
961000   313.946
962000   309.129
963000   306.445
964000   307.495
965000   309.291
966000   305.372
967000   310.881
968000   313.084
969000    311.86
970000   312.231
971000   316.812
972000   314.779
973000   316.153
974000   320.866
975000   316.614
976000   316.811
977000     315.9
978000   310.059
979000   312.367
980000   317.489
981000   309.521
982000   309.037
983000   311.624
984000   310.955
985000   316.716
986000   310.053
987000   312.066
988000   306.341
989000   308.858
990000    314.25
991000   321.547
992000   320.205
993000   326.906
994000   323.117
995000   323.799
996000   321.587
997000   322.547
998000   319.641
999000   321.164
1000000   322.407
1001000   323.621
1002000   322.561
1003000   316.033
1004000   317.805
1005000   320.713
1006000   321.131
1007000   316.186
1008000   318.958
1009000   319.282
1010000   318.159
1011000   316.156
1012000   320.576
1013000    315.73
1014000   317.423
1015000   315.553
1016000   319.629
1017000   322.689
1018000   315.925
1019000    315.76
1020000   319.517
1021000   321.745
1022000   318.581
1023000   322.985
1024000   320.555
1025000   316.321
1026000   320.954
1027000   319.155
1028000   323.716
1029000   322.335
1030000   322.474
1031000   319.774
1032000   321.476
1033000    317.24
1034000   311.104
1035000   310.259
1036000   310.872
1037000   314.473
1038000    318.08
1039000   307.408
1040000   307.405
1041000   307.027
1042000   309.161
1043000   311.155
1044000   303.742
1045000   312.832
1046000   317.036
1047000   316.001
1048000   318.572
1049000   312.613
1050000   306.177
1051000   313.719
1052000   312.706
1053000   313.656
1054000   310.516
1055000   312.657
1056000   309.418
1057000   306.626
1058000   309.355
1059000   313.451
1060000   315.477
1061000   315.913
1062000   314.962
1063000   306.487
1064000    313.77
1065000   306.927
1066000   306.467
1067000   315.111
1068000    312.23
1069000   312.028
1070000   310.558
1071000     308.6
1072000   307.288
1073000   306.564
1074000   304.271
1075000   310.154
1076000   311.578
1077000   310.308
1078000   314.828
1079000   315.728
1080000   326.479
1081000   322.804
1082000   322.304
1083000   322.289
1084000   319.395
1085000   323.534
1086000   323.984
1087000   324.274
1088000   322.367
1089000   320.792
1090000   318.254
1091000   323.554
1092000   321.008
1093000   315.609
1094000   312.521
1095000   324.216
1096000   322.395
1097000   327.432
1098000   320.405
1099000   318.088
1100000   317.758
1101000   316.797
1102000   319.256
1103000   316.236
1104000   314.249
1105000   314.307
1106000   312.347
1107000   306.538
1108000   308.254
1109000   310.406
1110000   308.865
1111000   312.988
1112000   316.312
1113000   320.126
1114000    314.91
1115000   309.819
1116000   316.024
1117000   313.185
1118000   314.924
1119000   319.465
1120000    312.85
1121000   315.595
1122000     315.6
1123000   315.755
1124000   317.963
1125000   310.913
1126000   310.562
1127000   309.812
1128000   312.335
1129000   309.466
1130000   308.109
1131000   310.462
1132000    312.05
1133000    309.96
1134000   316.649
1135000   317.798
1136000    318.62
1137000   316.232
1138000    310.65
1139000   311.423
1140000   313.275
1141000   310.423
1142000   312.832
1143000   317.306
1144000    314.06
1145000   313.724
1146000   317.351
1147000   313.022
1148000   314.107
1149000   320.088
1150000   323.491
1151000   316.761
1152000   313.026
1153000   317.161
1154000   313.317
1155000    313.52
1156000    312.02
1157000   310.509
1158000   313.358
1159000   312.397
1160000   313.308
1161000   314.588
1162000   316.141
1163000   317.816
1164000   309.922
1165000   313.751
1166000   312.014
1167000   302.606
1168000   307.483
1169000   309.065
1170000   303.658
1171000    310.86
1172000   309.318
1173000   300.147
1174000   304.884
1175000   312.589
1176000   311.207
1177000    312.82
1178000   312.697
1179000   315.739
1180000   308.897
1181000   320.884
1182000   319.791
1183000   314.111
1184000       320
1185000   319.044
1186000   312.453
1187000    311.46
1188000   312.086
1189000   311.753
1190000   309.209
1191000   314.464
1192000   312.341
1193000   309.967
1194000   314.572
1195000   312.785
1196000   303.028
1197000   303.278
1198000   307.304
1199000   312.165
1200000   306.629
1201000    308.53
1202000   309.752
1203000   315.891
1204000   309.755
1205000   311.604
1206000   313.585
1207000   306.467
1208000   310.452
1209000   315.187
1210000   307.633
1211000   310.078
1212000   310.968
1213000   306.644
1214000    314.35
1215000   320.063
1216000   318.678
1217000   314.113
1218000    314.35
1219000   315.733
1220000   316.614
1221000   317.707
1222000   313.856
1223000    306.12
1224000   309.033
1225000   314.719
1226000   312.143
1227000    315.21
1228000   314.944
1229000   314.729
1230000   314.742
1231000   308.977
1232000   312.412
1233000   315.098
1234000   316.886
1235000       310
1236000   313.892
1237000    318.71
1238000   318.968
1239000   323.604
1240000   320.685
1241000   321.934
1242000   319.697
1243000   322.688
1244000   322.025
1245000   324.948
1246000   323.219
1247000   316.624
1248000   315.773
1249000   314.187
1250000   314.382
1251000   308.751
1252000   316.579
1253000    318.83
1254000   316.834
1255000   317.766
1256000   318.357
1257000   318.785
1258000   314.086
1259000   315.556
1260000   316.072
1261000   310.053
1262000    308.65
1263000    306.88
1264000   310.742
1265000   303.657
1266000   303.676
1267000   309.144
1268000   317.311
1269000   316.104
1270000   317.148
1271000   311.795
1272000   312.136
1273000   314.171
1274000   315.765
1275000    317.62
1276000   316.411
1277000   318.987
1278000   320.657
1279000   319.156
1280000   316.561
1281000   316.112
1282000   320.392
1283000   313.195
1284000   315.388
1285000    317.09
1286000   321.052
1287000   321.287
1288000   319.749
1289000   322.503
1290000   317.941
1291000   324.449
1292000   317.888
1293000   318.193
1294000   317.869
1295000   315.334
1296000   316.635
1297000     312.2
1298000   316.583
1299000   317.706
1300000   312.285
1301000   309.723
1302000   316.576
1303000   318.417
1304000   313.827
1305000   325.407
1306000   314.577
1307000   313.457
1308000    314.44
1309000   316.629
1310000   316.208
1311000   313.095
1312000   314.834
1313000   312.596
1314000   314.023
1315000   311.371
1316000   316.225
1317000   314.823
1318000   313.353
1319000   311.829
1320000   310.975
1321000   312.069
1322000    314.99
1323000   313.281
1324000   313.969
1325000   316.141
1326000   320.714
1327000   317.614
1328000   312.127
1329000   316.398
1330000    313.06
1331000   320.353
1332000   315.235
1333000   314.402
1334000   313.771
1335000    314.97
1336000   312.311
1337000   311.013
1338000   314.461
1339000    317.72
1340000   317.674
1341000   316.353
1342000   312.258
1343000   308.711
1344000   313.077
1345000   321.487
1346000   323.599
1347000   319.546
1348000   315.799
1349000   313.913
1350000   306.935
1351000   308.203
1352000   312.133
1353000   307.731
1354000   307.997
1355000   303.754
1356000   310.328
1357000   311.875
1358000   311.735
1359000    309.16
1360000   308.897
1361000   311.248
1362000   310.718
1363000   318.942
1364000   316.588
1365000   322.426
1366000   316.385
1367000   312.397
1368000   314.166
1369000   315.816
1370000    313.93
1371000   316.351
1372000   319.204
1373000   315.697
1374000   315.971
1375000    315.71
1376000   316.128
1377000   313.661
1378000    312.04
1379000   312.957
1380000   315.854
1381000   314.272
1382000   312.451
1383000   314.427
1384000   313.502
1385000   318.352
1386000    314.32
1387000   311.293
1388000   310.588
1389000   309.761
1390000   306.431
1391000   309.299
1392000   309.937
1393000   306.878
1394000   307.956
1395000   308.508
1396000    303.16
1397000   307.745
1398000   313.109
1399000   307.268
1400000   314.273
1401000   312.247
1402000   315.033
1403000   316.293
1404000   311.329
1405000   312.985
1406000   313.388
1407000   312.159
1408000    309.54
1409000    310.71
1410000   307.989
1411000    308.64
1412000   310.084
1413000   305.939
1414000   306.787
1415000   308.125
1416000   307.016
1417000   300.732
1418000   304.622
1419000    304.61
1420000   305.143
1421000    313.37
1422000   318.423
1423000   312.456
1424000   314.213
1425000   315.929
1426000   310.377
1427000   309.147
1428000   312.641
1429000   312.946
1430000   319.645
1431000   318.132
1432000   321.788
1433000   318.484
1434000   320.944
1435000   318.344
1436000   322.995
1437000   324.827
1438000   321.327
1439000   317.667
1440000   317.235
1441000   321.834
1442000    323.04
1443000   318.389
1444000   314.037
1445000    313.24
1446000   308.411
1447000   309.323
1448000   309.262
1449000   301.561
1450000   300.207
1451000   304.846
1452000   306.136
1453000   308.229
1454000   306.922
1455000   310.821
1456000   311.113
1457000   306.552
1458000   310.315
1459000    317.06
1460000   314.369
1461000   314.881
1462000   304.057
1463000   305.019
1464000    305.12
1465000   305.651
1466000   306.729
1467000   306.785
1468000   309.991
1469000   310.339
1470000   304.579
1471000   309.271
1472000   310.791
1473000   313.491
1474000   314.156
1475000   312.542
1476000   310.436
1477000   313.086
1478000   309.235
1479000   308.575
1480000   309.439
1481000   305.041
1482000   312.139
1483000   313.559
1484000   318.234
1485000   315.665
1486000   316.961
1487000   319.319
1488000    319.51
1489000   318.538
1490000   324.461
1491000   323.558
1492000   327.266
1493000   321.641
1494000   324.298
1495000   321.321
1496000   321.821
1497000   316.785
1498000   319.843
1499000   323.544
1500000   320.842
1501000   314.735
1502000   315.548
1503000   309.629
1504000   314.902
1505000   310.283
1506000   312.537
1507000   313.267
1508000   316.511
1509000   312.043
1510000   317.577
1511000   320.551
1512000   326.595
1513000   329.783
1514000   325.451
1515000   327.597
1516000   325.308
1517000    318.89
1518000    317.51
1519000   317.799
1520000   314.955
1521000   309.378
1522000   314.142
1523000   317.114
1524000   318.084
1525000   320.713
1526000   325.054
1527000   318.868
1528000   316.807
1529000   326.978
1530000   322.665
1531000   321.343
1532000   320.309
1533000   323.457
1534000    322.89
1535000    325.58
1536000   324.138
1537000   319.385
1538000   314.726
1539000   319.833
1540000   319.545
1541000   320.494
1542000   319.091
1543000    323.48
1544000   323.598
1545000   322.424
1546000   324.829
1547000   321.264
1548000   324.243
1549000   321.106
1550000   317.937
1551000   316.337
1552000   318.395
1553000   317.648
1554000     315.2
1555000   312.264
1556000   313.026
1557000   313.613
1558000   311.919
1559000   309.538
1560000   312.512
1561000   306.926
1562000   312.908
1563000   311.933
1564000   312.021
1565000   316.776
1566000   315.798
1567000   317.522
1568000   319.724
1569000   316.319
1570000   316.412
1571000   312.338
1572000   314.563
1573000   313.557
1574000   314.601
1575000   309.225
1576000   309.771
1577000   320.466
1578000   312.626
1579000   311.855
1580000   314.446
1581000   313.629
1582000    318.31
1583000   316.697
1584000   315.838
1585000   321.406
1586000    320.08
1587000    316.36
1588000   315.454
1589000   313.122
1590000   315.146
1591000   315.347
1592000   314.058
1593000   321.241
1594000   316.394
1595000   315.103
1596000   312.365
1597000   312.314
1598000   308.717
1599000   305.607
1600000   306.889
1601000    308.35
1602000   312.727
1603000   313.232
1604000   303.476
1605000   301.588
1606000   306.784
1607000   307.682
1608000    307.02
1609000    304.79
1610000   307.211
1611000   312.148
1612000   315.712
1613000   315.296
1614000   316.027
1615000   314.593
1616000   315.485
1617000   312.943
1618000   313.401
1619000   311.584
1620000   312.738
1621000   312.571
1622000   315.216
1623000   312.977
1624000   309.193
1625000   306.246
1626000   309.516
1627000   307.452
1628000   309.353
1629000   307.823
1630000   312.262
1631000   314.502
1632000   313.535
1633000   310.092
1634000   314.981
1635000   319.342
1636000   314.018
1637000   319.003
1638000   320.147
1639000   316.984
1640000   313.201
1641000   315.625
1642000   315.763
1643000   312.433
1644000   309.117
1645000    308.64
1646000   310.043
1647000   312.276
1648000   316.661
1649000   317.595
1650000   318.635
1651000   316.136
1652000   314.194
1653000   320.757
1654000   312.126
1655000   312.432
1656000   313.803
1657000   311.472
1658000   319.417
1659000   320.962
1660000   319.436
1661000   315.436
1662000   318.677
1663000   316.767
1664000   311.359
1665000   310.119
1666000     315.1
1667000   317.703
1668000   311.509
1669000    314.76
1670000    310.82
1671000   312.752
1672000   313.342
1673000    305.07
1674000   307.197
1675000    306.75
1676000   317.632
1677000    317.72
1678000   312.043
1679000   307.487
1680000   313.484
1681000   315.283
1682000   321.303
1683000   319.355
1684000   316.991
1685000   315.281
1686000   319.355
1687000   314.406
1688000   318.578
1689000   326.126
1690000   315.264
1691000   313.074
1692000   308.105
1693000   306.987
1694000   303.852
1695000    312.74
1696000   313.054
1697000   313.726
1698000   304.566
1699000   305.112
1700000   310.549
1701000   306.476
1702000   303.593
1703000   310.933
1704000    312.69
1705000   317.484
1706000   317.985
1707000   321.795
1708000   322.043
1709000   321.733
1710000   312.803
1711000   311.767
1712000   317.993
1713000   318.118
1714000   321.137
1715000   319.873
1716000   317.539
1717000    313.77
1718000   316.024
1719000   317.362
1720000   309.502
1721000   318.387
1722000   317.729
1723000   319.715
1724000   315.977
1725000   317.619
1726000   319.291
1727000   324.119
1728000   320.658
1729000   319.027
1730000    320.46
1731000   318.744
1732000   317.238
1733000   314.566
1734000   315.659
1735000   317.072
1736000   315.484
1737000   311.652
1738000   315.191
1739000   317.863
1740000   322.293
1741000   327.284
1742000   325.534
1743000   319.148
1744000   321.194
1745000   317.619
1746000   318.498
1747000    314.27
1748000   314.596
1749000   312.381
1750000   317.433
1751000   314.583
1752000   317.637
1753000   320.326
1754000   322.171
1755000   320.835
1756000    315.24
1757000   313.578
1758000   317.639
1759000    314.86
1760000   309.699
1761000   319.967
1762000   325.414
1763000   324.694
1764000   318.811
1765000   315.316
1766000   322.031
1767000   319.936
1768000   323.999
1769000   323.883
1770000   320.445
1771000   320.267
1772000   321.619
1773000   318.826
1774000   308.912
1775000   309.763
1776000   305.358
1777000   312.774
1778000   313.969
1779000   313.215
1780000   315.044
1781000    309.79
1782000   307.548
1783000   309.903
1784000   314.406
1785000   317.174
1786000   313.942
1787000   314.443
1788000   315.031
1789000   316.458
1790000   307.419
1791000   307.245
1792000   309.116
1793000   308.837
1794000   314.511
1795000   319.513
1796000   313.859
1797000   312.752
1798000   319.539
1799000   317.675
1800000   320.034
1801000   315.716
1802000   315.669
1803000   312.137
1804000   312.887
1805000   308.154
1806000   310.579
1807000   317.281
1808000   318.118
1809000   321.563
1810000    316.29
1811000   319.163
1812000   323.372
1813000   313.202
1814000   309.084
1815000    315.85
1816000   315.351
1817000    314.21
1818000   315.904
1819000   317.014
1820000   312.903
1821000   316.584
1822000   318.677
1823000   311.621
1824000   313.602
1825000   312.227
1826000   314.312
1827000   317.469
1828000   319.612
1829000   322.796
1830000   318.922
1831000   320.816
1832000   319.138
1833000   323.347
1834000   318.834
1835000   318.936
1836000    325.76
1837000   322.683
1838000   319.917
1839000   322.124
1840000   324.746
1841000   318.666
1842000   317.227
1843000   316.754
1844000   315.178
1845000   318.443
1846000    330.12
1847000   327.607
1848000   326.052
1849000   322.909
1850000   320.416
1851000   322.372
1852000   318.287
1853000   322.099
1854000   316.127
1855000   316.503
1856000   329.549
1857000   322.249
1858000   318.418
1859000   323.699
1860000   327.562
1861000   326.929
1862000   320.501
1863000   318.862
1864000   319.171
1865000   315.146
1866000   319.358
1867000   323.242
1868000   321.032
1869000    324.59
1870000   319.925
1871000   324.443
1872000   324.132
1873000   330.264
1874000   332.038
1875000   325.633
1876000   328.426
1877000   326.134
1878000   327.889
1879000   330.995
1880000   331.228
1881000   324.559
1882000   322.958
1883000   322.259
1884000   319.807
1885000   320.574
1886000    319.82
1887000   319.093
1888000   311.688
1889000   315.024
1890000   315.416
1891000   316.309
1892000   313.841
1893000   311.692
1894000   315.465
1895000   319.119
1896000   321.842
1897000   318.427
1898000   316.653
1899000   315.242
1900000   310.459
1901000   310.159
1902000   312.871
1903000    303.01
1904000   307.964
1905000   304.914
1906000   308.638
1907000   309.463
1908000    317.35
1909000   308.125
1910000   303.486
1911000   310.503
1912000   312.072
1913000   310.361
1914000    311.67
1915000   311.416
1916000   313.141
1917000   320.619
1918000    310.63
1919000   315.164
1920000   313.852
1921000   315.835
1922000   320.325
1923000   317.544
1924000   313.139
1925000   309.924
1926000   308.341
1927000   315.533
1928000   314.809
1929000   322.204
1930000    316.88
1931000   322.724
1932000   314.128
1933000    313.22
1934000   312.004
1935000    307.99
1936000   304.837
1937000   309.275
1938000   307.019
1939000   310.919
1940000   315.804
1941000   314.943
1942000   315.806
1943000   315.579
1944000   317.469
1945000   319.203
1946000   321.406
1947000   327.681
1948000   328.165
1949000   324.014
1950000   319.633
1951000   321.851
1952000   317.902
1953000   313.585
1954000    311.31
1955000   311.348
1956000   309.805
1957000   314.909
1958000   319.657
1959000   314.485
1960000   316.933
1961000   315.278
1962000   311.272
1963000   319.377
1964000    312.87
1965000    316.71
1966000   320.357
1967000   316.914
1968000    315.98
1969000   312.956
1970000   309.024
1971000   309.038
1972000   313.912
1973000    315.65
1974000   316.118
1975000   315.816
1976000   318.436
1977000   323.485
1978000   323.796
1979000   318.454
1980000   309.926
1981000   314.479
1982000   318.646
1983000   321.094
1984000   321.054
1985000   318.821
1986000   315.354
1987000   314.168
1988000   321.732
1989000   315.963
1990000   317.506
1991000   315.397
1992000   317.691
1993000    316.34
1994000   314.932
1995000   320.649
1996000   320.273
1997000   318.748
1998000   321.265
1999000   319.114
2000000   314.733
2001000   316.058
2002000   314.442
2003000   309.413
2004000   311.068
2005000   312.703
2006000   309.273
2007000   311.504
2008000   313.891
2009000   317.155
2010000   317.937
2011000   313.274
2012000   318.879
2013000   317.964
2014000   314.641
2015000    320.29
2016000   321.845
2017000   320.025
2018000   313.652
2019000   317.045
2020000   319.568
2021000    319.23
2022000   318.816
2023000   314.689
2024000   314.783
2025000   318.789
2026000    318.78
2027000   309.918
2028000   311.293
2029000   311.884
2030000   308.044
2031000   308.337
2032000   303.925
2033000   308.054
2034000   312.308
2035000   309.684
2036000   313.259
2037000   311.061
2038000   314.503
2039000   321.149
2040000   316.662
2041000   314.019
2042000    311.55
2043000   307.709
2044000   315.511
2045000    319.14
2046000   311.568
2047000   316.969
2048000   318.713
2049000   316.828
2050000   311.788
2051000   314.119
2052000   307.597
2053000   305.196
2054000   305.185
2055000   304.601
2056000   305.313
2057000    305.76
2058000   307.173
2059000   309.157
2060000   307.758
2061000   316.281
2062000   311.918
2063000   313.982
2064000   317.788
2065000   312.068
2066000   312.775
2067000   315.834
2068000   322.119
2069000   319.484
2070000   315.908
2071000   315.196
2072000   317.265
2073000   320.145
2074000   321.545
2075000   324.785
2076000   319.838
2077000   320.489
2078000   323.557
2079000   320.333
2080000    324.61
2081000   328.884
2082000   332.224
2083000   334.946
2084000   326.332
2085000   325.014
2086000    326.44
2087000    325.19
2088000   322.223
2089000   323.214
2090000   325.836
2091000   325.539
2092000   323.912
2093000   318.253
2094000   317.654
2095000   325.001
2096000   325.205
2097000   325.217
2098000   324.812
2099000   321.444
2100000   317.341
2101000   319.561
2102000   319.705
2103000   325.194
2104000   324.816
2105000     324.6
2106000   325.455
2107000   328.941
2108000    320.96
2109000   320.546
2110000   316.951
2111000   311.762
2112000   318.773
2113000   317.358
2114000   317.764
2115000   321.111
2116000   316.711
2117000   316.783
2118000   313.105
2119000   314.103
2120000   320.645
2121000   318.384
2122000   313.765
2123000   314.335
2124000   312.481
2125000   315.648
2126000   316.592
2127000   315.155
2128000    316.24
2129000    319.19
2130000   316.087
2131000   321.334
2132000   322.781
2133000   328.564
2134000   325.269
2135000   318.429
2136000   319.324
2137000   322.885
2138000    323.76
2139000    324.24
2140000   321.635
2141000   320.514
2142000   318.425
2143000   317.708
2144000   317.142
2145000   310.979
2146000   312.079
2147000   315.362
2148000   315.836
2149000   323.163
2150000   317.628
2151000   321.105
2152000   319.258
2153000   321.482
2154000   320.784
2155000   321.534
2156000   319.752
2157000   322.841
2158000   320.286
2159000   322.824
2160000   322.458
2161000   321.261
2162000   322.642
2163000   322.871
2164000   314.644
2165000   312.965
2166000   314.268
2167000   323.678
2168000   319.007
2169000   318.288
2170000   318.721
2171000   312.586
2172000    312.27
2173000   319.248
2174000   318.712
2175000   322.356
2176000   319.735
2177000   320.837
2178000   324.477
2179000   319.711
2180000   323.958
2181000   320.473
2182000   318.044
2183000   322.034
2184000   320.858
2185000   325.222
2186000   317.433
2187000   317.378
2188000   317.444
2189000   320.078
2190000   317.933
2191000   315.571
2192000   321.488
2193000   318.264
2194000   315.855
2195000   312.463
2196000   314.688
2197000   313.351
2198000   316.425
2199000   312.271
2200000   312.445
2201000   313.547
2202000   319.215
2203000   322.999
2204000   322.537
2205000   320.356
2206000   314.226
2207000   317.306
2208000   321.238
2209000   320.518
2210000   318.469
2211000   319.178
2212000   322.234
2213000   326.524
2214000   319.533
2215000   316.242
2216000   319.053
2217000   326.343
2218000   316.299
2219000   315.944
2220000   313.263
2221000   310.121
2222000   313.784
2223000   311.525
2224000   321.187
2225000   324.226
2226000   321.722
2227000   319.717
2228000   321.613
2229000   314.866
2230000   317.895
2231000   316.894
2232000   315.851
2233000   321.038
2234000   325.051
2235000   323.077
2236000   327.875
2237000   322.897
2238000   324.961
2239000   319.787
2240000   317.268
2241000   320.071
2242000    320.18
2243000   323.448
2244000   322.778
2245000    321.62
2246000    319.45
2247000    322.02
2248000    325.67
2249000    321.48
2250000   325.692
2251000   317.974
2252000   320.027
2253000   312.957
2254000   312.187
2255000   311.374
2256000   326.225
2257000   325.091
2258000    322.78
2259000   324.295
2260000    325.34
2261000   319.565
2262000   317.174
2263000   316.988
2264000    318.16
2265000   316.093
2266000    316.85
2267000   310.237
2268000   307.582
2269000   307.568
2270000    308.47
2271000   310.163
2272000    311.66
2273000   311.524
2274000   316.131
2275000   318.821
2276000   322.092
2277000   319.107
2278000   311.801
2279000   315.942
2280000   319.162
2281000       317
2282000   318.567
2283000   319.357
2284000   324.762
2285000   323.234
2286000   323.685
2287000   326.295
2288000   323.029
2289000   318.811
2290000    320.31
2291000   317.957
2292000   318.363
2293000   320.985
2294000   311.407
2295000    313.39
2296000   315.801
2297000    319.29
2298000   320.241
2299000   322.213
2300000   318.096
2301000   320.247
2302000   319.841
2303000   323.128
2304000   314.949
2305000   310.576
2306000   309.505
2307000   307.774
2308000    314.61
2309000   317.999
2310000   314.068
2311000   315.419
2312000   323.795
2313000   323.502
2314000   322.487
2315000   321.725
2316000   315.551
2317000   316.805
2318000   313.889
2319000   314.876
2320000   312.968
2321000   315.289
2322000   309.458
2323000   308.215
2324000   314.078
2325000   312.718
2326000     313.1
2327000   318.955
2328000   320.719
2329000   316.848
2330000   314.792
2331000   310.182
2332000   313.764
2333000   308.944
2334000    315.21
2335000   309.597
2336000   303.472
2337000   307.149
2338000   305.789
2339000   311.009
2340000   305.814
2341000   305.311
2342000    306.78
2343000   310.855
2344000   310.751
2345000   311.323
2346000   307.888
2347000   312.809
2348000    313.72
2349000   313.231
2350000    315.36
2351000    316.59
2352000   317.187
2353000   313.538
2354000   311.292
2355000   314.437
2356000   318.134
2357000   317.132
2358000   318.017
2359000   320.068
2360000   318.542
2361000   321.707
2362000   324.209
2363000   326.211
2364000   321.434
2365000   316.701
2366000   313.021
2367000   313.568
2368000   314.825
2369000   317.523
2370000   317.903
2371000   320.019
2372000   317.644
2373000   314.052
2374000   313.487
2375000   313.267
2376000   312.394
2377000   314.739
2378000   316.231
2379000   311.621
2380000   313.686
2381000   321.318
2382000   316.276
2383000   317.364
2384000   315.977
2385000   314.383
2386000   316.744
2387000    314.52
2388000   315.239
2389000   318.898
2390000   316.846
2391000    313.92
2392000   317.419
2393000   313.638
2394000   319.257
2395000   317.124
2396000   318.063
2397000   321.838
2398000   319.711
2399000    316.04
2400000   317.136
2401000   314.943
2402000   313.074
2403000   313.753
2404000   316.178
2405000   312.816
2406000   310.589
2407000   313.271
2408000    310.03
2409000   317.348
2410000   320.339
2411000   321.546
2412000   319.934
2413000   318.079
2414000   317.676
2415000   317.149
2416000   317.409
2417000   308.071
2418000   311.992
2419000   315.488
2420000   314.725
2421000    312.82
2422000   312.447
2423000   313.667
2424000   314.656
2425000   314.624
2426000   317.691
2427000   320.204
2428000   318.177
2429000   319.351
2430000   313.321
2431000   317.861
2432000   319.715
2433000   320.862
2434000   318.466
2435000   314.056
2436000   313.114
2437000    313.65
2438000   313.198
2439000   306.026
2440000   308.753
2441000   311.252
2442000   319.048
2443000   318.493
2444000   313.818
2445000    321.24
2446000   315.508
2447000    316.13
2448000   317.036
2449000    315.38
2450000   311.545
2451000   309.467
2452000   312.514
2453000   310.807
2454000   313.568
2455000   318.036
2456000   317.968
2457000   322.274
2458000   320.175
2459000    324.67
2460000   326.463
2461000    326.61
2462000   323.675
2463000   325.855
2464000   322.077
2465000   321.738
2466000   321.352
2467000   316.708
2468000   317.666
2469000   322.799
2470000   314.721
2471000   313.026
2472000   315.976
2473000   320.778
2474000   326.019
2475000   325.505
2476000    328.33
2477000   327.124
2478000   322.519
2479000   324.542
2480000   324.908
2481000    326.44
2482000   320.377
2483000   314.091
2484000   312.497
2485000   320.904
2486000   321.886
2487000   318.457
2488000   318.022
2489000   313.648
2490000   316.867
2491000   307.774
2492000   312.278
2493000   311.579
2494000   314.478
2495000   314.142
2496000   310.351
2497000    309.55
2498000   313.695
2499000   311.291
2500000   309.895
2501000   308.659
2502000   313.085
2503000    316.96
2504000   315.979
2505000   315.895
2506000   310.492
2507000   307.193
2508000   309.477
2509000   304.711
2510000   307.951
2511000   308.861
2512000   302.986
2513000   308.121
2514000   304.856
2515000   307.237
2516000   303.927
2517000   304.603
2518000    302.94
2519000   305.613
2520000   314.134
2521000   309.957
2522000   304.915
2523000   312.628
2524000   312.138
2525000     305.9
2526000    308.11
2527000     311.6
2528000   314.361
2529000   309.028
2530000   307.958
2531000   312.987
2532000   313.897
2533000   310.007
2534000   309.934
2535000   314.969
2536000   319.154
2537000   317.635
2538000   318.053
2539000   317.197
2540000   315.138
2541000   319.542
2542000    311.57
2543000   313.053
2544000   321.383
2545000   320.637
2546000   315.125
2547000   316.094
2548000   314.651
2549000     313.7
2550000   314.126
2551000   311.543
2552000   312.235
2553000   312.307
2554000       311
2555000   300.333
2556000   299.781
2557000   296.672
2558000    300.24
2559000   297.571
2560000   303.476
2561000   299.614
2562000   301.443
2563000    312.11
2564000   307.125
2565000   303.644
2566000    303.88
2567000   307.632
2568000    310.88
2569000    306.82
2570000   311.052
2571000   315.061
2572000   320.054
2573000   320.969
2574000   318.019
2575000   311.914
2576000   312.422
2577000   306.023
2578000    305.09
2579000   309.717
2580000   307.458
2581000   309.683
2582000   312.411
2583000   314.549
2584000   311.971
2585000   308.641
2586000    311.73
2587000   311.964
2588000   323.417
2589000   319.185
2590000   314.135
2591000   312.016
2592000   311.293
2593000   313.464
2594000   313.445
2595000   308.214
2596000   311.705
2597000   311.429
2598000   314.559
2599000   322.771
2600000   317.023
2601000   314.842
2602000   312.838
2603000   318.029
2604000     316.1
2605000   318.467
2606000   313.904
2607000   313.731
2608000   315.638
2609000   320.008
2610000   316.207
2611000   310.962
2612000   311.904
2613000    316.21
2614000   314.654
2615000   314.204
2616000   307.932
2617000   314.002
2618000   316.085
2619000   319.849
2620000   320.764
2621000    314.98
2622000   313.353
2623000   304.442
2624000   310.605
2625000   314.908
2626000    318.66
2627000    313.82
2628000   305.897
2629000   308.208
2630000   305.353
2631000    315.78
2632000   316.371
2633000   316.644
2634000   315.689
2635000   311.128
2636000   313.148
2637000   309.306
2638000   316.397
2639000    313.34
2640000   315.895
2641000   318.565
2642000   317.456
2643000   318.286
2644000   317.168
2645000   320.786
2646000    317.04
2647000   319.254
2648000   315.954
2649000   316.996
2650000   313.531
2651000   312.292
2652000   311.696
2653000   313.953
2654000   308.147
2655000   316.565
2656000    319.06
2657000   317.588
2658000   317.837
2659000    312.47
2660000   313.762
2661000   311.715
2662000   313.401
2663000   316.957
2664000   310.343
2665000   313.615
2666000   312.356
2667000   316.091
2668000   314.662
2669000   308.564
2670000   314.566
2671000   308.378
2672000   310.112
2673000   315.033
2674000   316.371
2675000    322.71
2676000   313.692
2677000   314.884
2678000   314.051
2679000   309.955
2680000   307.078
2681000   312.923
2682000   307.671
2683000    310.95
2684000   312.224
2685000   306.613
2686000   309.015
2687000   311.308
2688000   314.251
2689000   314.249
2690000   309.298
2691000   306.909
2692000   312.953
2693000   309.544
2694000   310.277
2695000   313.696
2696000   313.245
2697000   309.537
2698000   310.398
2699000   310.921
2700000   317.882
2701000    310.31
2702000   310.254
2703000   310.782
2704000   312.654
2705000    311.11
2706000   308.922
2707000   317.856
2708000   320.015
2709000   321.447
2710000   315.396
2711000   317.665
2712000   320.096
2713000   311.239
2714000   308.564
2715000   311.375
2716000   318.045
2717000   312.474
2718000   311.472
2719000   308.787
2720000   316.116
2721000   310.549
2722000   306.588
2723000   309.272
2724000   308.874
2725000   314.266
2726000   311.891
2727000   312.815
2728000   310.166
2729000   311.964
2730000   312.685
2731000   320.354
2732000   314.811
2733000   312.972
2734000   315.617
2735000   313.907
2736000   312.835
2737000    305.01
2738000   305.194
2739000    308.34
2740000    311.15
2741000   309.772
2742000   319.197
2743000   314.683
2744000   310.024
2745000   312.825
2746000   320.645
2747000   317.647
2748000   315.656
2749000   312.925
2750000   317.886
2751000   315.369
2752000   316.068
2753000   319.316
2754000   311.056
2755000   311.794
2756000   315.524
2757000    315.06
2758000   320.371
2759000   322.395
2760000   316.203
2761000   320.208
2762000   321.854
2763000   317.168
2764000   315.527
2765000   314.736
2766000   312.518
2767000   315.566
2768000   312.199
2769000   310.305
2770000   308.243
2771000    321.06
2772000   320.962
2773000   315.958
2774000   313.943
2775000   313.666
2776000    320.93
2777000   318.967
2778000   320.021
2779000   315.792
2780000   310.807
2781000   306.983
2782000   309.643
2783000   309.277
2784000   313.341
2785000   315.778
2786000   314.634
2787000   313.184
2788000   317.259
2789000   316.822
2790000   317.031
2791000   317.461
2792000   313.172
2793000   313.776
2794000   311.779
2795000   315.137
2796000   322.595
2797000   320.321
2798000   324.912
2799000   320.359
2800000   319.505
2801000   319.923
2802000   323.907
2803000   319.743
2804000   317.691
2805000   314.393
2806000   312.017
2807000   318.105
2808000   312.058
2809000   313.241
2810000   310.506
2811000   310.249
2812000   310.711
2813000   307.079
2814000   308.831
2815000    304.17
2816000   305.261
2817000   311.168
2818000    309.92
2819000   308.872
2820000   310.098
2821000   313.342
2822000   315.196
2823000   315.094
2824000   316.747
2825000   316.181
2826000   317.012
2827000   319.411
2828000   315.506
2829000   312.447
2830000   314.791
2831000   313.049
2832000   312.598
2833000    313.44
2834000   317.981
2835000   311.843
2836000   314.132
2837000   316.126
2838000   316.461
2839000   314.166
2840000   315.569
2841000   316.884
2842000   315.903
2843000   316.832
2844000   315.467
2845000   314.109
2846000   312.593
2847000   310.959
2848000   316.992
2849000   318.726
2850000   315.942
2851000   313.403
2852000   314.633
2853000   322.637
2854000   321.593
2855000   321.432
2856000   318.278
2857000   318.305
2858000   323.339
2859000   317.776
2860000   318.061
2861000    319.12
2862000    318.04
2863000   314.981
2864000   313.482
2865000   315.478
2866000   318.927
2867000   324.447
2868000   319.991
2869000   316.429
2870000    318.97
2871000   319.689
2872000   318.251
2873000   315.369
2874000   313.622
2875000    304.89
2876000    312.05
2877000   312.967
2878000   315.399
2879000   315.283
2880000   321.316
2881000   316.782
2882000   316.519
2883000   311.911
2884000   311.481
2885000   316.852
2886000    320.13
2887000   317.384
2888000   324.621
2889000   318.694
2890000   320.842
2891000   319.092
2892000   325.414
2893000   322.366
2894000   319.997
2895000   319.373
2896000   322.586
2897000   324.765
2898000    328.25
2899000   319.874
2900000   319.975
2901000   317.737
2902000   322.132
2903000   323.548
2904000   325.451
2905000   319.929
2906000   317.655
2907000   320.015
2908000   312.383
2909000   313.986
2910000   324.692
2911000   321.384
2912000   316.185
2913000   322.154
2914000   318.427
2915000   317.974
2916000    323.07
2917000   325.964
2918000   322.198
2919000   325.238
2920000   316.126
2921000    312.72
2922000   318.305
2923000   318.799
2924000   318.326
2925000   317.101
2926000   319.136
2927000   319.257
2928000    321.13
2929000   321.993
2930000   323.442
2931000   316.872
2932000   316.899
2933000   315.097
2934000   317.953
2935000    317.34
2936000   307.937
2937000    311.85
2938000   308.966
2939000   311.917
2940000   310.771
2941000   308.636
2942000   310.905
2943000    309.36
2944000   309.426
2945000   315.281
2946000   317.343
2947000   317.109
2948000   314.757
2949000   315.824
2950000   314.367
2951000   312.708
2952000   312.208
2953000   307.112
2954000   309.819
2955000   307.079
2956000    312.33
2957000   314.362
2958000   318.623
2959000   320.345
2960000   311.822
2961000   314.789
2962000   316.197
2963000   310.101
2964000   313.501
2965000   317.266
2966000   315.143
2967000   312.664
2968000   310.775
2969000   314.324
2970000   315.887
2971000   314.997
2972000   309.294
2973000   313.827
2974000   316.095
2975000    312.71
2976000    309.22
2977000   309.847
2978000   310.222
2979000   311.005
2980000   310.732
2981000   309.513
2982000   312.386
2983000   321.255
2984000   319.681
2985000    316.93
2986000   320.332
2987000   323.961
2988000   317.951
2989000   318.235
2990000   308.692
2991000   309.653
2992000   311.321
2993000   317.825
2994000   317.634
2995000    322.64
2996000   314.806
2997000   313.748
2998000     316.3
2999000   315.642
3000000   315.918
3001000    316.67
3002000    314.62
3003000   308.919
3004000   318.859
3005000   319.002
3006000   314.004
3007000   315.326
3008000   312.252
3009000    318.97
3010000   317.229
3011000   316.164
3012000   321.013
3013000   314.959
3014000   312.392
3015000   319.894
3016000   313.834
3017000    316.22
3018000   311.991
3019000   313.159
3020000   312.371
3021000    316.06
3022000    313.66
3023000   315.979
3024000   316.017
3025000   314.653
3026000   313.172
3027000     318.7
3028000   314.523
3029000   310.904
3030000   308.385
3031000   310.679
3032000    312.96
3033000   315.824
3034000   306.501
3035000   307.126
3036000   308.829
3037000   308.256
3038000   310.076
3039000   310.875
3040000   313.225
3041000   313.439
3042000   310.395
3043000   320.274
3044000   322.427
3045000   319.093
3046000    322.58
3047000   321.345
3048000   328.984
3049000   322.901
3050000   321.142
3051000   320.111
3052000   317.821
3053000   311.426
3054000   308.899
3055000   312.522
3056000   312.932
3057000   313.922
3058000   311.837
3059000   311.442
3060000   302.817
3061000   311.094
3062000    312.26
3063000   309.245
3064000   310.614
3065000   312.577
3066000   309.813
3067000   306.951
3068000   314.569
3069000   317.842
3070000   317.761
3071000   313.389
3072000   311.876
3073000   309.387
3074000   309.926
3075000   317.307
3076000   322.123
3077000   324.325
3078000   315.742
3079000   312.787
3080000   313.879
3081000   310.131
3082000   314.698
3083000   314.825
3084000   312.534
3085000    318.43
3086000   311.828
3087000   311.013
3088000   311.326
3089000   315.562
3090000     314.8
3091000    315.05
3092000   315.743
3093000   310.386
3094000   320.489
3095000   319.472
3096000   315.948
3097000   320.273
3098000   318.632
3099000   317.513
3100000   313.327
3101000   312.911
3102000   319.734
3103000   313.539
3104000   316.722
3105000   320.306
3106000   324.212
3107000   315.492
3108000   312.576
3109000   314.061
3110000   318.133
3111000   307.996
3112000   310.671
3113000   313.774
3114000   314.101
3115000   308.471
3116000   309.073
3117000   309.425
3118000    316.64
3119000   311.324
3120000   313.186
3121000   314.468
3122000   319.702
3123000   312.748
3124000    315.96
3125000   318.172
3126000   314.173
3127000   313.776
3128000   312.659
3129000   315.832
3130000   310.193
3131000   311.535
3132000    311.68
3133000   318.237
3134000   312.702
3135000   312.433
3136000   315.216
3137000   312.791
3138000   311.631
3139000   311.051
3140000   316.293
3141000   319.785
3142000    318.45
3143000   318.095
3144000   315.356
3145000   310.169
3146000   318.352
3147000    316.15
3148000   317.732
3149000   320.582
3150000   316.554
3151000   324.612
3152000   323.865
3153000   318.569
3154000   319.087
3155000   314.864
3156000   312.556
3157000   312.522
3158000   311.596
3159000   318.775
3160000   323.976
3161000   325.154
3162000   319.949
3163000   317.506
3164000   317.253
3165000   319.249
3166000   313.106
3167000   316.726
3168000   313.243
3169000   321.815
3170000   320.643
3171000   313.397
3172000   317.699
3173000   320.036
3174000   317.008
3175000   315.432
3176000   312.775
3177000   312.138
3178000   311.176
3179000   308.542
3180000   311.719
3181000    311.54
3182000   310.918
3183000   309.923
3184000   310.264
3185000   310.737
3186000   325.097
3187000   321.133
3188000   320.144
3189000   318.151
3190000   315.152
3191000   316.921
3192000   317.571
3193000   318.451
3194000   318.275
3195000   320.492
3196000   320.138
3197000   323.439
3198000   320.873
3199000   319.913
3200000   319.316
3201000   313.643
3202000   313.279
3203000   312.052
3204000   310.741
3205000   310.659
3206000   320.733
3207000   319.072
3208000   324.422
3209000   325.336
3210000   325.037
3211000   318.262
3212000   311.233
3213000   305.847
3214000   303.953
3215000   309.829
3216000   304.057
3217000   311.665
3218000   310.901
3219000   311.652
3220000   312.834
3221000   316.693
3222000   317.366
3223000   325.632
3224000   323.356
3225000   319.735
3226000   316.943
3227000   317.758
3228000   321.481
3229000   316.688
3230000   322.186
3231000   321.097
3232000   321.581
3233000   321.441
3234000   316.138
3235000   316.662
3236000   321.473
3237000   321.319
3238000   317.704
3239000   323.577
3240000   320.723
3241000   323.657
3242000   317.955
3243000   319.767
3244000   318.378
3245000   313.925
3246000   315.867
3247000   316.242
3248000   317.914
3249000   318.501
3250000   311.549
3251000   311.429
3252000   313.865
3253000   312.529
3254000   316.365
3255000   319.613
3256000   317.252
3257000   315.045
3258000   309.075
3259000   315.092
3260000   309.248
3261000   313.017
3262000   316.271
3263000   318.439
3264000   312.205
3265000   311.513
3266000   320.655
3267000    321.11
3268000   321.177
3269000    319.74
3270000   321.607
3271000   318.721
3272000   324.538
3273000   315.194
3274000   317.922
3275000    313.21
3276000   307.602
3277000   308.824
3278000   313.531
3279000   318.477
3280000   320.509
3281000   318.062
3282000   313.675
3283000   313.904
3284000   319.492
3285000   317.728
3286000    321.82
3287000   318.913
3288000   315.026
3289000   318.619
3290000   316.213
3291000   318.189
3292000   322.828
3293000   325.254
3294000   316.027
3295000   315.559
3296000   320.788
3297000   319.987
3298000   316.905
3299000   320.515
3300000   317.131
3301000   305.691
3302000   311.441
3303000   316.363
3304000   317.075
3305000   315.174
3306000   313.459
3307000    313.78
3308000   318.943
3309000   312.112
3310000   316.801
3311000   310.042
3312000    315.72
3313000   323.476
3314000   322.133
3315000   324.495
3316000   319.698
3317000   315.341
3318000   315.969
3319000   322.967
3320000   320.307
3321000   317.407
3322000    317.45
3323000   315.144
3324000   318.653
3325000   312.627
3326000   312.649
3327000    309.09
3328000   314.031
3329000   311.376
3330000    310.24
3331000   308.959
3332000   312.888
3333000   308.901
3334000   309.769
3335000   309.342
3336000   311.973
3337000   310.627
3338000   310.767
3339000   304.631
3340000   305.114
3341000   307.561
3342000   307.409
3343000   316.046
3344000   307.614
3345000   313.598
3346000   305.658
3347000   314.373
3348000   309.639
3349000    310.78
3350000   314.709
3351000   310.049
3352000   317.031
3353000   319.926
3354000   316.458
3355000    316.73
3356000   317.451
3357000   316.425
3358000   312.298
3359000   314.492
3360000   309.919
3361000   317.644
3362000   315.013
3363000   313.187
3364000   314.815
3365000   310.823
3366000   312.093
3367000   314.095
3368000   317.295
3369000   315.371
3370000   315.753
3371000   307.441
3372000   310.064
3373000   309.711
3374000   307.695
3375000   318.892
3376000   319.766
3377000   320.144
3378000    319.12
3379000   311.751
3380000   316.173
3381000   320.389
3382000    317.72
3383000   315.293
3384000   318.804
3385000   322.037
3386000   319.425
3387000   320.793
3388000   320.647
3389000   316.191
3390000   315.888
3391000   309.184
3392000   312.921
3393000   312.751
3394000   317.784
3395000   311.251
3396000   311.525
3397000   307.163
3398000   310.372
3399000    311.04
3400000   307.379
3401000   309.805
3402000   312.501
3403000   306.113
3404000   306.894
3405000   316.761
3406000   313.939
3407000   318.545
3408000   315.503
3409000   311.165
3410000   313.295
3411000   316.686
3412000   313.085
3413000   312.564
3414000     314.5
3415000   313.932
3416000   315.567
3417000   311.414
3418000   320.354
3419000   312.615
3420000   312.798
3421000   317.717
3422000   314.955
3423000   312.485
3424000   310.944
3425000   311.182
3426000   315.572
3427000   315.172
3428000   311.612
3429000   303.505
3430000    313.84
3431000   313.283
3432000   305.752
3433000   309.545
3434000   314.699
3435000   317.247
3436000   315.811
3437000   314.719
3438000    318.77
3439000   317.525
3440000   316.067
3441000   319.384
3442000   318.296
3443000   318.673
3444000   313.451
3445000   313.157
3446000   313.346
3447000   312.301
3448000   315.058
3449000   315.858
3450000   317.619
3451000   317.236
3452000   310.731
3453000   315.019
3454000   312.366
3455000   312.752
3456000   312.775
3457000    310.21
3458000   310.435
3459000   316.828
3460000   311.434
3461000   314.971
3462000   314.194
3463000   313.413
3464000   319.541
3465000   313.742
3466000   316.255
3467000   313.702
3468000   313.551
3469000   312.261
3470000   310.389
3471000   309.347
3472000    312.74
3473000   311.458
3474000   311.922
3475000   310.523
3476000   313.764
3477000   316.748
3478000   315.193
3479000   314.752
3480000   308.972
3481000   310.154
3482000   315.567
3483000   312.219
3484000   311.896
3485000   311.457
3486000   313.356
3487000   306.712
3488000   310.382
3489000   316.475
3490000   319.505
3491000   317.658
3492000   317.368
3493000   320.069
3494000   313.792
3495000   318.879
3496000    311.48
3497000   303.821
3498000   314.984
3499000   312.031
3500000   310.917
3501000   310.459
3502000   313.273
3503000   312.543
3504000   313.186
3505000   309.784
3506000   311.082
3507000   317.024
3508000   319.305
3509000   316.477
3510000   312.585
3511000   316.788
3512000   317.941
3513000   321.681
3514000    318.71
3515000   318.867
3516000   319.242
3517000   321.922
3518000   317.538
3519000   309.423
3520000   319.744
3521000   319.336
3522000    320.54
3523000   309.569
3524000   313.281
3525000   314.086
3526000    319.11
3527000   314.526
3528000   318.636
3529000   323.338
3530000   323.786
3531000   310.828
3532000   310.097
3533000   313.109
3534000   309.887
3535000   314.556
3536000    313.24
3537000   313.305
3538000   313.684
3539000   315.349
3540000   311.054
3541000   316.883
3542000   310.388
3543000   310.463
3544000   314.832
3545000   312.966
3546000   314.073
3547000   314.159
3548000    312.28
3549000   316.255
3550000   315.446
3551000   315.254
3552000   312.658
3553000   313.601
3554000   313.112
3555000   312.832
3556000   310.742
3557000   312.508
3558000    315.41
3559000    316.09
3560000   311.103
3561000   308.862
3562000   313.091
3563000   317.527
3564000   317.706
3565000   319.164
3566000   314.132
3567000    310.53
3568000   315.474
3569000   317.206
3570000   314.929
3571000   316.511
3572000   311.733
3573000   310.911
3574000   313.469
3575000     314.5
3576000   311.343
3577000   316.389
3578000   317.125
3579000   312.068
3580000   316.529
3581000   315.937
3582000   314.758
3583000   317.806
3584000   321.437
3585000   318.496
3586000    312.02
3587000   311.543
3588000   312.181
3589000   320.686
3590000   316.401
3591000   312.454
3592000   310.889
3593000    312.81
3594000    313.75
3595000   313.818
3596000   310.555
3597000   314.192
3598000   313.987
3599000   309.866
3600000   309.831
3601000   308.807
3602000   305.076
3603000   310.495
3604000    312.46
3605000   314.216
3606000   312.499
3607000   306.745
3608000   306.268
3609000   305.632
3610000   308.395
3611000   318.818
3612000   315.602
3613000   320.046
3614000   317.307
3615000   318.038
3616000   320.302
3617000    326.62
3618000   326.164
3619000   321.937
3620000   317.587
3621000   321.534
3622000   321.259
3623000   317.205
3624000    327.01
3625000   318.657
3626000   324.696
3627000   317.927
3628000   322.208
3629000   318.573
3630000    315.15
3631000   311.743
3632000   313.467
3633000   312.144
3634000   318.254
3635000   313.013
3636000   316.317
3637000   320.305
3638000   322.651
3639000   322.766
3640000   320.777
3641000   318.192
3642000   321.246
3643000   322.162
3644000   320.974
3645000   324.273
3646000   319.088
3647000   319.593
3648000   320.554
3649000   316.658
3650000   321.702
3651000   317.617
3652000   318.037
3653000   322.447
3654000   320.097
3655000   319.256
3656000   323.903
3657000   313.638
3658000   313.378
3659000   318.994
3660000   319.641
3661000   312.702
3662000   311.079
3663000   314.413
3664000   315.037
3665000   321.738
3666000   317.992
3667000   318.113
3668000   319.158
3669000   324.938
3670000   328.813
3671000   321.309
3672000    318.86
3673000    318.71
3674000   316.459
3675000   321.212
3676000   314.837
3677000   316.518
3678000   318.279
3679000   320.217
3680000   317.573
3681000   314.524
3682000   316.008
3683000   312.409
3684000   305.643
3685000   308.414
3686000   311.831
3687000   316.737
3688000   317.755
3689000   312.479
3690000   316.562
3691000   319.672
3692000   317.947
3693000   322.183
3694000   321.287
3695000   323.701
3696000    315.01
3697000   312.775
3698000   313.708
3699000   316.883
3700000    323.21
3701000   325.958
3702000   324.859
3703000    319.12
3704000   318.221
3705000   318.465
3706000   315.314
3707000   312.922
3708000   311.861
3709000   312.064
3710000   306.546
3711000    305.92
3712000   309.562
3713000    312.53
3714000   313.145
3715000   312.062
3716000    311.09
3717000    306.88
3718000   313.859
3719000   319.337
3720000   314.994
3721000   312.047
3722000   315.602
3723000   321.818
3724000   320.098
3725000   321.944
3726000   322.404
3727000   323.649
3728000   316.812
3729000   320.277
3730000    318.48
3731000     320.1
3732000   319.834
3733000   321.656
3734000   318.765
3735000   317.218
3736000   321.989
3737000   319.728
3738000    315.28
3739000   317.124
3740000   316.108
3741000   322.115
3742000   319.606
3743000   321.169
3744000   315.967
3745000   316.977
3746000   311.245
3747000   311.814
3748000   314.439
3749000   305.793
3750000     309.6
3751000   313.067
3752000   313.654
3753000    312.15
3754000    313.15
3755000   313.646
3756000   312.699
3757000   313.958
3758000   313.387
3759000   312.344
3760000   310.731
3761000   310.839
3762000   309.349
3763000   308.625
3764000   311.688
3765000   310.522
3766000   307.291
3767000   307.742
3768000   311.908
3769000   318.217
3770000   316.081
3771000   318.788
3772000   314.805
3773000   323.832
3774000   321.004
3775000   321.417
3776000   319.529
3777000   321.048
3778000   323.302
3779000   316.842
3780000   302.323
3781000   307.346
3782000   311.824
3783000    312.94
3784000   317.386
3785000   315.767
3786000   315.777
3787000    312.48
3788000   315.741
3789000   311.553
3790000   314.914
3791000   309.437
3792000   307.769
3793000   315.933
3794000   315.446
3795000   313.716
3796000   319.528
3797000   315.964
3798000   318.961
3799000   322.979
3800000   322.265
3801000   329.701
3802000   322.002
3803000   325.155
3804000   324.819
3805000   317.361
3806000   317.191
3807000   322.068
3808000   319.085
3809000   316.749
3810000   317.411
3811000   313.465
3812000   318.559
3813000   314.796
3814000   318.276
3815000   318.408
3816000   330.603
3817000   327.026
3818000   320.639
3819000   314.785
3820000   310.578
3821000   311.777
3822000   313.094
3823000   314.534
3824000   312.088
3825000    317.15
3826000   318.304
3827000   314.849
3828000   319.981
3829000   316.084
3830000   322.804
3831000   321.019
3832000   320.104
3833000   320.937
3834000   317.607
3835000   307.952
3836000     311.9
3837000   315.437
3838000   320.295
3839000   314.399
3840000   311.257
3841000    307.31
3842000   311.452
3843000   315.765
3844000   318.738
3845000   313.973
3846000   312.576
3847000   317.492
3848000   321.445
3849000   315.094
3850000   314.275
3851000   311.656
3852000   309.869
3853000   315.834
3854000   317.462
3855000   318.796
3856000   320.935
3857000    316.04
3858000   312.383
3859000   316.351
3860000   313.343
3861000   311.135
3862000   315.275
3863000   314.071
3864000   315.011
3865000   312.056
3866000    313.24
3867000   316.873
3868000   313.616
3869000   317.693
3870000   315.408
3871000   313.745
3872000   312.388
3873000   314.948
3874000   315.518
3875000   310.547
3876000   314.932
3877000   314.569
3878000   313.082
3879000   310.629
3880000   314.121
3881000   313.713
3882000   317.105
3883000    321.79
3884000   320.412
3885000   317.847
3886000   317.975
3887000     320.1
3888000   316.608
3889000   315.067
3890000   311.305
3891000   317.758
3892000   314.979
3893000   310.035
3894000   315.468
3895000   314.214
3896000   310.512
3897000   313.192
3898000   314.365
3899000   313.671
3900000   316.058
3901000   325.143
3902000   323.923
3903000   319.403
3904000    315.27
3905000   316.391
3906000   317.742
3907000   313.269
3908000   314.424
3909000   321.049
3910000    318.38
3911000   320.269
3912000   307.619
3913000   310.438
3914000   311.854
3915000     312.4
3916000   322.438
3917000   315.331
3918000   320.029
3919000    316.92
3920000   320.824
3921000   314.563
3922000   313.176
3923000   312.944
3924000   318.079
3925000   315.228
3926000   323.967
3927000    320.63
3928000   320.218
3929000   314.072
3930000     321.8
3931000   315.457
3932000   311.287
3933000   315.727
3934000   317.227
3935000    318.36
3936000   319.074
3937000   314.866
3938000   316.548
3939000   314.298
3940000   310.641
3941000   315.516
3942000   315.915
3943000   318.355
3944000   318.642
3945000   310.898
3946000   313.391
3947000   310.588
3948000   310.095
3949000   308.729
3950000   307.327
3951000   303.059
3952000   298.123
3953000   303.932
3954000   303.596
3955000   304.918
3956000   306.808
3957000   297.288
3958000   299.006
3959000   308.071
3960000   305.581
3961000   309.489
3962000   308.042
3963000   306.799
3964000   305.691
3965000   309.271
3966000   303.299
3967000   295.595
3968000   302.146
3969000   305.753
3970000   313.872
3971000   312.561
3972000    311.59
3973000       313
3974000   312.313
3975000   317.652
3976000   318.615
3977000   313.553
3978000   315.394
3979000    315.98
3980000   320.111
3981000   318.126
3982000   317.311
3983000   315.718
3984000   313.467
3985000   309.249
3986000   313.482
3987000   314.738
3988000   318.827
3989000   316.479
3990000   320.407
3991000   321.867
3992000   319.145
3993000    322.44
3994000   318.284
3995000   322.849
3996000   315.838
3997000   313.892
3998000   315.911
3999000   312.696
4000000   314.848
4001000   314.717
4002000   313.611
4003000   316.619
4004000   315.658
4005000   314.118
4006000   307.952
4007000   314.786
4008000   313.197
4009000    307.06
4010000   309.251
4011000   309.784
4012000   312.864
4013000   313.521
4014000   316.289
4015000   313.042
4016000   316.201
4017000   312.475
4018000   319.058
4019000   319.204
4020000   317.562
4021000   319.461
4022000   317.171
4023000   316.097
4024000    311.57
4025000   310.395
4026000    313.04
4027000   315.939
4028000   308.342
4029000   311.506
4030000   313.085
4031000   317.728
4032000   311.164
4033000   313.012
4034000   314.856
4035000   314.063
4036000   311.275
4037000   311.346
4038000   314.345
4039000   317.461
4040000   319.677
4041000   316.931
4042000   312.483
4043000   318.944
4044000   315.514
4045000   322.006
4046000   319.398
4047000   317.897
4048000   321.493
4049000    317.66
4050000   322.103
4051000   317.417
4052000   318.193
4053000    314.04
4054000   318.836
4055000   317.963
4056000   319.369
4057000   319.018
4058000   322.486
4059000   316.405
4060000   318.216
4061000   314.229
4062000   316.095
4063000   317.022
4064000   315.146
4065000   318.465
4066000    317.64
4067000   312.627
4068000    314.91
4069000   317.767
4070000    322.55
4071000   314.607
4072000   312.698
4073000   317.842
4074000   320.013
4075000   310.756
4076000     314.8
4077000   317.788
4078000   310.825
4079000   315.497
4080000   312.669
4081000    314.01
4082000   316.774
4083000   321.184
4084000   317.159
4085000   321.653
4086000    317.97
4087000   319.437
4088000   323.704
4089000   321.366
4090000   319.494
4091000    310.97
4092000   310.629
4093000   309.866
4094000   309.605
4095000   313.877
4096000   315.223
4097000   307.529
4098000   306.911
4099000   314.556
4100000   320.726
4101000   311.148
4102000   313.994
4103000   315.459
4104000    315.19
4105000   312.767
4106000   307.938
4107000   307.526
4108000   302.293
4109000   302.136
4110000   313.965
4111000   314.832
4112000   309.839
4113000   313.791
4114000   312.564
4115000   302.752
4116000   309.104
4117000   310.288
4118000   316.824
4119000   314.912
4120000   322.101
4121000   319.051
4122000   315.772
4123000    312.71
4124000   314.871
4125000   311.121
4126000   308.021
4127000   310.762
4128000   307.643
4129000   311.864
4130000    313.08
4131000   314.177
4132000   316.386
4133000   315.365
4134000   315.926
4135000   312.289
4136000   315.246
4137000   309.923
4138000   310.811
4139000   308.585
4140000   310.652
4141000   310.923
4142000   318.823
4143000   322.131
4144000   325.573
4145000   320.891
4146000   321.024
4147000   316.314
4148000   317.253
4149000   317.318
4150000   312.506
4151000   310.583
4152000   311.359
4153000   310.613
4154000   313.486
4155000   303.444
4156000   306.211
4157000   311.683
4158000   312.238
4159000   317.079
4160000   317.501
4161000   318.483
4162000   319.931
4163000    314.01
4164000   317.416
4165000   323.326
4166000    319.15
4167000   313.442
4168000   313.319
4169000   309.685
4170000   323.506
4171000   316.305
4172000   321.621
4173000   322.472
4174000    320.11
4175000   320.925
4176000   319.913
4177000   318.542
4178000   315.702
4179000   316.853
4180000   312.079
4181000   311.622
4182000   314.645
4183000   309.979
4184000   313.048
4185000    313.17
4186000    313.14
4187000   311.919
4188000   308.588
4189000   308.551
4190000   313.706
4191000   306.705
4192000   309.214
4193000   309.993
4194000   307.519
4195000   305.958
4196000   308.568
4197000   315.967
4198000   312.694
4199000   322.681
4200000   315.438
4201000   317.081
4202000   317.194
4203000   318.594
4204000   318.169
4205000   315.095
4206000   318.675
4207000   319.328
4208000   316.246
4209000   316.193
4210000   319.198
4211000    318.81
4212000   318.499
4213000    309.98
4214000    311.38
4215000   313.017
4216000   306.852
4217000   312.024
4218000   317.072
4219000   316.351
4220000   315.436
4221000   309.542
4222000   317.518
4223000   314.503
4224000   318.453
4225000   314.974
4226000   310.816
4227000   312.247
4228000   310.674
4229000   309.972
4230000   310.668
4231000   307.125
4232000   301.586
4233000   314.842
4234000   311.052
4235000   308.277
4236000    312.73
4237000   307.826
4238000   309.288
4239000   307.725
4240000   309.004
4241000   310.015
4242000   310.593
4243000   313.106
4244000   312.665
4245000   311.569
4246000   321.043
4247000   323.749
4248000    323.76
4249000   317.388
4250000   313.064
4251000   307.594
4252000   312.602
4253000   312.437
4254000   317.019
4255000   316.214
4256000   319.588
4257000   315.173
4258000   314.905
4259000   322.074
4260000   312.896
4261000   315.811
4262000   312.546
4263000   311.631
4264000   315.319
4265000   313.475
4266000   310.974
4267000   315.292
4268000   316.347
4269000   318.068
4270000   314.481
4271000   313.914
4272000   310.861
4273000   310.817
4274000   309.695
4275000   319.668
4276000    319.58
4277000   316.892
4278000   317.116
4279000   316.836
4280000   313.497
4281000   313.641
4282000   313.503
4283000   308.713
4284000   311.722
4285000   311.356
4286000   312.268
4287000   314.897
4288000   321.738
4289000   314.703
4290000   321.048
4291000   323.467
4292000   318.388
4293000   320.508
4294000   316.533
4295000   321.341
4296000   319.954
4297000   321.092
4298000    314.32
4299000   315.912
4300000    310.69
4301000   309.997
4302000   306.766
4303000   307.667
4304000   307.348
4305000   305.237
4306000   304.637
4307000   302.244
4308000   305.326
4309000   300.013
4310000   304.343
4311000   305.377
4312000   307.434
4313000   310.246
4314000   311.035
4315000   310.222
4316000   314.274
4317000   308.378
4318000   313.073
4319000   315.502
4320000   311.153
4321000   314.652
4322000   320.723
4323000   314.415
4324000   319.897
4325000   321.218
4326000   318.805
4327000   309.447
4328000   309.533
4329000   309.716
4330000   314.955
4331000   314.535
4332000   304.967
4333000   310.724
4334000   309.598
4335000   309.894
4336000   311.082
4337000   309.819
4338000   315.872
4339000   315.748
4340000   313.764
4341000   313.751
4342000   308.203
4343000    306.05
4344000   306.896
4345000    310.79
4346000   310.526
4347000   315.445
4348000   314.281
4349000   309.621
4350000   308.339
4351000   306.087
4352000   311.481
4353000   316.229
4354000   313.983
4355000   312.746
4356000   312.122
4357000   309.992
4358000   317.146
4359000   317.333
4360000   313.035
4361000   314.363
4362000   310.208
4363000   313.185
4364000    310.25
4365000   316.314
4366000   310.252
4367000    319.28
4368000   310.453
4369000   309.454
4370000   308.916
4371000    307.87
4372000   310.703
4373000   313.507
4374000   306.583
4375000    312.19
4376000   312.213
4377000   315.145
4378000   316.485
4379000   315.774
4380000   315.966
4381000   311.683
4382000   314.351
4383000   318.209
4384000   315.042
4385000   316.621
4386000   322.429
4387000   312.554
4388000   318.786
4389000   316.019
4390000    315.27
4391000   317.627
4392000   320.829
4393000    320.08
4394000   316.282
4395000    313.44
4396000   315.298
4397000   312.857
4398000   313.947
4399000   308.039
4400000   308.883
4401000   306.617
4402000   308.739
4403000   311.709
4404000   314.051
4405000   307.919
4406000   310.371
4407000   304.443
4408000   311.263
4409000   312.045
4410000   318.191
4411000   314.566
4412000   316.078
4413000   315.364
4414000   316.724
4415000   316.657
4416000   312.337
4417000     315.4
4418000   316.877
4419000   313.816
4420000   315.135
4421000   309.471
4422000    313.52
4423000   309.783
4424000   313.104
4425000   307.359
4426000   311.762
4427000   308.968
4428000   310.632
4429000   309.853
4430000   311.509
4431000   310.413
4432000   311.129
4433000   310.841
4434000    309.48
4435000   311.613
4436000   312.517
4437000   314.516
4438000   324.033
4439000   318.573
4440000   315.815
4441000   315.114
4442000   311.211
4443000   313.793
4444000   317.996
4445000   317.031
4446000   313.152
4447000   319.232
4448000   318.621
4449000   322.725
4450000   316.721
4451000   314.095
4452000   312.445
4453000   321.045
4454000   321.553
4455000   316.837
4456000   320.452
4457000   317.069
4458000   312.001
4459000   315.411
4460000   314.902
4461000   316.759
4462000   315.373
4463000   314.324
4464000   315.868
4465000   319.513
4466000   318.233
4467000   313.939
4468000   311.535
4469000   310.917
4470000   311.833
4471000   313.172
4472000   310.484
4473000   312.499
4474000   310.115
4475000   311.026
4476000   315.367
4477000   310.318
4478000    309.41
4479000   308.128
4480000   310.499
4481000   307.078
4482000   311.056
4483000    309.29
4484000   311.048
4485000   307.913
4486000   307.611
4487000   312.726
4488000   314.112
4489000   317.463
4490000   319.675
4491000   317.158
4492000   312.188
4493000   318.089
4494000   321.248
4495000   322.385
4496000   317.406
4497000   315.473
4498000   313.789
4499000   312.402
4500000    320.15
4501000   314.622
4502000   317.639
4503000   313.367
4504000   309.184
4505000   310.235
4506000   308.757
4507000   306.664
4508000    307.62
4509000   307.941
4510000   303.897
4511000    307.55
4512000   310.623
4513000   315.708
4514000   311.765
4515000   313.989
4516000    313.89
4517000   318.488
4518000   317.551
4519000   319.425
4520000   313.149
4521000   310.665
4522000   318.567
4523000    317.07
4524000   314.563
4525000    314.65
4526000   312.574
4527000   312.361
4528000   311.854
4529000   308.394
4530000   313.349
4531000    317.13
4532000   310.896
4533000   315.039
4534000   311.465
4535000   307.998
4536000   310.333
4537000   309.823
4538000   314.728
4539000   310.515
4540000   313.867
4541000   312.429
4542000   313.712
4543000   322.022
4544000   318.361
4545000   309.441
4546000   312.044
4547000   315.455
4548000   316.662
4549000   307.052
4550000   310.462
4551000    308.23
4552000   307.202
4553000   306.895
4554000   300.415
4555000   307.705
4556000   307.974
4557000   312.182
4558000   311.872
4559000    309.12
4560000   311.985
4561000   314.331
4562000   315.325
4563000   315.798
4564000   311.603
4565000   313.394
4566000   311.828
4567000   318.848
4568000   319.548
4569000   319.372
4570000   314.265
4571000   314.575
4572000   317.168
4573000   321.229
4574000   320.591
4575000   322.033
4576000    318.88
4577000   317.093
4578000   325.044
4579000   318.996
4580000   312.792
4581000   312.261
4582000   312.504
4583000   315.652
4584000   322.005
4585000   320.537
4586000   320.548
4587000   325.888
4588000   321.703
4589000     323.6
4590000   321.637
4591000   319.939
4592000   319.026
4593000   315.489
4594000   310.871
4595000   316.732
4596000   318.525
4597000   316.887
4598000   317.809
4599000   319.449
4600000   322.824
4601000   323.689
4602000   320.442
4603000    320.36
4604000     318.5
4605000   319.995
4606000   325.753
4607000   321.615
4608000   312.502
4609000   316.365
4610000   320.333
4611000   317.014
4612000   317.263
4613000   316.559
4614000   311.879
4615000   318.031
4616000   319.058
4617000   323.073
4618000   314.886
4619000   320.681
4620000   314.225
4621000   310.585
4622000     308.7
4623000   316.147
4624000   318.253
4625000   319.054
4626000   316.967
4627000   316.736
4628000   312.786
4629000   309.541
4630000   308.813
4631000   309.587
4632000   306.036
4633000   302.844
4634000   310.976
4635000   314.202
4636000    308.31
4637000   311.413
4638000   315.897
4639000   316.729
4640000    315.37
4641000   314.228
4642000   312.899
4643000   317.922
4644000   322.027
4645000    321.76
4646000   320.301
4647000    317.32
4648000   317.037
4649000   314.606
4650000   318.523
4651000   317.927
4652000   318.533
4653000   320.209
4654000   317.676
4655000   313.223
4656000   315.053
4657000   317.228
4658000   317.915
4659000   312.102
4660000   309.531
4661000   318.399
4662000   320.029
4663000   319.917
4664000   323.153
4665000   320.396
4666000   321.948
4667000   320.064
4668000   316.321
4669000   314.171
4670000   313.614
4671000   318.085
4672000   317.967
4673000   313.902
4674000    318.85
4675000   314.451
4676000   314.225
4677000   312.136
4678000   315.988
4679000   312.349
4680000   309.899
4681000   309.744
4682000   313.691
4683000   307.616
4684000   307.859
4685000   313.813
4686000   317.234
4687000   317.922
4688000   319.636
4689000   324.855
4690000   321.686
4691000   315.988
4692000   320.707
4693000   322.282
4694000    314.75
4695000   319.092
4696000   311.204
4697000   315.602
4698000   318.198
4699000   310.709
4700000   305.507
4701000   315.898
4702000   317.319
4703000   316.383
4704000   318.721
4705000   317.736
4706000   317.281
4707000   313.681
4708000   317.674
4709000    318.65
4710000   313.887
4711000   314.519
4712000   316.718
4713000   316.235
4714000   312.531
4715000   317.164
4716000    314.49
4717000   309.968
4718000   315.348
4719000    313.24
4720000   315.907
4721000    316.19
4722000   318.293
4723000   317.168
4724000   318.688
4725000   311.886
4726000   316.628
4727000   315.136
4728000   319.441
4729000    318.28
4730000   314.416
4731000   321.851
4732000   319.242
4733000   317.907
4734000   318.633
4735000   311.919
4736000   309.085
4737000   307.954
4738000   311.415
4739000   317.406
4740000   310.252
4741000   313.865
4742000   310.329
4743000    309.33
4744000   307.325
4745000    311.34
4746000   308.028
4747000   312.406
4748000   315.112
4749000    317.57
4750000   312.001
4751000   322.389
4752000   323.769
4753000   315.963
4754000   314.655
4755000   309.979
4756000   312.082
4757000   311.664
4758000   304.532
4759000     309.3
4760000   312.296
4761000    318.36
4762000   316.272
4763000   314.135
4764000   313.887
4765000   315.749
4766000   305.464
4767000    307.42
4768000   315.029
4769000   315.537
4770000   314.658
4771000   312.001
4772000   314.209
4773000    313.48
4774000   315.865
4775000   312.708
4776000   320.415
4777000   314.112
4778000   311.021
4779000   310.535
4780000   317.213
4781000   314.347
4782000   303.155
4783000   307.854
4784000   309.043
4785000   307.578
4786000   313.171
4787000     313.1
4788000    314.93
4789000    315.07
4790000   309.657
4791000   309.222
4792000   309.336
4793000   311.778
4794000    308.55
4795000   311.508
4796000   311.954
4797000   315.123
4798000    318.27
4799000   312.815
4800000   314.318
4801000    318.99
4802000   315.752
4803000   312.807
4804000   313.331
4805000   315.805
4806000   315.371
4807000   306.532
4808000   308.795
4809000   307.329
4810000   305.595
4811000   312.739
4812000   312.474
4813000   314.278
4814000   314.852
4815000   314.598
4816000   316.759
4817000   320.935
4818000   313.503
4819000   315.822
4820000   313.698
4821000   316.028
4822000   319.857
4823000    319.78
4824000   319.166
4825000    313.87
4826000   314.058
4827000     322.3
4828000   316.508
4829000   322.308
4830000   318.446
4831000   318.384
4832000   313.893
4833000   310.704
4834000   317.731
4835000    315.84
4836000   319.429
4837000   316.928
4838000   324.235
4839000   322.682
4840000   318.219
4841000   322.365
4842000   327.458
4843000   326.851
4844000   319.296
4845000   320.614
4846000    325.34
4847000   315.915
4848000   316.984
4849000   311.486
4850000   315.598
4851000    314.31
4852000   311.007
4853000   318.635
4854000   323.334
4855000   317.767
4856000   321.179
4857000    326.71
4858000   326.118
4859000   322.335
4860000    322.43
4861000   321.441
4862000   322.665
4863000   317.553
4864000    312.12
4865000   316.163
4866000   314.983
4867000   316.755
4868000   316.652
4869000   318.797
4870000    322.51
4871000   319.207
4872000   317.185
4873000   321.014
4874000   322.722
4875000   324.223
4876000   322.729
4877000   318.875
4878000   319.156
4879000   319.879
4880000   321.513
4881000    320.75
4882000   322.241
4883000   325.478
4884000   330.469
4885000   328.202
4886000   328.694
4887000   321.972
4888000   317.814
4889000   316.236
4890000   318.862
4891000   320.535
4892000   317.697
4893000   321.411
4894000   313.853
4895000   319.142
4896000    318.28
4897000    323.41
4898000   318.873
4899000   316.585
4900000   321.518
4901000   319.777
4902000   314.622
4903000   312.754
4904000   318.845
4905000   311.917
4906000   317.862
4907000   313.792
4908000   318.685
4909000   320.025
4910000   314.871
4911000   315.543
4912000   322.621
4913000   324.167
4914000   314.376
4915000   315.748
4916000   315.592
4917000   316.198
4918000   315.501
4919000   321.706
4920000   320.569
4921000   320.501
4922000   323.235
4923000   319.922
4924000   317.504
4925000     316.5
4926000   317.097
4927000   318.602
4928000   321.548
4929000   328.589
4930000   328.386
4931000   328.355
4932000   325.868
4933000   332.051
4934000   325.549
4935000   324.192
4936000   323.288
4937000   322.545
4938000    324.71
4939000   315.724
4940000   318.609
4941000   318.018
4942000   320.013
4943000    318.48
4944000    324.53
4945000   321.032
4946000   320.685
4947000   324.965
4948000   322.034
4949000   326.188
4950000   323.211
4951000    323.32
4952000   321.803
4953000   322.319
4954000   324.256
4955000   329.435
4956000   328.975
4957000   325.404
4958000   325.999
4959000   323.222
4960000   318.677
4961000   320.108
4962000   318.189
4963000   317.295
4964000   320.521
4965000   321.882
4966000   325.057
4967000   327.388
4968000   328.206
4969000   326.626
4970000    316.94
4971000   315.526
4972000   317.497
4973000   318.289
4974000   317.636
4975000   316.804
4976000   318.426
4977000   319.866
4978000   320.663
4979000   321.472
4980000   322.109
4981000   328.265
4982000    324.61
4983000   323.811
4984000   319.525
4985000   316.624
4986000   317.339
4987000   316.276
4988000   317.559
4989000   318.234
4990000    324.52
4991000   321.317
4992000   320.354
4993000   316.839
4994000   315.962
4995000   313.956
4996000   316.315
4997000   317.374
4998000   315.151
4999000    315.29
5000000   324.423
