1000   302.373
2000   296.967
3000   300.789
4000   300.863
5000   298.747
6000   300.642
7000   306.179
8000   309.517
9000   308.781
10000   306.043
11000   305.592
12000   304.141
13000   307.064
14000    304.26
15000    311.89
16000   307.175
17000   304.272
18000   310.054
19000   310.074
20000   304.205
21000   304.496
22000   306.462
23000   308.133
24000   312.387
25000    305.51
26000   305.837
27000   302.221
28000   309.696
29000   312.813
30000   307.661
31000   303.405
32000   308.336
33000   313.204
34000   307.783
35000    309.16
36000   310.377
37000   309.507
38000   307.839
39000   315.619
40000    311.22
41000   316.833
42000   309.239
43000   310.868
44000   313.058
45000   310.405
46000   320.005
47000   323.194
48000   314.827
49000   317.087
50000   314.966
51000   316.871
52000   319.918
53000   313.763
54000    315.83
55000   313.472
56000   311.743
57000   314.128
58000   317.211
59000   319.719
60000   318.085
61000   310.032
62000   313.645
63000   309.895
64000   313.718
65000   315.022
66000   315.085
67000   311.999
68000   313.827
69000   316.614
70000   310.635
71000   310.926
72000   314.484
73000    316.89
74000   312.229
75000    307.92
76000   314.249
77000   308.042
78000   309.806
79000   313.633
80000   323.502
81000    317.72
82000   312.047
83000   319.641
84000   318.298
85000   317.175
86000   307.448
87000   314.749
88000    313.61
89000   314.551
90000   311.249
91000   316.396
92000   322.959
93000   323.546
94000   312.534
95000   316.108
96000     318.1
97000   318.372
98000   317.955
99000   315.059
100000   319.744
101000    319.56
102000   316.708
103000   315.024
104000   318.719
105000   317.152
106000   318.285
107000   319.031
108000   319.413
109000   317.529
110000   315.541
111000   314.534
112000   314.643
113000   314.324
114000   313.337
115000   315.214
116000   318.086
117000   315.349
118000   309.224
119000   313.129
120000   312.002
121000   313.641
122000   306.921
123000   307.621
124000   312.663
125000   312.524
126000   321.865
127000   315.628
128000   307.935
129000   311.919
130000   316.083
131000   312.667
132000   318.503
133000   314.086
134000    310.74
135000   314.935
136000   317.231
137000   321.784
138000   320.431
139000   314.886
140000   311.515
141000   306.911
142000   307.339
143000   303.048
144000    307.99
145000     308.2
146000   307.521
147000   311.064
148000   313.223
149000   312.867
150000   308.516
151000   309.857
152000   303.057
153000   303.441
154000   305.216
155000   301.617
156000    307.34
157000   311.222
158000   312.243
159000   316.964
160000   307.864
161000   311.993
162000   312.234
163000   315.803
164000   313.901
165000   311.076
166000   303.409
167000   309.629
168000   305.826
169000   306.123
170000    310.83
171000   316.026
172000   312.356
173000   318.708
174000    319.03
175000   312.585
176000    311.55
177000   312.545
178000   314.819
179000   315.341
180000   314.308
181000   315.807
182000   313.765
183000    317.63
184000   314.301
185000   319.106
186000   323.379
187000   317.737
188000   320.976
189000   317.463
190000   310.863
191000   309.017
192000   311.082
193000   314.312
194000   316.113
195000   315.061
196000   309.569
197000   312.338
198000   309.482
199000   312.526
200000   313.173
201000   314.918
202000   318.017
203000   319.561
204000   309.403
205000   306.719
206000   317.712
207000   319.351
208000   314.036
209000   311.691
210000   316.275
211000   311.861
212000   309.467
213000   305.674
214000   304.427
215000   306.409
216000   307.472
217000    309.32
218000    307.82
219000   312.228
220000   310.025
221000    308.67
222000   313.431
223000   306.152
224000   311.943
225000   307.583
226000   306.056
227000   305.328
228000   309.133
229000   313.532
230000   311.051
231000     314.5
232000   318.336
233000   313.391
234000   311.835
235000   310.795
236000   316.526
237000   319.298
238000   317.554
239000   321.109
240000   315.662
241000   316.232
242000   315.409
243000   315.263
244000   322.054
245000   317.465
246000   322.007
247000   315.818
248000   318.939
249000   319.727
250000    319.81
251000   318.002
252000    319.77
253000   319.871
254000   319.324
255000   321.073
256000   316.744
257000   314.079
258000   314.229
259000   316.839
260000   317.387
261000   316.876
262000   311.916
263000   319.046
264000   315.394
265000   317.007
266000   323.784
267000   316.067
268000   314.062
269000   317.809
270000   319.323
271000   310.276
272000   309.849
273000   312.186
274000   317.179
275000    316.14
276000    319.88
277000   310.777
278000   313.058
279000   311.756
280000   313.432
281000   311.479
282000   313.503
283000    318.11
284000   319.067
285000   310.642
286000   306.186
287000   310.099
288000    315.02
289000   316.609
290000   313.578
291000   312.038
292000   316.937
293000   317.401
294000   311.752
295000   320.941
296000   321.624
297000   315.417
298000   313.981
299000   309.997
300000   317.081
301000    317.04
302000   314.131
303000   317.086
304000   324.803
305000   315.613
306000   312.872
307000   315.435
308000    314.98
309000   314.376
310000   315.771
311000   317.347
312000   320.932
313000   321.776
314000   317.459
315000   318.268
316000   315.508
317000   319.321
318000   315.887
319000   309.199
320000    308.93
321000   307.766
322000   308.054
323000   312.172
324000   315.138
325000   314.569
326000   314.165
327000   313.429
328000    312.88
329000   314.946
330000   316.412
331000   304.865
332000   305.565
333000    314.45
334000   317.805
335000   316.531
336000   311.371
337000   315.641
338000   314.214
339000   312.155
340000   315.023
341000   314.685
342000   313.377
343000   313.759
344000   309.945
345000   309.766
346000   308.955
347000   308.656
348000   312.585
349000   311.586
350000   309.883
351000   316.767
352000   312.942
353000   317.638
354000   315.851
355000   316.828
356000   313.564
357000   321.935
358000   315.176
359000   314.183
360000   316.386
361000   314.751
362000   308.959
363000   314.553
364000   319.614
365000   319.398
366000   316.135
367000   314.945
368000   313.064
369000   314.966
370000   312.869
371000   312.837
372000   312.825
373000    313.13
374000   315.686
375000   309.156
376000   315.253
377000   317.493
378000   312.932
379000   311.165
380000   310.745
381000   310.645
382000   314.638
383000   312.696
384000   314.957
385000   314.051
386000    314.04
387000   310.375
388000   314.517
389000   305.672
390000   306.221
391000   309.474
392000   313.836
393000   318.583
394000   315.194
395000   320.505
396000   318.341
397000   315.324
398000   319.942
399000   319.685
400000   313.873
401000   308.851
402000   308.002
403000   306.328
404000   310.838
405000   317.765
406000   306.206
407000   306.904
408000   313.354
409000   315.029
410000   315.416
411000   313.063
412000   314.591
413000   318.234
414000   314.464
415000   316.001
416000   315.619
417000   315.685
418000   321.698
419000   321.201
420000   317.034
421000   317.925
422000   321.336
423000   316.402
424000   320.649
425000   320.547
426000   319.197
427000     313.8
428000   310.263
429000   313.104
430000   311.711
431000   312.112
432000   314.401
433000   314.387
434000   309.982
435000   313.901
436000   311.944
437000   315.267
438000   317.223
439000   315.443
440000   316.275
441000   320.548
442000   316.893
443000   318.373
444000   309.263
445000   314.735
446000   316.245
447000   314.129
448000   305.126
449000   310.696
450000    305.26
451000   314.948
452000   316.048
453000   320.445
454000   326.909
455000   315.924
456000    315.17
457000   318.252
458000   317.864
459000   311.185
460000   321.805
461000    316.83
462000   314.016
463000   315.518
464000   316.133
465000   314.402
466000   310.821
467000   315.364
468000   310.257
469000   305.533
470000   309.447
471000   307.751
472000   308.951
473000   308.422
474000   316.085
475000   313.392
476000   312.559
477000   314.478
478000   312.149
479000   312.045
480000   311.334
481000   307.633
482000   308.764
483000   316.284
484000   316.673
485000   309.408
486000   306.082
487000   314.303
488000   315.871
489000   319.112
490000   310.558
491000   313.397
492000   310.709
493000   312.702
494000   307.501
495000   312.875
496000   319.153
497000   316.286
498000   316.091
499000   312.489
500000   306.613
501000   303.637
502000   310.524
503000   309.043
504000   308.912
505000   305.642
506000   306.104
507000   314.505
508000   310.668
509000   307.989
510000   308.055
511000   307.888
512000   319.637
513000   313.796
514000   311.263
515000   313.703
516000    312.03
517000    318.14
518000   314.319
519000   315.152
520000   319.141
521000   310.941
522000   309.979
523000   313.754
524000   307.902
525000   311.716
526000    309.76
527000   304.988
528000   305.577
529000   307.178
530000   313.309
531000   316.642
532000   315.119
533000   317.802
534000    312.86
535000   308.555
536000    315.46
537000    319.41
538000   320.964
539000   321.897
540000   310.854
541000    315.96
542000   311.007
543000    313.42
544000   318.555
545000   323.156
546000   321.622
547000   317.872
548000   314.757
549000   313.448
550000   313.778
551000   312.559
552000    316.56
553000   316.948
554000   321.082
555000   316.027
556000   318.404
557000   316.529
558000    316.05
559000   316.469
560000    318.13
561000   311.415
562000   316.401
563000   312.364
564000   313.252
565000   312.381
566000   310.189
567000    310.89
568000   311.433
569000   308.712
570000   307.105
571000   309.821
572000   307.778
573000   314.559
574000   313.019
575000   313.079
576000   312.874
577000   313.544
578000   313.372
579000   314.092
580000   314.293
581000   320.305
582000   317.376
583000   314.051
584000   316.052
585000   321.382
586000   314.228
587000   315.993
588000   313.742
589000   317.792
590000   317.535
591000   317.224
592000   316.048
593000   317.871
594000   325.105
595000   329.542
596000   329.432
597000   327.401
598000   329.325
599000     330.9
600000    323.82
601000   319.361
602000   316.799
603000   315.834
604000   315.084
605000   319.928
606000   320.985
607000   318.301
608000   314.274
609000   316.489
610000   316.168
611000   315.265
612000   313.982
613000   314.707
614000   316.072
615000    315.71
616000   318.261
617000   323.777
618000   324.746
619000   315.513
620000   313.011
621000    319.74
622000   323.407
623000   322.225
624000   317.101
625000   316.556
626000   318.818
627000   315.637
628000   318.773
629000   316.314
630000   314.646
631000   307.381
632000   310.498
633000    311.25
634000   308.983
635000    310.07
636000   308.546
637000   310.894
638000   317.162
639000   318.161
640000   316.404
641000   316.348
642000   316.077
643000   306.531
644000   309.068
645000   309.803
646000   310.879
647000   312.044
648000   310.281
649000   310.621
650000   308.094
651000   312.987
652000   316.902
653000   311.551
654000   312.361
655000   314.876
656000   318.941
657000    321.08
658000   321.153
659000   319.573
660000   316.681
661000   315.193
662000    314.72
663000    318.22
664000   313.829
665000   319.351
666000   317.663
667000   313.262
668000   314.502
669000    310.02
670000   316.449
671000   309.992
672000   311.663
673000   311.862
674000   309.716
675000   312.537
676000   313.233
677000   311.996
678000   315.896
679000   310.736
680000   315.703
681000   315.251
682000   323.687
683000   321.221
684000   328.893
685000   325.087
686000   323.562
687000    322.83
688000   319.902
689000    318.23
690000   314.395
691000   314.189
692000   321.671
693000   318.445
694000   309.121
695000   304.412
696000   303.952
697000   307.027
698000   307.917
699000   311.659
700000    309.73
701000   308.192
702000   313.862
703000     309.3
704000   311.015
705000    310.16
706000   313.795
707000   308.551
708000   312.915
709000   309.671
710000   312.939
711000   319.809
712000   316.298
713000   319.969
714000   314.686
715000   318.981
716000   320.462
717000   315.955
718000    320.61
719000   324.112
720000   322.505
721000   320.605
722000   315.937
723000   316.594
724000   321.268
725000   321.444
726000   315.996
727000     312.5
728000   307.223
729000   306.641
730000   312.445
731000   311.862
732000   317.486
733000   313.704
734000   315.393
735000   309.763
736000   312.558
737000   312.089
738000   315.131
739000   321.425
740000   317.457
741000    314.65
742000   321.996
743000   317.288
744000   318.057
745000    321.57
746000   319.351
747000   313.353
748000   315.679
749000   311.715
750000   314.904
751000   312.431
752000    312.88
753000   312.292
754000   306.038
755000   306.251
756000   314.813
757000    312.01
758000   309.974
759000    311.54
760000   311.945
761000   311.456
762000   310.813
763000   306.937
764000   301.302
765000   308.837
766000   304.153
767000   304.559
768000   309.195
769000   310.968
770000   310.036
771000   317.313
772000   311.331
773000   307.429
774000   306.897
775000   310.331
776000    307.99
777000   304.182
778000   306.826
779000   302.288
780000   307.803
781000   310.097
782000   308.627
783000    313.76
784000   308.599
785000   312.131
786000   308.636
787000   305.978
788000   307.256
789000   307.861
790000    307.71
791000   311.058
792000   309.871
793000   301.113
794000   311.608
795000   312.467
796000   314.052
797000   313.305
798000   314.171
799000    312.68
800000   312.767
801000   313.727
802000   318.193
803000   312.526
804000   309.836
805000   305.215
806000   310.522
807000    309.15
808000   303.876
809000   307.858
810000   313.132
811000   318.465
812000    325.48
813000   316.345
814000   313.935
815000   316.605
816000   323.023
817000   319.921
818000   324.096
819000   322.084
820000   314.668
821000   319.993
822000   320.595
823000   314.914
824000   318.187
825000   316.591
826000   315.426
827000    313.73
828000   314.479
829000   312.874
830000   311.836
831000   317.017
832000   317.629
833000    317.24
834000   316.628
835000   320.788
836000   319.694
837000   317.224
838000   311.182
839000   310.899
840000   317.286
841000   314.257
842000   310.259
843000   311.222
844000    317.23
845000   313.184
846000   314.211
847000    314.57
848000   314.942
849000   315.091
850000   313.032
851000   308.806
852000   313.045
853000   318.985
854000   320.796
855000    324.17
856000   319.766
857000   320.411
858000   321.385
859000   312.076
860000   309.956
861000   315.914
862000   319.726
863000   317.858
864000   317.595
865000   315.186
866000   317.985
867000   320.027
868000   323.774
869000   314.714
870000   310.292
871000   312.541
872000   312.638
873000   321.964
874000   311.986
875000   313.877
876000   315.983
877000   320.276
878000   321.835
879000   325.437
880000    322.86
881000   320.441
882000   318.158
883000   318.251
884000   316.764
885000   307.333
886000   307.438
887000   310.249
888000    311.54
889000   317.504
890000   315.174
891000   316.419
892000   315.203
893000   314.939
894000   314.633
895000   320.904
896000   313.365
897000   312.599
898000   312.282
899000   316.007
900000   311.057
901000   317.143
902000   318.382
903000    310.91
904000   313.633
905000   313.952
906000   313.219
907000   310.427
908000   310.317
909000   313.317
910000    311.61
911000    315.32
912000   313.813
913000   308.883
914000   322.701
915000   318.967
916000   315.235
917000   319.421
918000    315.24
919000   315.693
920000   314.369
921000   315.667
922000   309.087
923000   314.141
924000   315.285
925000   316.213
926000   313.659
927000   315.153
928000   314.491
929000   310.714
930000    309.78
931000   316.344
932000   313.089
933000   311.308
934000   323.592
935000   319.792
936000    314.63
937000   312.043
938000    316.69
939000   305.378
940000   305.566
941000   309.298
942000    306.78
943000   312.351
944000   313.145
945000   312.735
946000    314.98
947000   314.736
948000   312.893
949000   310.853
950000   312.928
951000   305.867
952000   298.213
953000   312.761
954000   308.144
955000   306.144
956000   311.557
957000    316.72
958000    317.11
959000   319.773
960000   312.992
961000   313.858
962000   315.774
963000   315.644
964000   315.288
965000   311.798
966000   308.952
967000   312.599
968000   314.437
969000   318.539
970000   312.953
971000   314.076
972000   313.773
973000    316.98
974000   315.146
975000   318.098
976000   316.497
977000   310.612
978000   318.453
979000   321.246
980000   321.483
981000   319.673
982000   324.878
983000   319.913
984000   314.204
985000   317.015
986000   315.298
987000   315.446
988000   315.517
989000   312.865
990000   312.823
991000    315.04
992000   314.836
993000    310.46
994000   307.394
995000   307.395
996000   312.804
997000   316.176
998000   315.525
999000   315.078
1000000   317.119
1001000   316.353
1002000   320.058
1003000   314.591
1004000   316.613
1005000   320.862
1006000   317.892
1007000   315.267
1008000   317.934
1009000   314.898
1010000   318.653
1011000   322.114
1012000   319.247
1013000   316.042
1014000   323.552
1015000   321.378
1016000   315.409
1017000   314.907
1018000   313.109
1019000   314.515
1020000   319.177
1021000   314.662
1022000   318.034
1023000   316.152
1024000   317.244
1025000    319.51
1026000   317.775
1027000   316.426
1028000   312.466
1029000   312.406
1030000   315.856
1031000   319.498
1032000   314.525
1033000   317.747
1034000   319.612
1035000   316.092
1036000   312.828
1037000   312.098
1038000   313.155
1039000   316.455
1040000   316.133
1041000   317.673
1042000   310.772
1043000   311.651
1044000   310.836
1045000   307.409
1046000   310.522
1047000   312.791
1048000   314.532
1049000   317.581
1050000   319.709
1051000   319.754
1052000   319.761
1053000   317.831
1054000   321.704
1055000   320.989
1056000   324.589
1057000   324.571
1058000   315.138
1059000   314.499
1060000    308.56
1061000   312.685
1062000   309.828
1063000   310.924
1064000   303.683
1065000   304.508
1066000   303.039
1067000   299.685
1068000   303.406
1069000   309.064
1070000   305.942
1071000   303.621
1072000    311.02
1073000   309.331
1074000    309.71
1075000   311.436
1076000    308.18
1077000   307.488
1078000   301.801
1079000    304.04
1080000    305.67
1081000   304.882
1082000   297.664
1083000   297.667
1084000   305.856
1085000   311.105
1086000   315.042
1087000   311.874
1088000   316.615
1089000   317.516
1090000   318.012
1091000   318.178
1092000   317.749
1093000   317.638
1094000   310.989
1095000     312.5
1096000   318.962
1097000    319.38
1098000   317.984
1099000   319.437
1100000   320.441
1101000    318.69
1102000   320.172
1103000   315.708
1104000   314.417
1105000   314.531
1106000   308.121
1107000   309.114
1108000   311.717
1109000   309.477
1110000   310.296
1111000   310.144
1112000   314.406
1113000   308.503
1114000   311.356
1115000   318.542
1116000   312.639
1117000   313.074
1118000    318.78
1119000   313.943
1120000   310.221
1121000   316.918
1122000    318.89
1123000   314.907
1124000   320.545
1125000   321.474
1126000   319.712
1127000   320.474
1128000   321.063
1129000    325.99
1130000    319.13
1131000   316.018
1132000   316.212
1133000   311.351
1134000   311.255
1135000   315.457
1136000   318.096
1137000   314.237
1138000   320.894
1139000   322.378
1140000   321.586
1141000   313.681
1142000   315.863
1143000   308.523
1144000    309.16
1145000   309.188
1146000   313.329
1147000   314.779
1148000   311.902
1149000   315.968
1150000   323.433
1151000   318.232
1152000   317.661
1153000   316.965
1154000   319.619
1155000   315.804
1156000   311.287
1157000   312.568
1158000   312.779
1159000   313.877
1160000   316.406
1161000   314.129
1162000   309.458
1163000   315.547
1164000   316.707
1165000   309.016
1166000   310.792
1167000   311.752
1168000   310.407
1169000     312.4
1170000   310.906
1171000   314.422
1172000   318.553
1173000   320.294
1174000   319.947
1175000   310.243
1176000   314.002
1177000   319.302
1178000   318.166
1179000   310.614
1180000   310.518
1181000   308.941
1182000   308.177
1183000   307.961
1184000   306.709
1185000    310.23
1186000   310.597
1187000   310.668
1188000   316.351
1189000   322.424
1190000   324.482
1191000    319.59
1192000   316.786
1193000   318.913
1194000   317.746
1195000   314.138
1196000   317.569
1197000   321.065
1198000   318.085
1199000   316.766
1200000   312.666
1201000   307.537
1202000   314.932
1203000   317.288
1204000   312.938
1205000   316.636
1206000   315.363
1207000   316.215
1208000   311.158
1209000   313.777
1210000   317.898
1211000   322.778
1212000   317.726
1213000   312.286
1214000   316.376
1215000   316.054
1216000   317.448
1217000   313.002
1218000   310.785
1219000    308.49
1220000   308.558
1221000   310.732
1222000   308.819
1223000   313.212
1224000   310.128
1225000   306.636
1226000   313.033
1227000    316.85
1228000   316.006
1229000    314.67
1230000    315.66
1231000   316.121
1232000   313.223
1233000   314.365
1234000    313.54
1235000   316.819
1236000    317.33
1237000   318.434
1238000   315.503
1239000   317.891
1240000   315.717
1241000   315.905
1242000    314.51
1243000   314.486
1244000   312.449
1245000   318.842
1246000   315.967
1247000   315.633
1248000   321.144
1249000   318.931
1250000   321.195
1251000   318.721
1252000   319.505
1253000   322.121
1254000   318.456
1255000   320.791
1256000   316.461
1257000   323.261
1258000   320.534
1259000   321.927
1260000   319.088
1261000   316.908
1262000   319.148
1263000   321.106
1264000   315.088
1265000   321.624
1266000   312.046
1267000   319.117
1268000   317.929
1269000   311.251
1270000   309.096
1271000   307.416
1272000   313.195
1273000    314.71
1274000   311.508
1275000   309.811
1276000   311.509
1277000    309.93
1278000    313.14
1279000   316.603
1280000   315.123
1281000   314.546
1282000   311.857
1283000   313.038
1284000   311.514
1285000   315.408
1286000   320.151
1287000   313.463
1288000   315.828
1289000    311.64
1290000   315.337
1291000   320.152
1292000   320.063
1293000   319.642
1294000   320.115
1295000   312.782
1296000   316.241
1297000   312.659
1298000   317.425
1299000   312.515
1300000   311.359
1301000   312.729
1302000   311.749
1303000   309.062
1304000   316.902
1305000    315.06
1306000    320.88
1307000   320.535
1308000   320.748
1309000   312.924
1310000   312.261
1311000   317.556
1312000   311.928
1313000   314.975
1314000    316.53
1315000   316.362
1316000   315.762
1317000   320.242
1318000   311.845
1319000   315.055
1320000   313.752
1321000   315.833
1322000   312.017
1323000   314.729
1324000   316.622
1325000     316.7
1326000   310.736
1327000   309.128
1328000   320.517
1329000   323.275
1330000   317.056
1331000   317.538
1332000   318.325
1333000   317.718
1334000    320.02
1335000   315.657
1336000   314.831
1337000   313.012
1338000   316.547
1339000   315.665
1340000   319.199
1341000   320.762
1342000   318.539
1343000    320.27
1344000   315.795
1345000   320.086
1346000   323.561
1347000   318.082
1348000   321.179
1349000   323.712
1350000   323.737
1351000    323.63
1352000   320.362
1353000   311.162
1354000   314.435
1355000   317.634
1356000   310.619
1357000   318.437
1358000   318.814
1359000   319.281
1360000   314.886
1361000    316.59
1362000   316.974
1363000   313.313
1364000   310.153
1365000   306.919
1366000   310.436
1367000   310.894
1368000   306.108
1369000   308.841
1370000   310.351
1371000   308.334
1372000   312.637
1373000   311.564
1374000   306.876
1375000   313.748
1376000   319.067
1377000   317.958
1378000   314.757
1379000   320.938
1380000   320.538
1381000   315.907
1382000   311.075
1383000    317.73
1384000   317.194
1385000   313.932
1386000   314.558
1387000   313.457
1388000   313.296
1389000    311.84
1390000   313.531
1391000   314.611
1392000   312.129
1393000   314.864
1394000   315.157
1395000   316.748
1396000   313.804
1397000   312.569
1398000   310.079
1399000   314.395
1400000   310.661
1401000   311.058
1402000   315.095
1403000   311.125
1404000   309.374
1405000   314.216
1406000   315.966
1407000   318.856
1408000   314.741
1409000   319.142
1410000   317.771
1411000   312.994
1412000   311.879
1413000   312.915
1414000   310.631
1415000   311.356
1416000   309.666
1417000   310.772
1418000   311.146
1419000   311.204
1420000   305.083
1421000   309.816
1422000   309.297
1423000    308.37
1424000   312.823
1425000   305.983
1426000     310.6
1427000   314.056
1428000   313.781
1429000   309.822
1430000   311.415
1431000   314.628
1432000   310.542
1433000   320.593
1434000   320.801
1435000   315.057
1436000   317.678
1437000   317.253
1438000   313.361
1439000   311.737
1440000   317.169
1441000   317.399
1442000   314.086
1443000     311.6
1444000   320.597
1445000   313.041
1446000    317.03
1447000   315.431
1448000   313.672
1449000   315.718
1450000   316.259
1451000    312.83
1452000   314.664
1453000   315.699
1454000   319.071
1455000   312.266
1456000   308.301
1457000    312.73
1458000   316.826
1459000   316.749
1460000   315.483
1461000   311.039
1462000   311.865
1463000   314.498
1464000   308.488
1465000   317.309
1466000   312.536
1467000   311.853
1468000   307.896
1469000   308.936
1470000   307.538
1471000   304.559
1472000   304.765
1473000   304.202
1474000    305.07
1475000   307.705
1476000   309.117
1477000   315.435
1478000   316.018
1479000   317.215
1480000   313.003
1481000   318.173
1482000   314.578
1483000    317.93
1484000   313.633
1485000   321.472
1486000   321.456
1487000   320.778
1488000   318.143
1489000   319.585
1490000   324.642
1491000   324.719
1492000   317.238
1493000   316.923
1494000   314.424
1495000   310.997
1496000   308.577
1497000   308.969
1498000    309.64
1499000   311.036
1500000    310.98
1501000   312.733
1502000   308.828
1503000   317.964
1504000   318.537
1505000   320.261
1506000   323.464
1507000   320.389
1508000   321.174
1509000   319.339
1510000   323.822
1511000   322.848
1512000   318.479
1513000   316.192
1514000   322.235
1515000   323.305
1516000   325.901
1517000   320.338
1518000   321.315
1519000   318.445
1520000   321.177
1521000   321.913
1522000   321.841
1523000   315.929
1524000   315.428
1525000   321.211
1526000   313.451
1527000   323.342
1528000   320.095
1529000   322.248
1530000   327.862
1531000   324.445
1532000   323.961
1533000   322.028
1534000   314.614
1535000   317.673
1536000   316.223
1537000   322.211
1538000    320.61
1539000   315.914
1540000   314.459
1541000   313.954
1542000   311.174
1543000    310.25
1544000   310.972
1545000   316.536
1546000    314.31
1547000   312.354
1548000   307.275
1549000   312.004
1550000   314.936
1551000   311.256
1552000    314.33
1553000   312.974
1554000   312.318
1555000    317.59
1556000   317.686
1557000    316.68
1558000   319.656
1559000   321.385
1560000   323.354
1561000   317.575
1562000   318.461
1563000   322.043
1564000    316.38
1565000    313.18
1566000   320.177
1567000   312.263
1568000   315.235
1569000   317.471
1570000   316.864
1571000   315.679
1572000   316.257
1573000   317.555
1574000   311.001
1575000   310.468
1576000   303.201
1577000   306.749
1578000   313.152
1579000   312.304
1580000   310.941
1581000   315.357
1582000   314.802
1583000   311.415
1584000   318.753
1585000   318.794
1586000   315.736
1587000   310.354
1588000   304.119
1589000   316.126
1590000   313.821
1591000   311.589
1592000   313.682
1593000   310.597
1594000   312.182
1595000   313.309
1596000   318.162
1597000   313.128
1598000   311.854
1599000   306.859
1600000   302.118
1601000   311.899
1602000   308.241
1603000   311.788
1604000   318.363
1605000   316.737
1606000   317.621
1607000   317.543
1608000   317.396
1609000   311.782
1610000   316.105
1611000   317.586
1612000   318.071
1613000   315.383
1614000   316.184
1615000   318.658
1616000   316.166
1617000   319.498
1618000   318.057
1619000   315.668
1620000    317.28
1621000   316.881
1622000   313.516
1623000   316.058
1624000   313.574
1625000   311.641
1626000   313.933
1627000   322.962
1628000   314.022
1629000   317.056
1630000   321.116
1631000   313.357
1632000   318.231
1633000   318.887
1634000   317.249
1635000   314.319
1636000   319.056
1637000   316.985
1638000   316.896
1639000   318.678
1640000   322.179
1641000   318.601
1642000   314.967
1643000   314.309
1644000   316.871
1645000   321.868
1646000   319.183
1647000   317.006
1648000   317.793
1649000   317.519
1650000   316.239
1651000   314.748
1652000    319.38
1653000   315.877
1654000   320.041
1655000   327.609
1656000   321.346
1657000   321.202
1658000   316.452
1659000   313.031
1660000   315.577
1661000   312.472
1662000   316.683
1663000   319.708
1664000   319.102
1665000   323.953
1666000   323.658
1667000   320.267
1668000   312.915
1669000   306.401
1670000     312.1
1671000   314.605
1672000   313.445
1673000   314.898
1674000   324.074
1675000   327.105
1676000   319.646
1677000   320.631
1678000   317.018
1679000   323.363
1680000   318.566
1681000   314.387
1682000   309.787
1683000    308.43
1684000   310.256
1685000   311.301
1686000   311.042
1687000   309.619
1688000   308.816
1689000   315.601
1690000   314.601
1691000   316.041
1692000    316.75
1693000   315.574
1694000   316.958
1695000   315.103
1696000    315.52
1697000   313.472
1698000   315.042
1699000   315.359
1700000   318.091
1701000   314.012
1702000   313.445
1703000    311.77
1704000   316.556
1705000   314.213
1706000   313.808
1707000   306.134
1708000   311.253
1709000   312.332
1710000   310.573
1711000   314.814
1712000   312.465
1713000   311.603
1714000   310.024
1715000   308.562
1716000   306.084
1717000    306.56
1718000   303.612
1719000   306.321
1720000   304.792
1721000   308.398
1722000   311.077
1723000   312.204
1724000   313.078
1725000   309.805
1726000   308.556
1727000   309.016
1728000   316.072
1729000   312.951
1730000   309.258
1731000   308.733
1732000   308.147
1733000    311.89
1734000   311.076
1735000   311.197
1736000   315.063
1737000   312.509
1738000   316.483
1739000    308.55
1740000   309.864
1741000   305.881
1742000   310.501
1743000   315.237
1744000   314.167
1745000   316.298
1746000   313.676
1747000   309.682
1748000   306.017
1749000   309.574
1750000   307.367
1751000   316.499
1752000   311.385
1753000   312.056
1754000   318.464
1755000   318.003
1756000   319.348
1757000   320.256
1758000    317.95
1759000    318.95
1760000   317.977
1761000   316.788
1762000   316.124
1763000   318.385
1764000   319.678
1765000   316.444
1766000   312.106
1767000   313.553
1768000   312.127
1769000   313.537
1770000   310.394
1771000   306.566
1772000   316.342
1773000   315.617
1774000   321.974
1775000   317.991
1776000   314.206
1777000   309.939
1778000   307.516
1779000   315.792
1780000   317.796
1781000   312.897
1782000   313.105
1783000   309.667
1784000   308.134
1785000   313.516
1786000   311.991
1787000   311.659
1788000   310.277
1789000   304.068
1790000   308.213
1791000   312.739
1792000   315.698
1793000   311.291
1794000   309.921
1795000   318.411
1796000   311.539
1797000   316.113
1798000   314.585
1799000   318.204
1800000   313.706
1801000   317.916
1802000   309.602
1803000   310.985
1804000   311.704
1805000   309.395
1806000    311.21
1807000   305.169
1808000   306.886
1809000   311.567
1810000   313.293
1811000   312.823
1812000   309.611
1813000   311.935
1814000    311.93
1815000   312.593
1816000   311.303
1817000   308.533
1818000   306.952
1819000   309.084
1820000   308.687
1821000   301.489
1822000   301.876
1823000   309.119
1824000   307.433
1825000   299.988
1826000    305.17
1827000    304.03
1828000   313.901
1829000   310.698
1830000   306.413
1831000   304.677
1832000   309.959
1833000   313.002
1834000   316.038
1835000   314.326
1836000   316.272
1837000   317.187
1838000   319.158
1839000   319.583
1840000   322.434
1841000   320.013
1842000   316.879
1843000   323.925
1844000   323.658
1845000   319.801
1846000   322.786
1847000   317.963
1848000   315.832
1849000   318.648
1850000   318.966
1851000   314.962
1852000    312.69
1853000   318.726
1854000   322.214
1855000   318.964
1856000   316.055
1857000   314.215
1858000   323.147
1859000   318.384
1860000   311.387
1861000   305.818
1862000   311.614
1863000   312.486
1864000   317.969
1865000   318.054
1866000   323.251
1867000   320.923
1868000   320.841
1869000   322.044
1870000   326.109
1871000   319.392
1872000   315.592
1873000   310.844
1874000   309.776
1875000   316.472
1876000   312.185
1877000   313.632
1878000   310.684
1879000   303.873
1880000   308.854
1881000   311.664
1882000   309.501
1883000   314.295
1884000   312.432
1885000   314.382
1886000   312.847
1887000   315.991
1888000   321.039
1889000   322.445
1890000   316.982
1891000   319.532
1892000   315.889
1893000    312.94
1894000   316.525
1895000   306.273
1896000   310.653
1897000   310.309
1898000   310.812
1899000   312.317
1900000   317.842
1901000    314.49
1902000   314.691
1903000    318.84
1904000    313.86
1905000   313.187
1906000   313.244
1907000    318.76
1908000   318.117
1909000   317.981
1910000   320.495
1911000   314.228
1912000   314.996
1913000   318.634
1914000   317.999
1915000   317.154
1916000   314.946
1917000   316.154
1918000   318.422
1919000   306.988
1920000   310.874
1921000   305.724
1922000   304.123
1923000   312.598
1924000   317.691
1925000   314.307
1926000   317.567
1927000   316.955
1928000   320.534
1929000   311.956
1930000   312.476
1931000   314.835
1932000   316.531
1933000   316.507
1934000   323.012
1935000   319.654
1936000   315.323
1937000   315.518
1938000   321.837
1939000   318.061
1940000   316.454
1941000   314.914
1942000   311.996
1943000   314.145
1944000   315.269
1945000   311.398
1946000   313.105
1947000   306.375
1948000   308.018
1949000   299.339
1950000   304.548
1951000   311.553
1952000   316.555
1953000   312.561
1954000   317.689
1955000   314.116
1956000   312.492
1957000   309.768
1958000   314.826
1959000   303.491
1960000   302.101
1961000    306.32
1962000   307.181
1963000    301.93
1964000   311.181
1965000   315.568
1966000   312.486
1967000   315.205
1968000   321.898
1969000   318.457
1970000     321.3
1971000   315.718
1972000   316.677
1973000   319.605
1974000   315.367
1975000   314.391
1976000   313.719
1977000   311.757
1978000   311.647
1979000   315.219
1980000   313.221
1981000   318.279
1982000   314.041
1983000   313.561
1984000   317.384
1985000    324.44
1986000   327.622
1987000   323.558
1988000   318.759
1989000   314.701
1990000   315.707
1991000   315.758
1992000   315.771
1993000    313.58
1994000    313.81
1995000   314.106
1996000    313.02
1997000   315.846
1998000   312.383
1999000   312.215
2000000   315.855
2001000    312.73
2002000   314.354
2003000   318.365
2004000   316.023
2005000   316.298
2006000   316.947
2007000   315.504
2008000   318.825
2009000   311.709
2010000   309.031
2011000   310.308
2012000   310.855
2013000   314.634
2014000   322.168
2015000   323.802
2016000   320.025
2017000   317.968
2018000   315.006
2019000   320.318
2020000   310.947
2021000   313.324
2022000   313.259
2023000   318.214
2024000   315.353
2025000   318.191
2026000   321.627
2027000   315.694
2028000   322.911
2029000   316.715
2030000   320.602
2031000   327.933
2032000   326.858
2033000   318.303
2034000   315.934
2035000   317.065
2036000   321.395
2037000   326.227
2038000   324.782
2039000   322.099
2040000   320.591
2041000   324.833
2042000   329.914
2043000   329.666
2044000   322.507
2045000   315.792
2046000   317.089
2047000   308.832
2048000   309.005
2049000   311.853
2050000   311.507
2051000   316.401
2052000    313.92
2053000   314.134
2054000   316.542
2055000   312.733
2056000   313.578
2057000   310.812
2058000   308.621
2059000    311.48
2060000   312.152
2061000   316.327
2062000    315.46
2063000   318.153
2064000   317.929
2065000   322.836
2066000   318.074
2067000   317.129
2068000   321.323
2069000   322.532
2070000   317.835
2071000   317.696
2072000   322.082
2073000   324.996
2074000    321.91
2075000   317.212
2076000    314.41
2077000   319.682
2078000   311.212
2079000    312.52
2080000   314.383
2081000   322.974
2082000    318.98
2083000   316.441
2084000   318.851
2085000   322.749
2086000   313.521
2087000   310.699
2088000    316.26
2089000   317.289
2090000   317.636
2091000   320.723
2092000   322.029
2093000   324.246
2094000   318.396
2095000   316.337
2096000   316.923
2097000     315.6
2098000   311.888
2099000   316.305
2100000   316.812
2101000   320.368
2102000   321.407
2103000   312.083
2104000   313.065
2105000   316.666
2106000   314.636
2107000   318.508
2108000   313.263
2109000   318.651
2110000   318.394
2111000   312.252
2112000   316.689
2113000   317.703
2114000    321.18
2115000   319.067
2116000    313.15
2117000   315.805
2118000   323.081
2119000   315.942
2120000   311.514
2121000    312.12
2122000   309.796
2123000   310.911
2124000   306.778
2125000   306.455
2126000    305.83
2127000   312.451
2128000   304.928
2129000   302.523
2130000   304.012
2131000   303.592
2132000   311.394
2133000    313.19
2134000    313.07
2135000    318.57
2136000   316.472
2137000   309.113
2138000   306.124
2139000   306.777
2140000   309.003
2141000   315.887
2142000   314.582
2143000   316.304
2144000   322.421
2145000    322.81
2146000   323.444
2147000   324.039
2148000   322.331
2149000   328.142
2150000   330.573
2151000   329.002
2152000    324.25
2153000   323.478
2154000   321.969
2155000   323.017
2156000   325.781
2157000   321.268
2158000   317.394
2159000   316.686
2160000   314.107
2161000    311.91
2162000    315.83
2163000   313.308
2164000   312.088
2165000   310.653
2166000    319.18
2167000   320.289
2168000   312.559
2169000   313.646
2170000   310.201
2171000   319.282
2172000   311.537
2173000   311.452
2174000    315.09
2175000   311.272
2176000   315.265
2177000   315.659
2178000   313.476
2179000    311.22
2180000   307.573
2181000   308.281
2182000   310.284
2183000   307.774
2184000   308.624
2185000   305.751
2186000   306.283
2187000   312.467
2188000   311.758
2189000   314.137
2190000    313.08
2191000   309.993
2192000   313.524
2193000   314.938
2194000   315.337
2195000   313.269
2196000   311.033
2197000   312.793
2198000   317.986
2199000   320.047
2200000   314.776
2201000   314.701
2202000   310.311
2203000    312.98
2204000   315.068
2205000   320.724
2206000   319.926
2207000   314.861
2208000   309.515
2209000   311.246
2210000   307.186
2211000   311.964
2212000   309.946
2213000    308.59
2214000    312.22
2215000   316.986
2216000   323.627
2217000    316.71
2218000   323.701
2219000   316.896
2220000   317.113
2221000   315.972
2222000    319.41
2223000   313.369
2224000    313.35
2225000    316.63
2226000   320.704
2227000   320.384
2228000   321.953
2229000   321.926
2230000   323.042
2231000   324.174
2232000   319.563
2233000   316.577
2234000   314.725
2235000   311.946
2236000   316.692
2237000   312.356
2238000   311.466
2239000   318.848
2240000   323.303
2241000   320.873
2242000   321.567
2243000   323.583
2244000   325.754
2245000    321.88
2246000   320.553
2247000   324.057
2248000   320.121
2249000    319.61
2250000   310.527
2251000   314.388
2252000   314.173
2253000   311.244
2254000   316.377
2255000   323.397
2256000   322.609
2257000   322.403
2258000   317.226
2259000   316.233
2260000   321.305
2261000   313.153
2262000   320.399
2263000   317.091
2264000   315.548
2265000   322.995
2266000   319.385
2267000    309.97
2268000   309.915
2269000   312.806
2270000   310.758
2271000   313.238
2272000   309.246
2273000    310.68
2274000   317.377
2275000   315.485
2276000   315.322
2277000   314.343
2278000   312.134
2279000   315.844
2280000   315.872
2281000   320.157
2282000   313.893
2283000   320.542
2284000   316.127
2285000   315.204
2286000   315.109
2287000   318.461
2288000   319.976
2289000   318.391
2290000   318.861
2291000   322.402
2292000   321.986
2293000    319.83
2294000   323.953
2295000   321.219
2296000   327.039
2297000   323.672
2298000   322.439
2299000   318.108
2300000   317.268
2301000   317.697
2302000    320.98
2303000   320.567
2304000   320.903
2305000   319.551
2306000    321.47
2307000   326.457
2308000   322.611
2309000   321.444
2310000   314.354
2311000   322.787
2312000    318.86
2313000   315.044
2314000   323.976
2315000   318.146
2316000   322.394
2317000   316.063
2318000   318.406
2319000   320.668
2320000   317.728
2321000   316.407
2322000   315.948
2323000   317.394
2324000   313.464
2325000   320.691
2326000   324.467
2327000   313.304
2328000   314.527
2329000    316.75
2330000   311.425
2331000   306.932
2332000   312.536
2333000   316.583
2334000   318.449
2335000   315.977
2336000   316.741
2337000   320.103
2338000   322.781
2339000   321.563
2340000    316.86
2341000   315.786
2342000   317.144
2343000   314.349
2344000   313.266
2345000   322.559
2346000   318.989
2347000   312.718
2348000   312.986
2349000   311.767
2350000   310.785
2351000   312.739
2352000   311.145
2353000   310.871
2354000    303.04
2355000   309.579
2356000   312.437
2357000   309.551
2358000   311.673
2359000   309.059
2360000   316.256
2361000   316.813
2362000   320.923
2363000   317.767
2364000   320.595
2365000   321.494
2366000   311.859
2367000   313.617
2368000   317.969
2369000   320.414
2370000   324.051
2371000   321.453
2372000   316.589
2373000   315.598
2374000   316.082
2375000   310.673
2376000   309.284
2377000   310.735
2378000   313.605
2379000   314.429
2380000   311.654
2381000   309.119
2382000   311.364
2383000    309.65
2384000   314.605
2385000   310.673
2386000   318.164
2387000   314.905
2388000   316.372
2389000   309.307
2390000   311.733
2391000   304.391
2392000   305.654
2393000   309.126
2394000   307.312
2395000   317.854
2396000   313.518
2397000   316.475
2398000   318.527
2399000   317.979
2400000   311.089
2401000   315.984
2402000   310.446
2403000   310.093
2404000   307.301
2405000    306.92
2406000   308.885
2407000   303.528
2408000    311.33
2409000   310.372
2410000   299.974
2411000   304.001
2412000    309.19
2413000     312.9
2414000   315.468
2415000   316.277
2416000   313.835
2417000   318.126
2418000   317.171
2419000   309.327
2420000   309.383
2421000   308.305
2422000   309.491
2423000   317.035
2424000   314.744
2425000   316.927
2426000   320.843
2427000   318.912
2428000    317.42
2429000   321.123
2430000   323.692
2431000   319.985
2432000   317.286
2433000   318.953
2434000   318.648
2435000   315.283
2436000   320.111
2437000   319.282
2438000   316.628
2439000   316.909
2440000   317.095
2441000    315.71
2442000   313.946
2443000   315.226
2444000   320.588
2445000   317.478
2446000   314.631
2447000   319.075
2448000   311.144
2449000   316.489
2450000   314.277
2451000   312.422
2452000   315.238
2453000   314.368
2454000   316.154
2455000   314.835
2456000   313.787
2457000   309.399
2458000   308.644
2459000   310.013
2460000   307.733
2461000   310.712
2462000   314.264
2463000   306.937
2464000    309.67
2465000   312.996
2466000   308.854
2467000    310.42
2468000   307.261
2469000   306.359
2470000   310.876
2471000   308.506
2472000   310.128
2473000   310.005
2474000    305.42
2475000   308.682
2476000   305.995
2477000   308.559
2478000   311.019
2479000   308.727
2480000   312.665
2481000   308.986
2482000   311.074
2483000   308.891
2484000   317.685
2485000   307.893
2486000   310.676
2487000   315.195
2488000   316.986
2489000   316.671
2490000   314.418
2491000   313.391
2492000    313.79
2493000   305.799
2494000       313
2495000   316.391
2496000   313.224
2497000   315.742
2498000   310.824
2499000   307.116
2500000   307.472
2501000   310.742
2502000   311.132
2503000   305.912
2504000   307.374
2505000   308.177
2506000   314.536
2507000   312.903
2508000   311.433
2509000   308.103
2510000    305.89
2511000   303.845
2512000   312.231
2513000   314.484
2514000    318.22
2515000   313.296
2516000   317.582
2517000   321.357
2518000   323.102
2519000    322.08
2520000   313.863
2521000   316.954
2522000   319.475
2523000   317.714
2524000   313.518
2525000   317.177
2526000   315.481
2527000   310.917
2528000   318.569
2529000   322.485
2530000   309.597
2531000   309.678
2532000   312.781
2533000   311.704
2534000   310.748
2535000   315.139
2536000    314.78
2537000   320.853
2538000   324.696
2539000   325.561
2540000   324.817
2541000   321.917
2542000   318.093
2543000   314.099
2544000   319.048
2545000    312.79
2546000   316.226
2547000   316.889
2548000   321.583
2549000   320.983
2550000   315.869
2551000   315.812
2552000   319.739
2553000   320.815
2554000   321.262
2555000   317.565
2556000   317.094
2557000   319.047
2558000   319.117
2559000   322.875
2560000    319.31
2561000   319.446
2562000    318.67
2563000   315.714
2564000    316.93
2565000   317.639
2566000   314.281
2567000   311.791
2568000   309.601
2569000   315.673
2570000   305.131
2571000   309.257
2572000   314.128
2573000   308.442
2574000   312.714
2575000   310.976
2576000   310.898
2577000   309.969
2578000   315.337
2579000   310.512
2580000   316.456
2581000   314.396
2582000   313.096
2583000   316.669
2584000   317.584
2585000   314.119
2586000   310.074
2587000   314.662
2588000   308.504
2589000   315.758
2590000   310.804
2591000   314.964
2592000   314.992
2593000   323.491
2594000   318.031
2595000   314.791
2596000   322.801
2597000   326.519
2598000   317.802
2599000   316.775
2600000   312.905
2601000   309.697
2602000   312.576
2603000   321.292
2604000   313.929
2605000   317.525
2606000   315.183
2607000   318.674
2608000   319.463
2609000   315.294
2610000   313.835
2611000   319.248
2612000   318.284
2613000   328.627
2614000   332.745
2615000   328.073
2616000   327.967
2617000   322.717
2618000   320.473
2619000   316.847
2620000   319.094
2621000   319.438
2622000   320.139
2623000   316.439
2624000   316.014
2625000   312.585
2626000   308.303
2627000   316.007
2628000   313.353
2629000   314.071
2630000   312.513
2631000   307.834
2632000   315.457
2633000   314.531
2634000   309.495
2635000   307.049
2636000   305.239
2637000   308.445
2638000   313.885
2639000   311.148
2640000   308.483
2641000   317.094
2642000   312.057
2643000   307.699
2644000   311.069
2645000   314.713
2646000     317.9
2647000   313.745
2648000   308.258
2649000   319.239
2650000   318.377
2651000   323.756
2652000   325.308
2653000   323.741
2654000   325.578
2655000   317.381
2656000   320.571
2657000   330.179
2658000   326.784
2659000   324.243
2660000   321.458
2661000   318.909
2662000   318.029
2663000   319.131
2664000   317.959
2665000   321.769
2666000   318.876
2667000   317.754
2668000   318.325
2669000   318.959
2670000   320.638
2671000   316.557
2672000   319.358
2673000   311.597
2674000   312.218
2675000   312.549
2676000   318.216
2677000   319.828
2678000    320.02
2679000   318.121
2680000   316.421
2681000   316.122
2682000   313.061
2683000    312.74
2684000   309.005
2685000   312.388
2686000   317.785
2687000   316.218
2688000   314.952
2689000   317.041
2690000   313.521
2691000   310.448
2692000   317.583
2693000    317.16
2694000   313.125
2695000   314.087
2696000   319.511
2697000   320.742
2698000     321.3
2699000   316.631
2700000   316.234
2701000   325.328
2702000   324.508
2703000   322.048
2704000   315.428
2705000   317.626
2706000   319.155
2707000   323.418
2708000   320.249
2709000   317.689
2710000   310.967
2711000    312.03
2712000   309.379
2713000   313.074
2714000   317.458
2715000   318.042
2716000    312.96
2717000   314.384
2718000   312.696
2719000   312.918
2720000   312.179
2721000   311.389
2722000   307.846
2723000   313.677
2724000   319.895
2725000   317.146
2726000   320.725
2727000   322.862
2728000   316.278
2729000   316.148
2730000   315.658
2731000   310.839
2732000    314.85
2733000   311.358
2734000   314.008
2735000   314.955
2736000   313.391
2737000   315.613
2738000   316.424
2739000   324.731
2740000   317.372
2741000   315.403
2742000   310.038
2743000   312.437
2744000   305.623
2745000    308.34
2746000   304.206
2747000   305.764
2748000   299.324
2749000    301.58
2750000   305.182
2751000   300.627
2752000    304.99
2753000   302.333
2754000   306.181
2755000   307.628
2756000   305.375
2757000   312.572
2758000   304.577
2759000   303.504
2760000   310.316
2761000   312.253
2762000   314.619
2763000   310.311
2764000   311.571
2765000   301.474
2766000   303.296
2767000   297.981
2768000    300.26
2769000   307.062
2770000   313.099
2771000   308.904
2772000   315.106
2773000   310.344
2774000   315.279
2775000   315.981
2776000   319.777
2777000   314.038
2778000   315.529
2779000   324.828
2780000   323.506
2781000   323.461
2782000   323.333
2783000   318.455
2784000   317.597
2785000   315.836
2786000   319.611
2787000   319.394
2788000   314.596
2789000   307.704
2790000   311.179
2791000   312.234
2792000   316.618
2793000   313.905
2794000   319.051
2795000   319.694
2796000    311.91
2797000   310.604
2798000   307.299
2799000   314.337
2800000   308.456
2801000   314.613
2802000   309.124
2803000   316.517
2804000   312.878
2805000    316.47
2806000   312.155
2807000   306.722
2808000   310.189
2809000   312.933
2810000   310.654
2811000   307.802
2812000   310.105
2813000   309.204
2814000   308.235
2815000    306.24
2816000   306.591
2817000   306.149
2818000   308.034
2819000   316.729
2820000    314.39
2821000   310.538
2822000   311.008
2823000   312.572
2824000   314.195
2825000   314.749
2826000   314.853
2827000   307.998
2828000   313.037
2829000   312.365
2830000   314.335
2831000   315.027
2832000   316.639
2833000   318.864
2834000   317.241
2835000   312.567
2836000   309.144
2837000   308.883
2838000   310.355
2839000   313.551
2840000   311.912
2841000   312.731
2842000   314.732
2843000   312.017
2844000   313.332
2845000   315.352
2846000   311.722
2847000    311.45
2848000   308.495
2849000   306.723
2850000   305.252
2851000    310.63
2852000   308.968
2853000    311.44
2854000   314.958
2855000   311.096
2856000   313.501
2857000   314.805
2858000   308.634
2859000   309.015
2860000   307.544
2861000   308.485
2862000    309.23
2863000   312.296
2864000   314.972
2865000   318.308
2866000   313.671
2867000   309.593
2868000   311.379
2869000   310.545
2870000   310.082
2871000   313.407
2872000   311.442
2873000   314.591
2874000   317.126
2875000   315.834
2876000   317.576
2877000   320.296
2878000    323.85
2879000   324.155
2880000   322.656
2881000   325.631
2882000   327.618
2883000   322.288
2884000   323.036
2885000   313.784
2886000   310.738
2887000    309.11
2888000   315.624
2889000   321.597
2890000   318.257
2891000   323.709
2892000   313.748
2893000   316.321
2894000   315.316
2895000   317.183
2896000   317.888
2897000   318.395
2898000   313.844
2899000   322.757
2900000   325.875
2901000   322.323
2902000   320.679
2903000   318.322
2904000   319.982
2905000   315.281
2906000   311.763
2907000   311.173
2908000   314.782
2909000   317.022
2910000   314.656
2911000   321.527
2912000   317.339
2913000   313.694
2914000   320.687
2915000   320.017
2916000   320.892
2917000    315.55
2918000   315.017
2919000    316.63
2920000   312.986
2921000   313.674
2922000   310.065
2923000   309.578
2924000   316.039
2925000    310.67
2926000   312.849
2927000   311.325
2928000   303.498
2929000   309.604
2930000   306.546
2931000   311.546
2932000   314.485
2933000   313.456
2934000    316.25
2935000   310.751
2936000   308.557
2937000   308.037
2938000   324.499
2939000   321.838
2940000   319.469
2941000    314.67
2942000    317.17
2943000   326.842
2944000   324.648
2945000   319.817
2946000   320.502
2947000   317.072
2948000   324.088
2949000   319.248
2950000   323.035
2951000   317.657
2952000   319.632
2953000   318.809
2954000   318.285
2955000   315.324
2956000   306.508
2957000   311.045
2958000   310.684
2959000   314.443
2960000   319.825
2961000   313.535
2962000   314.248
2963000   312.549
2964000   319.036
2965000   321.916
2966000   320.186
2967000    313.98
2968000   313.245
2969000   304.501
2970000   312.575
2971000   311.253
2972000   310.805
2973000   313.068
2974000   311.528
2975000   319.531
2976000    319.68
2977000   317.164
2978000    320.32
2979000   320.516
2980000   320.223
2981000   313.629
2982000   314.121
2983000    312.68
2984000   315.733
2985000   317.449
2986000   313.473
2987000   303.789
2988000   307.121
2989000   318.596
2990000   319.502
2991000   319.016
2992000   312.081
2993000   316.126
2994000   319.958
2995000   316.923
2996000   318.439
2997000   312.617
2998000   317.362
2999000   321.048
3000000   314.618
3001000   312.547
3002000   311.769
3003000   311.047
3004000   312.758
3005000   306.501
3006000   310.256
3007000    315.48
3008000   319.854
3009000   311.035
3010000   312.027
3011000   309.371
3012000   312.205
3013000   310.056
3014000   308.144
3015000   306.639
3016000   306.291
3017000   309.913
3018000   310.513
3019000   312.629
3020000   312.771
3021000    306.76
3022000    303.33
3023000   304.927
3024000   312.337
3025000   306.999
3026000   311.617
3027000   310.986
3028000   312.537
3029000   315.718
3030000   319.536
3031000   315.587
3032000   312.916
3033000   311.899
3034000   314.162
3035000   318.443
3036000   313.648
3037000    320.87
3038000   320.762
3039000    320.34
3040000   315.979
3041000   313.783
3042000   314.158
3043000   310.926
3044000   308.603
3045000   305.611
3046000   310.645
3047000   311.439
3048000   311.037
3049000   309.731
3050000   310.018
3051000   314.147
3052000   315.638
3053000   318.066
3054000   323.413
3055000   320.492
3056000   317.646
3057000   320.775
3058000   325.198
3059000   322.012
3060000   322.408
3061000   315.375
3062000   319.179
3063000   316.571
3064000   314.357
3065000   311.653
3066000   318.236
3067000   320.352
3068000   312.841
3069000    312.93
3070000   311.814
3071000   318.513
3072000   321.712
3073000   312.744
3074000   312.686
3075000   312.797
3076000   314.432
3077000   319.201
3078000   315.942
3079000    313.79
3080000    320.03
3081000   313.499
3082000   307.706
3083000   307.142
3084000   314.009
3085000   315.374
3086000   312.524
3087000   305.082
3088000   306.867
3089000   308.703
3090000   308.968
3091000   309.826
3092000   313.532
3093000   317.359
3094000   320.373
3095000   319.187
3096000   316.463
3097000   315.125
3098000    310.83
3099000   307.618
3100000   306.955
3101000   312.811
3102000   311.874
3103000   312.784
3104000    311.14
3105000   307.266
3106000   299.784
3107000    302.32
3108000    304.77
3109000   312.141
3110000   314.457
3111000   312.383
3112000   314.861
3113000   319.724
3114000   320.991
3115000   314.839
3116000    314.92
3117000   319.029
3118000   317.801
3119000   318.758
3120000   315.915
3121000    313.92
3122000     314.7
3123000   321.755
3124000   319.259
3125000   314.654
3126000   320.199
3127000   313.738
3128000   315.191
3129000   306.312
3130000   314.655
3131000   311.039
3132000    314.25
3133000   315.326
3134000   322.039
3135000   321.156
3136000   325.326
3137000   322.515
3138000   320.507
3139000    319.31
3140000    325.93
3141000   329.679
3142000   323.403
3143000   318.728
3144000   308.975
3145000    317.76
3146000   315.804
3147000    315.95
3148000   311.285
3149000   308.042
3150000   306.537
3151000   312.339
3152000   313.421
3153000    309.19
3154000   314.052
3155000   315.777
3156000   321.152
3157000   317.541
3158000   315.261
3159000   315.822
3160000    314.98
3161000   313.965
3162000   319.891
3163000   323.259
3164000    320.63
3165000   323.686
3166000   320.059
3167000   325.153
3168000    319.05
3169000   320.004
3170000   316.414
3171000   313.633
3172000   315.891
3173000   317.404
3174000    311.33
3175000   311.998
3176000   314.292
3177000   314.018
3178000   311.638
3179000   312.151
3180000   307.429
3181000   310.137
3182000   310.124
3183000   309.691
3184000   308.893
3185000   311.068
3186000   312.115
3187000   313.124
3188000   312.806
3189000   312.389
3190000   318.316
3191000   320.512
3192000   322.269
3193000   323.951
3194000   320.856
3195000    316.97
3196000   314.628
3197000   314.482
3198000   312.379
3199000   318.517
3200000   325.717
3201000   319.459
3202000   322.216
3203000   310.281
3204000   315.523
3205000   314.663
3206000   314.195
3207000   316.679
3208000   317.319
3209000   312.714
3210000   321.941
3211000   319.712
3212000   319.719
3213000   317.447
3214000   320.329
3215000   321.417
3216000   319.724
3217000   320.661
3218000   329.523
3219000   329.299
3220000   327.067
3221000   323.652
3222000   322.157
3223000   315.427
3224000   314.791
3225000   320.053
3226000    316.86
3227000   318.357
3228000   311.313
3229000   313.453
3230000   314.727
3231000   315.997
3232000   311.961
3233000   311.715
3234000   320.831
3235000   319.383
3236000   318.943
3237000   316.615
3238000   311.585
3239000   311.827
3240000   317.486
3241000   317.247
3242000   316.289
3243000   309.171
3244000   313.446
3245000   312.406
3246000   316.685
3247000   319.072
3248000   318.997
3249000   314.629
3250000   322.684
3251000   319.544
3252000   321.982
3253000   317.682
3254000   319.511
3255000   321.046
3256000   324.711
3257000    321.87
3258000   316.934
3259000   317.054
3260000    317.32
3261000   315.941
3262000   316.053
3263000   319.444
3264000   320.768
3265000   316.888
3266000   318.927
3267000   315.497
3268000   314.587
3269000   322.818
3270000   317.914
3271000   314.974
3272000   312.269
3273000   314.425
3274000       318
3275000   318.502
3276000   321.463
3277000   314.332
3278000   316.569
3279000   317.095
3280000   318.067
3281000   322.636
3282000   317.044
3283000   316.505
3284000   308.857
3285000   314.672
3286000   315.731
3287000   321.108
3288000   320.652
3289000   320.529
3290000   318.709
3291000   322.525
3292000   316.846
3293000   313.018
3294000   318.188
3295000   321.436
3296000   320.526
3297000   318.213
3298000    316.05
3299000   313.359
3300000   309.253
3301000   317.469
3302000   318.663
3303000   314.646
3304000   318.737
3305000   317.314
3306000   316.286
3307000   313.759
3308000    322.68
3309000   317.826
3310000   318.672
3311000   318.787
3312000    315.31
3313000   318.087
3314000    318.73
3315000   316.635
3316000   317.543
3317000   319.162
3318000   315.555
3319000   315.524
3320000   318.817
3321000   322.291
3322000   317.048
3323000   315.344
3324000   314.321
3325000   315.202
3326000   314.207
3327000   318.244
3328000   311.553
3329000   316.353
3330000    318.46
3331000   322.422
3332000   319.796
3333000   317.006
3334000   310.431
3335000   315.235
3336000   317.544
3337000   320.668
3338000   320.982
3339000   316.712
3340000   314.666
3341000   307.425
3342000   310.151
3343000   310.402
3344000   310.956
3345000   309.219
3346000   307.695
3347000   308.338
3348000   306.134
3349000   304.772
3350000   312.134
3351000   312.717
3352000   314.526
3353000   316.099
3354000   313.563
3355000   310.906
3356000   306.541
3357000   310.786
3358000    310.08
3359000   316.407
3360000    320.72
3361000   311.669
3362000   310.875
3363000   310.759
3364000   311.938
3365000   304.662
3366000    311.54
3367000   317.278
3368000   314.897
3369000    315.86
3370000   318.121
3371000    319.13
3372000   319.377
3373000   316.967
3374000     320.7
3375000   323.249
3376000   322.437
3377000    320.12
3378000   320.237
3379000   326.764
3380000   319.453
3381000   316.599
3382000   311.371
3383000   306.193
3384000   310.762
3385000   308.797
3386000   312.371
3387000   316.019
3388000   314.819
3389000   311.437
3390000   314.426
3391000   311.635
3392000    309.32
3393000   309.366
3394000   308.466
3395000   308.265
3396000    304.66
3397000   305.969
3398000    312.65
3399000   311.184
3400000   312.762
3401000    315.48
3402000   315.266
3403000   309.898
3404000   309.849
3405000   314.998
3406000   325.656
3407000   317.211
3408000   316.425
3409000   318.372
3410000   312.836
3411000   315.775
3412000   307.565
3413000   309.768
3414000   306.169
3415000   298.551
3416000   309.873
3417000    314.87
3418000   310.445
3419000    310.57
3420000   309.805
3421000   302.024
3422000   306.129
3423000   311.069
3424000   308.588
3425000   308.151
3426000   312.378
3427000   311.794
3428000   318.939
3429000   314.135
3430000    311.61
3431000   312.458
3432000   314.471
3433000   316.108
3434000   314.574
3435000   315.321
3436000   311.203
3437000    313.44
3438000   310.181
3439000   312.555
3440000   313.316
3441000   319.754
3442000   317.696
3443000   319.442
3444000   313.493
3445000   322.199
3446000   319.491
3447000   318.516
3448000   318.041
3449000   311.226
3450000   313.847
3451000   307.346
3452000   311.414
3453000   314.243
3454000   314.463
3455000   316.759
3456000   317.663
3457000   321.091
3458000   321.135
3459000   321.208
3460000    316.08
3461000   316.303
3462000    310.48
3463000   314.632
3464000   311.416
3465000   308.936
3466000   312.171
3467000   309.283
3468000   312.626
3469000   312.246
3470000   319.226
3471000   317.326
3472000   315.916
3473000   314.259
3474000   311.078
3475000   309.987
3476000   314.673
3477000    316.01
3478000   317.286
3479000   315.095
3480000   313.698
3481000    313.98
3482000   313.753
3483000   318.492
3484000   316.889
3485000   314.468
3486000   309.211
3487000   311.637
3488000   316.324
3489000   311.996
3490000   312.163
3491000   307.756
3492000   304.993
3493000   308.385
3494000   310.238
3495000    309.29
3496000    316.67
3497000   310.163
3498000    311.27
3499000   308.803
3500000   313.073
3501000   312.877
3502000    309.71
3503000   316.231
3504000    317.27
3505000   313.948
3506000   315.688
3507000   312.841
3508000    316.12
3509000   317.859
3510000   319.641
3511000   317.491
3512000   309.855
3513000   313.753
3514000   314.194
3515000   315.694
3516000   312.237
3517000   312.039
3518000    310.13
3519000   312.737
3520000   309.441
3521000   312.529
3522000   313.113
3523000   319.827
3524000   322.207
3525000   318.953
3526000   318.531
3527000   316.061
3528000   315.724
3529000   312.379
3530000   313.628
3531000    311.31
3532000    311.25
3533000    315.15
3534000   314.968
3535000   318.629
3536000   316.174
3537000   313.798
3538000   315.391
3539000   314.456
3540000   317.857
3541000   325.211
3542000   321.387
3543000   323.766
3544000   322.249
3545000   317.751
3546000   322.781
3547000   319.387
3548000   323.473
3549000   322.545
3550000     319.9
3551000   313.452
3552000   312.454
3553000   317.209
3554000   314.321
3555000    318.29
3556000   319.262
3557000   318.773
3558000   316.633
3559000   310.483
3560000   313.232
3561000   316.117
3562000   311.925
3563000   308.462
3564000   311.287
3565000   312.974
3566000   311.691
3567000    304.48
3568000   304.733
3569000   300.961
3570000   307.978
3571000   303.531
3572000   313.549
3573000   312.179
3574000   309.807
3575000   307.014
3576000   313.186
3577000    312.55
3578000   310.106
3579000    308.74
3580000   309.131
3581000   310.163
3582000   307.449
3583000   312.231
3584000   306.922
3585000   309.888
3586000   310.634
3587000     316.7
3588000   315.507
3589000   311.576
3590000   316.888
3591000   319.504
3592000   314.138
3593000   311.731
3594000   313.916
3595000   314.132
3596000   315.553
3597000   312.935
3598000   312.723
3599000   314.244
3600000   319.669
3601000    322.13
3602000   321.028
3603000   313.529
3604000   314.237
3605000   314.724
3606000   307.316
3607000    306.76
3608000   317.169
3609000   319.863
3610000   315.557
3611000   313.906
3612000   312.589
3613000   312.018
3614000   321.479
3615000   319.599
3616000   322.973
3617000   317.679
3618000   318.143
3619000   315.336
3620000   318.974
3621000   314.359
3622000    319.48
3623000   319.984
3624000   313.667
3625000   314.603
3626000   315.607
3627000   318.041
3628000   314.777
3629000   311.344
3630000    315.54
3631000   319.653
3632000   318.309
3633000   314.486
3634000   307.043
3635000   306.167
3636000   315.146
3637000   313.491
3638000   310.154
3639000   311.974
3640000   314.655
3641000   312.161
3642000   310.217
3643000   312.066
3644000   313.739
3645000   315.693
3646000   315.969
3647000   316.206
3648000   317.574
3649000   312.155
3650000   310.162
3651000   314.766
3652000   312.894
3653000   306.541
3654000   314.078
3655000    319.19
3656000   314.122
3657000   316.621
3658000   322.094
3659000   318.131
3660000   313.596
3661000   321.138
3662000   319.887
3663000   323.545
3664000   317.295
3665000   311.632
3666000    322.09
3667000    321.86
3668000   315.003
3669000    315.65
3670000   313.958
3671000   311.724
3672000   311.034
3673000   309.757
3674000   301.713
3675000   304.726
3676000   309.946
3677000   310.801
3678000   311.593
3679000   308.892
3680000     305.1
3681000   309.305
3682000    311.46
3683000   316.799
3684000    308.43
3685000   306.155
3686000   303.456
3687000   301.238
3688000   307.342
3689000   309.741
3690000   311.162
3691000   307.052
3692000   309.573
3693000   310.712
3694000   312.253
3695000   315.482
3696000   314.243
3697000   309.686
3698000   309.166
3699000   308.229
3700000   305.621
3701000   310.705
3702000   309.615
3703000   311.447
3704000   311.644
3705000   318.263
3706000    310.79
3707000   311.715
3708000   317.077
3709000   322.358
3710000   320.171
3711000   321.693
3712000   314.534
3713000    315.36
3714000   308.136
3715000   313.955
3716000   312.724
3717000   311.541
3718000   315.818
3719000   311.355
3720000   311.017
3721000   312.477
3722000   312.606
3723000   312.571
3724000   314.042
3725000    309.27
3726000   314.308
3727000   310.628
3728000   313.561
3729000   309.048
3730000   308.304
3731000   310.904
3732000   307.954
3733000   310.486
3734000   309.298
3735000   314.865
3736000   311.632
3737000   313.208
3738000   318.434
3739000   314.265
3740000   314.431
3741000   310.176
3742000   317.612
3743000   321.256
3744000   313.138
3745000   312.969
3746000   313.978
3747000   312.735
3748000   310.638
3749000   314.332
3750000    314.93
3751000   310.753
3752000   317.536
3753000   317.095
3754000   313.571
3755000   316.881
3756000   316.813
3757000   315.802
3758000    316.07
3759000   311.024
3760000    308.95
3761000   314.462
3762000   320.071
3763000   323.366
3764000   315.898
3765000   308.423
3766000   317.388
3767000   313.998
3768000   320.474
3769000   317.865
3770000    318.78
3771000   315.679
3772000   322.313
3773000   319.522
3774000   319.319
3775000   322.062
3776000   317.603
3777000   313.749
3778000   311.476
3779000   316.287
3780000   322.264
3781000   321.973
3782000   317.709
3783000   321.028
3784000   324.297
3785000   318.239
3786000   315.185
3787000   318.521
3788000   315.895
3789000   317.096
3790000   315.961
3791000   318.036
3792000   317.594
3793000    315.59
3794000   317.516
3795000   313.308
3796000   316.754
3797000   311.222
3798000   315.232
3799000   312.182
3800000   308.695
3801000   312.059
3802000   308.927
3803000   310.178
3804000   316.975
3805000   323.987
3806000    319.23
3807000   316.511
3808000   316.996
3809000   319.426
3810000   316.154
3811000   319.807
3812000   317.069
3813000   319.935
3814000   316.361
3815000   316.306
3816000   310.979
3817000   315.561
3818000   312.859
3819000   317.625
3820000   326.226
3821000   325.208
3822000   318.291
3823000   316.786
3824000   317.366
3825000   314.228
3826000   314.043
3827000   305.985
3828000   309.131
3829000   311.099
3830000   305.011
3831000   304.144
3832000   306.904
3833000   309.221
3834000   318.991
3835000   317.317
3836000   316.864
3837000   315.378
3838000   315.576
3839000   318.749
3840000   317.043
3841000     316.2
3842000   317.295
3843000   314.657
3844000   318.949
3845000   323.519
3846000    322.13
3847000    319.52
3848000   320.032
3849000   318.882
3850000     313.8
3851000   318.713
3852000    321.07
3853000   316.559
3854000   313.907
3855000   314.028
3856000   318.921
3857000   320.921
3858000   319.502
3859000   315.067
3860000   319.828
3861000   316.126
3862000   315.504
3863000   313.167
3864000   313.797
3865000   312.256
3866000   310.731
3867000   315.082
3868000   316.792
3869000   313.734
3870000    313.05
3871000   320.664
3872000   321.686
3873000   317.644
3874000   318.396
3875000   319.841
3876000   323.019
3877000    321.04
3878000   322.273
3879000   324.119
3880000   322.263
3881000   322.444
3882000   320.149
3883000   318.554
3884000   319.083
3885000   317.824
3886000   314.106
3887000   317.291
3888000    322.54
3889000   314.541
3890000    317.42
3891000   315.559
3892000   316.379
3893000   314.386
3894000   311.404
3895000   308.739
3896000   313.072
3897000   317.927
3898000   316.378
3899000   314.768
3900000   309.175
3901000   316.853
3902000   317.394
3903000   313.003
3904000   313.616
3905000   314.765
3906000   312.574
3907000   315.049
3908000   320.746
3909000   319.559
3910000   317.064
3911000   312.348
3912000   319.946
3913000   313.948
3914000   315.183
3915000   315.644
3916000   312.799
3917000   314.942
3918000   312.603
3919000   307.645
3920000   304.738
3921000   310.684
3922000   306.637
3923000   311.365
3924000   310.692
3925000   308.715
3926000   309.216
3927000   314.048
3928000   313.403
3929000   314.292
3930000   312.147
3931000   312.642
3932000   318.431
3933000   318.522
3934000   316.925
3935000    313.29
3936000   315.239
3937000   317.226
3938000   312.217
3939000   304.421
3940000   305.539
3941000   314.627
3942000   318.359
3943000   316.206
3944000   313.034
3945000   314.097
3946000   311.511
3947000   320.315
3948000   318.823
3949000    317.03
3950000   324.468
3951000   323.482
3952000   321.782
3953000   320.213
3954000   317.393
3955000   314.771
3956000   317.556
3957000   316.285
3958000   319.772
3959000   318.105
3960000   320.323
3961000   318.229
3962000   320.537
3963000   314.155
3964000   313.417
3965000   314.534
3966000    313.92
3967000   313.179
3968000   308.886
3969000   311.292
3970000   315.571
3971000   313.928
3972000    316.28
3973000   318.551
3974000   312.614
3975000   312.435
3976000    321.71
3977000   310.174
3978000   313.429
3979000   309.623
3980000   322.187
3981000   321.357
3982000   324.435
3983000   324.397
3984000   321.399
3985000   321.084
3986000   319.702
3987000   323.292
3988000   317.893
3989000   318.491
3990000   320.247
3991000   317.935
3992000     323.5
3993000   321.667
3994000   326.188
3995000   318.802
3996000   323.518
3997000   329.063
3998000   318.501
3999000   318.392
4000000   316.038
4001000   316.264
4002000   312.969
4003000   311.116
4004000   317.315
4005000   319.725
4006000   320.436
4007000    318.46
4008000   318.031
4009000    317.59
4010000   320.342
4011000   321.359
4012000   320.855
4013000   326.987
4014000   326.631
4015000   325.421
4016000   318.662
4017000   312.605
4018000   317.073
4019000   312.729
4020000    314.82
4021000   315.289
4022000   312.764
4023000   312.905
4024000    317.91
4025000   317.552
4026000   312.762
4027000   312.901
4028000   315.293
4029000     311.5
4030000   322.684
4031000    322.81
4032000    312.16
4033000   320.573
4034000   320.145
4035000   317.963
4036000   319.042
4037000   319.971
4038000    318.68
4039000   318.253
4040000   314.355
4041000    325.89
4042000   326.431
4043000   319.825
4044000   321.974
4045000   318.525
4046000    320.63
4047000   318.872
4048000   321.903
4049000   321.452
4050000    320.46
4051000   314.878
4052000   315.313
4053000   321.608
4054000   317.508
4055000   318.469
4056000   313.761
4057000   317.006
4058000   314.958
4059000   320.026
4060000   315.547
4061000   321.537
4062000   319.362
4063000    321.05
4064000   320.265
4065000   319.054
4066000   319.165
4067000   317.175
4068000   314.192
4069000   319.912
4070000   318.031
4071000   320.423
4072000   322.096
4073000   321.862
4074000   324.156
4075000   323.137
4076000   324.129
4077000    330.39
4078000   324.319
4079000    317.39
4080000   319.315
4081000   314.583
4082000   321.781
4083000   317.733
4084000   317.899
4085000   317.322
4086000   317.905
4087000   317.039
4088000   310.869
4089000   310.308
4090000   314.465
4091000   314.926
4092000    317.41
4093000   313.908
4094000   312.333
4095000   307.688
4096000    308.34
4097000   314.068
4098000   316.163
4099000   311.905
4100000   315.432
4101000   312.272
4102000   314.108
4103000   311.655
4104000   315.858
4105000   312.734
4106000   313.629
4107000   316.433
4108000   312.533
4109000   312.509
4110000    309.95
4111000   315.025
4112000   315.064
4113000    319.86
4114000   318.377
4115000    314.88
4116000   315.501
4117000   314.642
4118000   311.748
4119000    313.41
4120000   309.479
4121000   315.889
4122000   313.752
4123000   315.704
4124000   318.472
4125000   316.985
4126000   325.188
4127000   320.897
4128000   324.941
4129000   309.752
4130000   309.524
4131000   312.414
4132000   316.986
4133000   304.571
4134000   307.998
4135000   303.646
4136000   310.839
4137000   313.482
4138000   310.004
4139000   312.768
4140000   318.916
4141000   318.625
4142000   314.687
4143000   316.737
4144000   314.873
4145000    316.94
4146000   316.357
4147000   313.621
4148000    309.69
4149000   314.588
4150000   309.175
4151000   314.845
4152000   318.944
4153000   323.302
4154000   318.978
4155000   316.313
4156000    316.07
4157000   312.377
4158000   310.431
4159000   315.447
4160000    308.37
4161000   311.991
4162000   307.022
4163000   306.396
4164000    306.48
4165000   308.778
4166000   313.557
4167000   315.052
4168000   316.309
4169000   319.703
4170000   316.823
4171000   312.885
4172000   308.399
4173000   313.379
4174000   311.698
4175000   312.435
4176000   317.484
4177000   321.675
4178000   324.255
4179000   314.886
4180000   316.016
4181000   315.409
4182000   315.415
4183000   314.809
4184000   313.673
4185000   313.661
4186000   314.432
4187000    314.23
4188000    318.04
4189000   323.627
4190000   324.908
4191000   322.184
4192000   322.124
4193000   316.652
4194000   320.397
4195000   312.828
4196000   316.515
4197000   314.339
4198000   319.028
4199000   314.601
4200000   311.286
4201000    312.69
4202000   311.856
4203000   313.164
4204000   314.531
4205000   315.773
4206000   320.616
4207000   314.541
4208000   313.626
4209000   317.773
4210000   310.342
4211000   310.821
4212000   308.598
4213000   308.304
4214000   307.342
4215000    311.52
4216000   314.768
4217000   310.736
4218000   311.048
4219000   311.511
4220000   316.283
4221000   318.098
4222000   315.174
4223000   308.677
4224000   312.906
4225000   313.813
4226000   312.041
4227000   310.825
4228000   317.036
4229000   317.416
4230000   315.219
4231000   311.579
4232000   311.365
4233000   311.288
4234000   318.129
4235000   312.556
4236000   309.106
4237000   315.375
4238000   309.406
4239000   307.942
4240000   307.983
4241000   306.476
4242000   310.427
4243000   311.315
4244000   313.495
4245000   313.941
4246000   315.303
4247000   312.495
4248000   308.262
4249000   312.166
4250000   312.126
4251000   313.207
4252000   318.093
4253000   319.305
4254000   316.702
4255000   310.284
4256000   312.966
4257000   315.145
4258000   318.983
4259000   321.063
4260000   317.504
4261000    317.67
4262000   321.411
4263000   318.074
4264000   314.961
4265000       318
4266000   321.838
4267000   317.521
4268000   313.249
4269000   315.796
4270000   317.606
4271000   321.217
4272000   321.358
4273000    317.52
4274000   316.254
4275000   319.126
4276000    317.73
4277000   315.936
4278000   315.935
4279000   317.056
4280000   310.012
4281000   309.078
4282000   318.632
4283000     309.8
4284000   307.846
4285000   306.969
4286000   309.166
4287000   309.531
4288000   306.828
4289000   313.562
4290000   314.408
4291000   311.206
4292000   312.327
4293000   312.166
4294000   313.996
4295000   316.332
4296000    322.08
4297000   316.012
4298000   310.702
4299000     309.8
4300000   314.317
4301000    317.32
4302000    313.26
4303000   309.903
4304000   312.514
4305000   319.711
4306000   320.138
4307000   319.181
4308000   319.518
4309000   320.958
4310000   322.776
4311000   314.106
4312000   317.219
4313000   314.677
4314000    316.59
4315000   313.443
4316000   313.515
4317000   312.115
4318000   310.485
4319000   311.061
4320000   314.163
4321000   312.933
4322000   314.265
4323000   310.091
4324000   310.674
4325000   308.723
4326000   305.514
4327000   312.501
4328000   310.275
4329000   314.381
4330000   314.371
4331000   316.115
4332000    313.07
4333000   321.849
4334000   316.653
4335000   310.664
4336000   321.986
4337000   321.357
4338000   317.596
4339000   320.549
4340000   315.355
4341000   315.379
4342000   312.816
4343000    319.88
4344000   323.716
4345000   313.633
4346000   317.271
4347000    317.94
4348000   323.013
4349000   319.555
4350000    314.17
4351000   319.485
4352000   314.783
4353000   317.648
4354000   317.213
4355000   317.727
4356000   319.827
4357000   317.587
4358000   321.403
4359000   323.474
4360000   317.221
4361000   316.448
4362000   321.691
4363000   321.015
4364000   317.751
4365000   313.784
4366000   316.482
4367000    320.53
4368000   322.146
4369000   313.914
4370000   317.182
4371000   311.177
4372000   314.698
4373000   313.621
4374000   313.665
4375000   315.433
4376000   315.075
4377000    317.93
4378000   320.751
4379000   317.345
4380000   315.095
4381000   315.207
4382000   317.277
4383000   318.222
4384000   319.325
4385000   312.866
4386000   312.423
4387000   311.432
4388000   307.329
4389000   310.623
4390000   308.756
4391000   308.054
4392000   306.863
4393000   303.815
4394000   308.037
4395000   306.636
4396000   312.222
4397000   315.406
4398000   317.392
4399000   316.807
4400000    309.13
4401000   305.917
4402000   305.513
4403000   310.171
4404000   308.516
4405000   311.985
4406000   313.401
4407000   311.686
4408000   312.977
4409000   313.196
4410000   312.743
4411000   320.026
4412000   316.491
4413000   316.562
4414000   320.669
4415000   314.529
4416000    317.54
4417000   310.168
4418000   305.882
4419000   309.588
4420000   312.294
4421000   308.833
4422000   311.192
4423000   311.897
4424000   309.278
4425000   311.039
4426000   309.309
4427000   315.245
4428000   312.548
4429000   313.199
4430000   319.447
4431000   315.149
4432000    317.46
4433000    320.43
4434000   316.233
4435000   317.734
4436000   318.075
4437000   315.188
4438000   314.455
4439000   316.113
4440000   320.183
4441000   309.486
4442000   308.493
4443000   310.427
4444000   311.629
4445000    316.77
4446000   319.613
4447000   319.084
4448000   318.709
4449000   315.943
4450000   319.948
4451000   320.448
4452000   322.797
4453000   316.645
4454000    313.43
4455000    311.38
4456000   315.613
4457000   315.931
4458000   316.049
4459000   314.281
4460000   309.111
4461000   308.953
4462000   311.535
4463000   304.955
4464000   306.262
4465000   305.486
4466000   304.023
4467000   309.577
4468000   306.747
4469000   315.441
4470000   320.481
4471000   314.948
4472000   325.645
4473000   325.277
4474000   314.306
4475000   313.159
4476000   315.684
4477000   314.553
4478000   320.083
4479000   318.418
4480000   319.026
4481000   319.153
4482000   313.428
4483000   313.468
4484000   317.237
4485000   315.264
4486000   312.104
4487000   311.918
4488000   313.237
4489000    309.38
4490000   314.608
4491000   316.565
4492000   313.465
4493000   309.281
4494000   315.414
4495000   316.713
4496000   319.412
4497000   315.172
4498000   310.543
4499000   313.221
4500000   314.021
4501000   317.068
4502000   316.389
4503000   318.078
4504000   318.856
4505000   316.907
4506000   319.114
4507000   317.258
4508000   310.086
4509000    310.61
4510000   309.273
4511000   308.479
4512000   306.959
4513000   309.754
4514000   314.171
4515000   314.226
4516000   319.923
4517000   317.877
4518000   316.184
4519000   307.367
4520000   315.367
4521000   325.511
4522000   317.701
4523000   313.456
4524000    315.04
4525000   310.849
4526000   317.045
4527000   313.489
4528000   313.338
4529000    312.66
4530000   314.711
4531000   310.053
4532000   305.848
4533000   308.222
4534000   309.208
4535000   310.544
4536000   314.086
4537000   320.066
4538000   316.112
4539000    316.35
4540000   310.972
4541000   313.607
4542000   314.976
4543000   307.935
4544000   310.631
4545000   315.507
4546000   310.134
4547000   302.259
4548000   308.579
4549000   315.003
4550000   309.638
4551000   309.951
4552000   313.589
4553000   312.427
4554000    321.39
4555000   313.313
4556000    309.89
4557000   309.168
4558000   313.647
4559000   313.661
4560000   310.901
4561000   305.924
4562000   312.876
4563000   316.208
4564000   321.152
4565000   319.426
4566000   323.305
4567000   320.804
4568000   316.845
4569000   316.487
4570000    321.82
4571000   325.051
4572000   318.596
4573000   318.527
4574000   320.992
4575000   321.477
4576000    319.73
4577000   316.296
4578000   313.913
4579000       312
4580000   314.291
4581000   313.319
4582000   315.167
4583000   311.533
4584000   306.874
4585000   312.033
4586000   311.529
4587000   313.424
4588000   308.521
4589000   312.107
4590000   311.825
4591000   311.447
4592000   308.334
4593000   312.684
4594000   310.393
4595000    312.81
4596000   311.838
4597000   316.623
4598000    317.29
4599000   314.531
4600000   313.426
4601000   316.211
4602000   315.005
4603000   310.239
4604000   316.073
4605000   317.134
4606000   321.483
4607000   314.902
4608000   321.029
4609000   314.986
4610000    322.72
4611000   320.879
4612000   321.322
4613000   320.977
4614000   320.686
4615000   313.793
4616000   311.626
4617000   310.599
4618000   316.075
4619000   311.073
4620000   310.016
4621000    318.75
4622000   323.344
4623000    317.73
4624000   324.137
4625000   320.867
4626000   327.061
4627000    320.57
4628000   321.823
4629000   314.317
4630000   315.372
4631000   314.092
4632000   321.336
4633000   318.957
4634000   314.944
4635000     311.8
4636000   316.783
4637000   314.366
4638000   308.933
4639000   313.698
4640000    316.58
4641000   316.911
4642000   313.031
4643000   319.957
4644000   317.702
4645000   322.286
4646000   324.439
4647000   323.171
4648000   321.437
4649000   325.069
4650000   323.064
4651000   321.364
4652000   322.836
4653000   321.138
4654000   320.004
4655000   325.888
4656000   323.826
4657000   320.846
4658000   317.719
4659000   318.229
4660000   319.085
4661000   321.401
4662000   317.368
4663000   325.931
4664000   322.512
4665000   330.445
4666000   323.677
4667000   319.464
4668000   322.638
4669000    326.72
4670000   322.427
4671000   320.029
4672000     320.4
4673000   314.464
4674000   311.851
4675000   315.896
4676000    314.51
4677000   311.273
4678000   310.054
4679000   314.082
4680000   312.522
4681000   313.737
4682000   320.176
4683000   321.552
4684000   320.321
4685000   314.819
4686000    315.65
4687000   312.664
4688000    307.06
4689000   316.605
4690000   318.209
4691000   310.656
4692000    310.92
4693000   315.777
4694000   321.248
4695000   318.351
4696000   309.834
4697000   308.047
4698000   316.588
4699000   317.433
4700000   315.953
4701000   310.241
4702000   314.319
4703000   317.584
4704000   319.209
4705000   315.788
4706000   303.723
4707000   306.573
4708000   309.887
4709000   317.988
4710000   320.372
4711000   312.359
4712000   310.451
4713000   312.951
4714000   312.334
4715000    315.87
4716000    319.08
4717000   316.697
4718000   315.816
4719000    312.35
4720000   310.207
4721000   313.749
4722000   308.536
4723000   314.521
4724000   309.956
4725000   313.008
4726000   307.991
4727000   312.858
4728000    310.96
4729000   311.458
4730000   314.174
4731000   316.681
4732000   312.569
4733000   315.225
4734000   318.151
4735000   322.712
4736000   320.264
4737000   318.801
4738000   317.884
4739000   315.344
4740000   312.942
4741000   306.427
4742000   311.648
4743000   310.961
4744000    309.04
4745000   309.058
4746000   310.906
4747000   309.247
4748000   312.075
4749000   314.879
4750000   315.949
4751000   315.296
4752000   308.964
4753000     304.7
4754000   306.323
4755000   312.322
4756000   315.414
4757000   307.723
4758000   311.076
4759000   321.072
4760000    317.75
4761000   314.228
4762000   317.308
4763000   313.958
4764000    315.02
4765000   313.987
4766000   319.924
4767000   317.373
4768000   312.933
4769000   317.089
4770000    320.23
4771000   318.329
4772000   313.806
4773000   310.686
4774000   313.481
4775000   313.062
4776000   313.285
4777000   314.976
4778000   315.781
4779000   314.396
4780000   315.956
4781000   313.624
4782000   313.364
4783000   310.688
4784000   315.534
4785000   317.605
4786000   311.765
4787000   309.094
4788000       310
4789000   308.349
4790000   305.197
4791000   307.301
4792000   312.649
4793000   310.243
4794000   312.563
4795000   312.162
4796000   313.594
4797000   309.687
4798000    299.88
4799000   305.896
4800000    314.16
4801000   313.323
4802000   315.523
4803000   315.563
4804000   310.679
4805000   306.957
4806000   312.188
4807000   312.852
4808000   307.932
4809000   311.929
4810000   313.966
4811000   311.691
4812000   312.265
4813000   305.651
4814000   311.865
4815000   310.445
4816000    314.43
4817000    313.62
4818000   314.068
4819000   309.795
4820000   310.343
4821000   317.872
4822000    313.98
4823000   317.464
4824000   317.898
4825000   318.061
4826000    313.03
4827000   314.244
4828000   315.668
4829000   319.135
4830000   314.918
4831000   317.862
4832000   321.097
4833000   318.344
4834000   310.482
4835000     315.5
4836000   312.717
4837000   319.267
4838000    318.97
4839000   311.879
4840000   319.443
4841000   315.404
4842000   316.434
4843000   315.576
4844000   314.103
4845000   312.104
4846000   309.437
4847000    310.42
4848000   311.674
4849000   313.747
4850000   315.901
4851000   312.587
4852000   317.843
4853000   308.037
4854000   313.127
4855000   320.882
4856000   324.221
4857000   327.318
4858000   325.587
4859000   326.313
4860000   319.243
4861000   320.751
4862000   313.833
4863000   320.836
4864000    322.45
4865000   319.848
4866000   328.452
4867000   318.137
4868000   322.097
4869000   325.594
4870000    328.32
4871000   321.797
4872000   319.374
4873000   319.112
4874000   324.795
4875000   321.546
4876000   322.358
4877000   324.511
4878000   327.968
4879000   325.492
4880000   310.945
4881000   312.517
4882000   318.096
4883000   318.436
4884000   314.627
4885000   313.354
4886000   317.077
4887000   322.676
4888000   321.455
4889000    326.35
4890000   327.762
4891000   317.193
4892000   321.756
4893000    329.17
4894000   327.375
4895000   331.741
4896000   326.144
4897000   325.702
4898000   323.469
4899000   324.821
4900000   320.547
4901000   326.169
4902000   319.618
4903000    320.13
4904000   318.513
4905000   323.608
4906000   322.608
4907000   317.116
4908000   317.018
4909000   314.636
4910000   307.652
4911000   311.239
4912000   313.157
4913000   316.678
4914000   313.015
4915000   317.868
4916000   313.107
4917000   316.703
4918000   314.117
4919000   315.485
4920000   320.068
4921000   314.143
4922000   316.453
4923000   320.757
4924000   313.519
4925000   311.277
4926000   314.252
4927000   315.639
4928000   316.221
4929000   314.583
4930000   314.782
4931000   319.411
4932000   317.194
4933000   318.356
4934000   316.812
4935000    316.11
4936000   322.301
4937000   320.272
4938000   321.691
4939000   323.994
4940000   321.019
4941000   314.684
4942000   315.563
4943000    318.22
4944000   310.446
4945000   312.339
4946000   320.059
4947000   319.011
4948000   323.168
4949000   321.559
4950000   329.991
4951000   326.569
4952000   323.381
4953000   316.606
4954000   314.213
4955000   319.677
4956000   324.359
4957000   322.709
4958000   318.205
4959000    318.64
4960000   317.127
4961000   321.577
4962000   317.644
4963000   321.517
4964000   313.628
4965000   312.568
4966000   311.538
4967000   315.057
4968000    317.85
4969000   315.548
4970000   323.417
4971000   320.353
4972000   317.853
4973000   316.296
4974000   315.329
4975000   316.067
4976000   312.303
4977000   313.173
4978000   321.888
4979000   311.457
4980000   314.659
4981000   319.383
4982000   316.367
4983000   308.803
4984000   312.357
4985000   313.605
4986000   314.323
4987000   308.087
4988000   313.991
4989000   314.639
4990000   313.542
4991000   310.714
4992000   312.408
4993000   312.263
4994000   314.461
4995000   313.883
4996000   311.952
4997000    308.72
4998000   312.663
4999000   310.973
5000000   306.728
