1000   302.343
2000   302.872
3000   302.788
4000   298.122
5000   298.947
6000   298.947
7000   297.225
8000   303.293
9000   300.723
10000   303.746
11000   304.458
12000   301.729
13000   305.312
14000   301.485
15000   303.347
16000   302.672
17000   301.504
18000   293.595
19000    290.56
20000   293.807
21000   300.789
22000   303.512
23000    307.14
24000   301.089
25000   298.353
26000   298.153
27000   300.516
28000   301.058
29000    301.75
30000   300.705
31000   299.454
32000   299.139
33000   299.502
34000   304.738
35000   306.626
36000   306.322
37000   309.449
38000   301.003
39000   303.891
40000   298.418
41000   299.131
42000   298.841
43000   300.659
44000   302.729
45000   303.315
46000   296.835
47000   306.029
48000   305.447
49000   302.909
50000   301.065
51000   303.944
52000   309.185
53000   311.954
54000   305.348
55000   302.734
56000   308.518
57000   304.299
58000   308.775
59000   305.264
60000   303.391
61000   307.984
62000   303.266
63000   301.976
64000   297.996
65000    297.02
66000   306.759
67000   306.505
68000   302.083
69000   298.507
70000   306.862
71000   298.266
72000   299.101
73000   302.132
74000   301.736
75000   302.041
76000   302.691
77000   298.706
78000   300.332
79000    303.92
80000   304.652
81000   308.446
82000   306.737
83000   308.916
84000   305.646
85000   308.991
86000   308.429
87000    301.93
88000   300.024
89000   295.711
90000   303.964
91000   301.917
92000   302.701
93000   297.825
94000   301.439
95000   298.696
96000   297.731
97000   300.523
98000   302.242
99000   305.121
100000   304.673
101000   303.121
102000   300.283
103000   304.987
104000   300.853
105000     302.7
106000   304.118
107000   303.242
108000    303.42
109000   303.826
110000   303.188
111000   308.995
112000    306.23
113000   303.486
114000   302.268
115000   304.228
116000   302.302
117000   305.039
118000   300.104
119000   304.752
120000   296.105
121000   304.558
122000   304.436
123000   308.835
124000   303.286
125000   303.021
126000   298.187
127000   297.231
128000   302.852
129000   302.311
130000   301.238
131000   301.137
132000   299.486
133000   296.506
134000   296.052
135000   290.978
136000   293.716
137000   292.527
138000   296.373
139000    293.94
140000   298.236
141000   298.986
142000   297.366
143000   295.209
144000    298.25
145000   300.862
146000   298.864
147000   298.482
148000   300.915
149000   305.562
150000   301.813
151000   301.763
152000    305.88
153000   303.756
154000   303.266
155000   305.346
156000   302.517
157000   305.015
158000    306.54
159000   300.835
160000   300.591
161000   300.043
162000   301.305
163000   301.811
164000   303.501
165000   306.017
166000   302.543
167000   305.649
168000   299.687
169000   300.725
170000   303.118
171000   302.986
172000    300.77
173000   301.644
174000   304.926
175000   300.758
176000   302.223
177000   296.994
178000   295.956
179000     298.4
180000   302.325
181000   294.062
182000   293.888
183000   289.162
184000   299.239
185000   295.293
186000   306.473
187000   300.668
188000   293.192
189000   301.936
190000   303.948
191000   301.916
192000   299.721
193000   297.351
194000   303.713
195000   300.317
196000   300.458
197000   293.331
198000   295.185
199000   301.272
200000   300.345
201000   300.819
202000   302.689
203000   298.835
204000   299.732
205000    299.87
206000   299.694
207000   303.829
208000   304.749
209000   307.999
210000   306.394
211000   304.591
212000   311.429
213000   310.991
214000   305.856
215000   304.488
216000   306.885
217000   302.116
218000    301.36
219000   296.293
220000   302.443
221000   299.398
222000   296.416
223000   299.612
224000   302.017
225000   308.206
226000     299.9
227000   308.769
228000   303.869
229000   309.906
230000    307.58
231000   301.639
232000   302.843
233000   304.519
234000   301.923
235000   290.276
236000   299.778
237000   295.786
238000    295.94
239000   297.295
240000   293.851
241000   298.112
242000   301.824
243000   301.614
244000    293.92
245000    293.94
246000   295.042
247000   301.316
248000   297.183
249000   295.019
250000   301.493
251000   298.256
252000   297.142
253000   297.475
254000   302.721
255000   306.592
256000   306.498
257000   300.724
258000   301.594
259000   296.956
260000   293.219
261000   294.465
262000   295.198
263000   305.494
264000   295.208
265000   300.281
266000   302.074
267000   300.962
268000   308.585
269000   308.042
270000    303.83
271000   306.526
272000   302.091
273000   302.319
274000   303.295
275000   302.269
276000   300.635
277000   298.779
278000   292.724
279000   295.478
280000   298.607
281000   296.793
282000   305.889
283000    310.97
284000   306.514
285000   302.766
286000   304.219
287000   307.788
288000   301.309
289000   301.201
290000   303.356
291000   302.819
292000   299.125
293000     303.3
294000   301.824
295000   303.901
296000   301.466
297000   296.561
298000   295.231
299000   301.573
300000   301.775
301000   302.749
302000   306.942
303000   306.187
304000   304.691
305000   311.287
306000   309.908
307000   305.664
308000   300.322
309000   300.072
310000   293.631
311000   292.115
312000   296.788
313000   298.189
314000   299.341
315000   300.996
316000   297.461
317000   299.573
318000   298.922
319000   292.007
320000   294.307
321000   293.053
322000   296.912
323000   296.127
324000   295.648
325000   299.264
326000   298.382
327000   294.041
328000   294.551
329000   294.495
330000   294.644
331000   299.264
332000   301.477
333000   296.458
334000   299.159
335000   302.517
336000   298.329
337000   296.414
338000   295.463
339000   294.672
340000   293.015
341000   299.495
342000   298.717
343000   290.645
344000   297.757
345000   304.674
346000   301.951
347000   297.888
348000    298.22
349000   305.157
350000   304.797
351000   298.287
352000   298.502
353000   295.011
354000   294.703
355000   296.902
356000   300.637
357000   298.675
358000   303.138
359000     298.5
360000   292.134
361000   298.332
362000   301.947
363000   302.643
364000    302.55
365000   300.672
366000   294.485
367000   295.354
368000   297.534
369000   305.346
370000   299.199
371000   302.581
372000   310.599
373000   303.902
374000   303.046
375000   307.095
376000   306.832
377000    303.05
378000   298.711
379000   296.426
380000   293.786
381000   293.202
382000   298.313
383000   301.423
384000   301.184
385000   301.573
386000   305.869
387000   305.541
388000   299.781
389000   301.563
390000   305.514
391000   302.037
392000   302.471
393000   301.776
394000   302.869
395000   303.409
396000   304.255
397000   295.282
398000   301.641
399000   303.038
400000   302.624
401000    301.66
402000   309.592
403000   309.507
404000   307.195
405000   309.576
406000   304.044
407000   304.143
408000    305.94
409000   310.004
410000   309.594
411000   305.411
412000   301.437
413000   304.541
414000   301.087
415000   304.505
416000   302.312
417000   305.266
418000   299.184
419000   298.701
420000    307.66
421000    306.14
422000   303.631
423000   302.254
424000   303.482
425000   301.896
426000   302.726
427000   295.729
428000   298.003
429000   298.278
430000   298.439
431000   298.946
432000   292.499
433000   299.824
434000   302.221
435000   301.701
436000   301.436
437000   300.758
438000   299.475
439000   297.938
440000   299.891
441000   297.229
442000   301.225
443000   295.311
444000   293.072
445000   297.871
446000    298.57
447000   297.176
448000   293.951
449000   300.397
450000    305.04
451000   300.986
452000   299.546
453000    305.57
454000   301.983
455000   301.181
456000   295.862
457000   295.833
458000   298.248
459000   299.865
460000    305.73
461000   304.561
462000   303.932
463000   305.243
464000   301.958
465000   301.552
466000   298.103
467000   297.086
468000   299.943
469000   296.124
470000   299.174
471000   295.446
472000   294.396
473000   296.642
474000   300.917
475000   299.615
476000   297.286
477000   299.176
478000   301.638
479000   307.479
480000    300.74
481000   304.768
482000   301.858
483000   294.329
484000   298.559
485000   304.476
486000   303.428
487000   309.399
488000   305.419
489000   301.332
490000    306.91
491000   299.456
492000   305.484
493000   302.212
494000   298.793
495000   297.477
496000   304.042
497000   306.945
498000   308.623
499000   307.581
500000   301.193
501000   299.556
502000   302.109
503000   302.658
504000    303.26
505000   299.846
506000   298.707
507000   301.963
508000   303.752
509000    302.59
510000   299.432
511000   299.131
512000   300.162
513000   304.634
514000   301.842
515000   301.772
516000   296.265
517000   299.748
518000   301.286
519000   304.328
520000   295.434
521000   304.004
522000    304.04
523000   303.336
524000   299.728
525000    301.81
526000   305.636
527000   303.161
528000   298.842
529000   304.279
530000   304.469
531000   299.549
532000   297.489
533000   302.271
534000   302.423
535000   310.133
536000   311.807
537000   302.281
538000   301.983
539000   300.996
540000   304.797
541000   306.055
542000   302.629
543000   302.411
544000   300.464
545000   306.663
546000   302.486
547000   305.999
548000   303.836
549000    305.52
550000   308.801
551000   308.467
552000   313.354
553000   310.403
554000   308.647
555000   307.429
556000   312.123
557000   307.946
558000   309.553
559000   310.135
560000   311.105
561000   304.038
562000   299.844
563000   301.541
564000   299.447
565000   300.707
566000   301.419
567000   302.636
568000   303.939
569000   300.334
570000   302.081
571000   299.606
572000   301.125
573000    295.89
574000   294.467
575000   302.302
576000   306.258
577000   305.405
578000   303.393
579000   304.471
580000    307.94
581000   309.497
582000   310.978
583000   307.689
584000   310.283
585000   311.754
586000   315.685
587000   317.332
588000   308.164
589000   303.706
590000   302.934
591000   304.083
592000   306.305
593000   304.671
594000   300.589
595000   297.132
596000   295.835
597000   296.943
598000   293.311
599000    296.91
600000   296.562
601000   293.403
602000   292.934
603000   294.152
604000   295.319
605000    293.85
606000   294.599
607000   302.696
608000   301.041
609000   307.402
610000   302.052
611000   296.467
612000   297.245
613000   302.431
614000   298.461
615000   300.114
616000   299.701
617000    301.29
618000   303.084
619000   299.413
620000   301.395
621000   290.504
622000    291.14
623000   295.721
624000   292.278
625000   298.115
626000   303.304
627000   306.051
628000   303.557
629000   295.168
630000   296.471
631000   304.144
632000   300.555
633000    303.49
634000   303.517
635000   301.254
636000   301.405
637000    298.56
638000   297.068
639000    299.74
640000   300.135
641000   298.898
642000   302.993
643000   300.796
644000   303.401
645000   307.612
646000   306.315
647000   305.649
648000   307.184
649000   305.658
650000   304.332
651000   306.102
652000   308.066
653000   309.681
654000   301.926
655000   307.982
656000   303.484
657000   304.476
658000   303.623
659000   304.254
660000   299.073
661000   310.486
662000   309.699
663000   307.111
664000   304.127
665000   301.861
666000   296.564
667000   301.408
668000   302.249
669000   302.112
670000   300.871
671000    304.57
672000   300.663
673000   301.404
674000   308.051
675000   310.717
676000   301.166
677000   297.564
678000   305.162
679000   300.024
680000   295.251
681000   294.597
682000    303.63
683000     312.6
684000   313.857
685000   308.791
686000    309.68
687000   307.211
688000   310.731
689000   305.675
690000   307.132
691000   309.634
692000   308.146
693000   308.329
694000   302.407
695000   304.898
696000   303.478
697000   304.314
698000   311.599
699000   304.523
700000   295.764
701000    301.68
702000    303.03
703000   303.225
704000   306.124
705000   301.986
706000   300.901
707000   300.581
708000   298.933
709000   298.467
710000   303.491
711000   305.985
712000   304.056
713000   302.081
714000   306.551
715000   304.835
716000   305.575
717000   298.284
718000   300.326
719000   293.792
720000   297.238
721000   299.352
722000   301.207
723000   306.927
724000   307.659
725000   305.428
726000    299.38
727000   302.248
728000   302.053
729000   303.666
730000   298.696
731000   296.985
732000   293.479
733000   302.388
734000   304.201
735000   303.695
736000   299.439
737000   298.616
738000   298.304
739000   294.873
740000   298.428
741000   300.943
742000   299.807
743000   303.418
744000   305.365
745000   303.013
746000   299.287
747000   301.733
748000   302.294
749000   300.745
750000   299.997
751000   296.801
752000   298.542
753000   301.315
754000   305.786
755000   302.592
756000   302.752
757000   307.351
758000   308.956
759000   299.095
760000   303.885
761000   305.501
762000   304.245
763000   307.512
764000   302.756
765000   304.155
766000   306.202
767000   299.055
768000    299.72
769000   296.907
770000   296.267
771000   297.835
772000   302.819
773000   304.648
774000   301.725
775000   297.467
776000   290.374
777000   290.664
778000   297.569
779000   301.559
780000   307.842
781000   308.772
782000   306.639
783000   310.216
784000   309.282
785000   309.399
786000   310.627
787000   304.098
788000   302.446
789000   298.638
790000   294.738
791000     302.1
792000   293.616
793000   290.277
794000   294.263
795000   299.553
796000   295.611
797000   297.128
798000   291.005
799000   294.874
800000   300.404
801000   300.432
802000   294.705
803000   299.652
804000   297.367
805000   297.314
806000   290.001
807000   294.164
808000   295.408
809000   296.727
810000   296.949
811000   298.616
812000   294.676
813000   291.807
814000   298.261
815000   303.286
816000   297.939
817000   304.805
818000   305.411
819000   302.452
820000   298.558
821000   301.292
822000   306.042
823000   305.985
824000   304.576
825000   309.972
826000   309.836
827000   304.534
828000   302.675
829000   296.009
830000   299.856
831000   295.692
832000   298.512
833000   298.263
834000   294.242
835000   292.249
836000   293.653
837000   304.625
838000   298.892
839000   302.347
840000   303.111
841000   299.881
842000    303.89
843000   301.891
844000   301.765
845000   299.365
846000   300.317
847000   298.286
848000   300.008
849000    301.29
850000   295.619
851000   301.454
852000   300.463
853000    298.98
854000   302.762
855000   297.177
856000   306.872
857000   305.941
858000   300.213
859000   301.213
860000   303.723
861000   300.058
862000   301.024
863000     305.4
864000   298.037
865000   297.093
866000   302.252
867000   300.073
868000   302.421
869000   301.222
870000   304.396
871000   303.176
872000   300.083
873000   300.567
874000   300.183
875000    298.48
876000   299.273
877000   300.386
878000   295.154
879000   294.245
880000   300.729
881000   299.371
882000   295.724
883000   302.819
884000   304.418
885000   307.795
886000   306.155
887000   305.095
888000   300.183
889000   303.094
890000   307.948
891000   302.691
892000   300.008
893000   304.109
894000   303.106
895000   303.917
896000   307.084
897000   309.703
898000   308.268
899000   305.732
900000   307.823
901000   306.217
902000   306.689
903000   306.783
904000   303.794
905000   307.139
906000   304.119
907000   307.258
908000   302.842
909000   303.356
910000   296.152
911000   300.754
912000   306.097
913000   304.759
914000   304.308
915000   298.235
916000   294.048
917000   294.229
918000   293.932
919000   300.388
920000   302.437
921000   302.224
922000   297.482
923000   298.984
924000   298.787
925000   300.716
926000   301.738
927000   302.059
928000   303.865
929000     301.6
930000   295.044
931000    292.71
932000    302.19
933000   304.144
934000   305.243
935000   305.525
936000   305.697
937000   299.951
938000   291.351
939000   296.465
940000   301.753
941000   297.544
942000   300.441
943000    297.48
944000   305.418
945000   297.948
946000    295.85
947000    300.79
948000   297.053
949000   298.665
950000   296.644
951000   292.322
952000   296.126
953000   300.903
954000   289.849
955000    290.67
956000   291.938
957000   303.143
958000   303.154
959000   303.668
960000   305.576
961000   307.885
962000   309.294
963000   315.149
964000   321.059
965000   315.992
966000   309.573
967000   304.587
968000     306.7
969000   302.525
970000   299.282
971000   304.882
972000   302.197
973000   306.092
974000   300.406
975000   302.316
976000   297.504
977000   303.036
978000   302.244
979000   305.252
980000   300.983
981000   302.718
982000   299.232
983000   304.353
984000   302.835
985000   296.575
986000   294.271
987000   295.633
988000   293.857
989000   297.042
990000   302.434
991000   300.753
992000   303.928
993000   304.136
994000   298.327
995000   302.353
996000   298.072
997000   297.663
998000   301.789
999000   297.743
1000000   302.466
1001000   301.138
1002000   302.412
1003000   300.439
1004000   302.988
1005000    300.38
1006000   297.293
1007000    300.01
1008000   299.221
1009000   300.722
1010000   298.379
1011000   299.887
1012000   301.264
1013000   306.148
1014000   304.967
1015000   299.592
1016000    297.25
1017000   295.511
1018000   295.287
1019000   294.609
1020000   294.208
1021000   295.158
1022000   294.811
1023000   294.144
1024000   299.072
1025000    297.27
1026000   303.025
1027000   305.757
1028000   307.151
1029000   302.585
1030000   302.482
1031000   302.181
1032000   304.514
1033000   303.324
1034000   305.283
1035000   302.437
1036000   302.758
1037000    298.64
1038000   299.977
1039000   298.295
1040000   299.875
1041000   297.689
1042000    298.61
1043000   300.873
1044000   299.406
1045000   300.882
1046000   299.288
1047000   297.388
1048000    305.76
1049000   306.489
1050000   306.032
1051000   310.327
1052000   300.659
1053000   302.027
1054000   302.677
1055000   296.635
1056000   308.642
1057000   304.969
1058000   304.165
1059000    309.25
1060000   298.982
1061000   294.437
1062000   293.526
1063000   296.781
1064000   301.223
1065000   298.462
1066000   300.633
1067000   303.169
1068000   307.885
1069000    305.37
1070000   302.364
1071000   300.995
1072000   304.995
1073000   302.843
1074000   299.569
1075000   296.736
1076000   296.838
1077000   297.651
1078000   295.497
1079000   296.189
1080000   290.919
1081000   295.748
1082000   294.851
1083000   300.154
1084000   300.459
1085000   295.286
1086000   297.885
1087000   289.696
1088000   286.616
1089000   296.411
1090000   289.604
1091000   298.737
1092000   300.069
1093000   300.546
1094000   300.426
1095000   296.264
1096000   295.019
1097000    300.41
1098000   300.428
1099000   305.812
1100000   305.291
1101000   311.909
1102000   309.543
1103000   309.937
1104000   307.177
1105000   307.453
1106000   304.854
1107000   303.745
1108000   298.371
1109000   298.857
1110000   300.563
1111000   302.652
1112000    297.82
1113000   303.319
1114000   306.293
1115000   303.845
1116000   301.857
1117000    295.79
1118000   294.772
1119000   298.272
1120000   296.666
1121000   302.132
1122000    291.43
1123000   295.147
1124000   298.252
1125000   301.083
1126000   303.242
1127000   306.568
1128000   308.167
1129000   307.911
1130000   309.157
1131000   305.496
1132000    307.37
1133000   303.671
1134000   296.501
1135000   298.427
1136000   302.987
1137000   301.147
1138000   299.262
1139000   293.524
1140000   296.942
1141000   303.796
1142000    307.21
1143000   306.138
1144000   300.265
1145000   301.533
1146000   298.884
1147000    299.33
1148000   301.457
1149000   306.236
1150000    298.66
1151000   295.833
1152000   298.534
1153000   296.937
1154000   293.233
1155000   299.317
1156000   300.782
1157000   298.912
1158000    305.96
1159000   306.071
1160000   307.576
1161000   306.224
1162000   305.014
1163000   304.198
1164000   306.758
1165000   301.787
1166000   301.041
1167000   304.733
1168000   310.802
1169000   305.455
1170000   301.119
1171000   298.521
1172000   299.374
1173000   300.783
1174000   306.566
1175000   307.333
1176000    302.65
1177000   297.696
1178000   300.477
1179000   299.179
1180000   301.188
1181000   302.477
1182000   301.414
1183000   302.295
1184000   301.117
1185000   304.011
1186000   302.258
1187000   304.903
1188000   303.617
1189000   305.649
1190000   302.351
1191000   298.216
1192000   300.658
1193000   297.906
1194000   297.631
1195000   301.205
1196000   294.377
1197000   296.367
1198000    301.39
1199000   307.368
1200000   301.108
1201000   303.732
1202000   301.624
1203000   304.104
1204000   305.186
1205000   305.671
1206000     303.9
1207000   303.773
1208000   302.462
1209000   303.438
1210000   304.284
1211000   303.667
1212000   308.613
1213000   299.568
1214000   296.611
1215000   295.532
1216000   299.344
1217000   298.998
1218000   300.368
1219000   303.627
1220000   305.276
1221000   304.874
1222000   305.286
1223000   301.762
1224000   303.813
1225000   294.791
1226000   293.296
1227000   298.471
1228000   296.179
1229000   299.282
1230000   302.303
1231000   303.296
1232000   296.252
1233000   300.155
1234000   300.797
1235000   296.455
1236000   300.858
1237000   296.202
1238000    300.77
1239000   294.928
1240000   295.033
1241000   301.072
1242000   301.464
1243000   299.977
1244000    299.82
1245000   297.866
1246000   305.077
1247000   299.963
1248000   298.491
1249000   294.915
1250000   297.443
1251000   298.036
1252000   300.301
1253000   303.849
1254000   304.045
1255000   306.416
1256000   305.888
1257000    306.51
1258000   304.956
1259000   303.897
1260000   301.615
1261000   298.601
1262000   296.857
1263000   300.175
1264000   305.872
1265000   308.966
1266000    300.12
1267000   302.359
1268000   302.514
1269000   307.214
1270000   308.894
1271000   312.956
1272000   308.099
1273000   306.359
1274000   299.893
1275000   302.083
1276000   301.595
1277000   301.008
1278000   301.878
1279000    298.67
1280000   297.452
1281000   297.885
1282000   295.679
1283000   293.595
1284000   297.156
1285000   298.778
1286000   295.684
1287000   296.544
1288000   301.942
1289000   303.462
1290000   301.149
1291000   301.058
1292000   301.375
1293000    296.96
1294000   298.028
1295000   301.316
1296000    296.13
1297000   298.918
1298000   303.478
1299000   300.063
1300000   301.422
1301000   303.763
1302000   304.264
1303000   304.054
1304000   301.078
1305000   301.986
1306000   306.365
1307000    305.51
1308000   303.724
1309000   307.733
1310000   301.116
1311000   298.135
1312000   294.358
1313000   302.379
1314000   302.277
1315000   297.376
1316000   300.391
1317000   299.239
1318000   302.253
1319000   300.577
1320000   296.958
1321000   298.866
1322000   297.071
1323000   297.153
1324000   294.111
1325000   293.848
1326000   297.818
1327000   295.834
1328000   293.538
1329000    299.75
1330000   300.193
1331000   298.329
1332000   298.298
1333000   299.873
1334000   302.749
1335000   301.302
1336000   297.775
1337000   294.663
1338000   299.372
1339000   295.067
1340000   291.147
1341000   295.149
1342000    299.92
1343000    302.43
1344000    300.32
1345000    299.68
1346000   297.857
1347000   296.865
1348000   299.835
1349000   298.621
1350000   299.735
1351000   295.384
1352000   297.363
1353000    296.27
1354000   298.928
1355000   303.583
1356000   301.949
1357000    299.58
1358000   294.264
1359000   295.808
1360000   293.128
1361000   301.716
1362000   296.176
1363000    299.85
1364000   297.225
1365000   289.467
1366000   289.882
1367000   294.121
1368000   299.334
1369000   298.789
1370000   297.841
1371000   296.132
1372000   293.573
1373000   291.538
1374000   292.012
1375000   296.376
1376000   291.432
1377000   291.394
1378000   285.811
1379000    283.36
1380000   293.919
1381000   295.426
1382000   290.452
1383000   289.918
1384000   296.635
1385000   300.502
1386000    300.11
1387000   298.531
1388000   303.131
1389000   300.106
1390000   301.596
1391000   295.891
1392000   297.658
1393000   296.526
1394000   297.697
1395000   301.822
1396000   302.602
1397000    301.25
1398000   300.619
1399000   304.336
1400000   301.193
1401000   305.111
1402000   300.172
1403000   294.213
1404000   300.762
1405000   304.644
1406000   297.532
1407000   297.389
1408000   303.473
1409000   306.912
1410000   307.353
1411000   307.463
1412000   300.216
1413000   293.451
1414000   293.629
1415000   295.654
1416000   294.056
1417000   297.923
1418000    293.25
1419000   295.099
1420000   300.847
1421000   297.819
1422000   305.143
1423000   301.827
1424000   299.092
1425000    304.37
1426000   306.309
1427000    305.97
1428000   308.131
1429000   304.862
1430000   306.493
1431000   304.662
1432000   306.478
1433000   306.199
1434000   294.851
1435000   301.526
1436000   301.614
1437000   309.926
1438000   308.683
1439000   303.926
1440000    300.25
1441000    305.19
1442000   311.537
1443000   313.919
1444000   313.962
1445000    303.67
1446000   302.626
1447000   298.959
1448000   304.592
1449000   310.977
1450000    306.61
1451000   305.482
1452000   302.744
1453000   299.942
1454000    296.68
1455000   303.402
1456000   305.119
1457000   302.446
1458000   295.643
1459000   295.803
1460000   292.746
1461000   293.598
1462000   303.805
1463000   300.168
1464000    297.63
1465000   302.718
1466000   299.708
1467000   296.439
1468000   299.168
1469000   302.322
1470000   298.716
1471000   299.731
1472000   295.661
1473000   294.383
1474000   295.101
1475000    298.83
1476000   297.553
1477000   305.844
1478000   296.717
1479000   301.487
1480000   304.879
1481000   303.241
1482000   299.139
1483000   302.681
1484000   300.805
1485000   305.202
1486000   304.249
1487000   294.368
1488000   294.357
1489000   295.444
1490000   293.364
1491000   294.823
1492000   297.899
1493000   292.395
1494000   293.764
1495000   301.478
1496000   294.372
1497000   298.002
1498000   298.346
1499000    300.44
1500000   302.644
1501000   300.069
1502000   302.161
1503000   297.321
1504000   293.341
1505000   298.575
1506000   303.209
1507000   308.324
1508000   306.194
1509000   299.282
1510000   291.797
1511000   291.147
1512000    298.61
1513000   292.288
1514000   289.779
1515000   293.839
1516000   304.246
1517000    300.83
1518000   298.256
1519000   297.566
1520000   297.898
1521000   300.466
1522000   292.083
1523000   297.855
1524000   289.708
1525000   293.837
1526000   285.214
1527000   286.252
1528000   292.873
1529000    286.65
1530000   292.341
1531000   297.938
1532000   300.666
1533000   296.685
1534000   289.038
1535000   291.144
1536000    290.83
1537000   290.016
1538000    292.17
1539000   298.677
1540000       297
1541000   304.965
1542000   301.962
1543000   302.908
1544000   304.449
1545000   302.039
1546000     301.2
1547000   300.201
1548000   300.762
1549000   293.971
1550000   299.119
1551000   306.676
1552000   304.148
1553000   305.798
1554000   303.334
1555000   309.093
1556000   305.609
1557000   307.813
1558000   306.328
1559000   306.495
1560000   301.686
1561000   301.689
1562000   302.486
1563000    297.54
1564000   296.928
1565000   303.046
1566000   301.974
1567000    298.87
1568000   300.638
1569000   306.718
1570000   300.567
1571000    301.95
1572000   299.898
1573000   305.332
1574000   303.278
1575000   298.889
1576000   298.947
1577000   301.284
1578000   301.108
1579000   302.607
1580000   304.791
1581000   305.662
1582000   295.798
1583000   306.318
1584000   302.363
1585000   302.404
1586000   299.285
1587000   305.093
1588000   298.022
1589000   301.291
1590000   304.739
1591000   298.189
1592000   297.829
1593000    300.12
1594000   299.483
1595000   297.035
1596000   299.053
1597000   299.113
1598000   297.844
1599000    297.33
1600000   295.782
1601000   298.076
1602000    291.44
1603000   293.389
1604000   300.213
1605000   297.395
1606000   300.199
1607000   304.198
1608000     298.4
1609000   299.511
1610000   295.128
1611000   297.165
1612000   299.786
1613000   296.552
1614000    302.33
1615000   298.381
1616000   299.466
1617000   300.779
1618000   302.972
1619000   295.972
1620000   294.347
1621000   299.763
1622000   301.502
1623000   303.791
1624000   295.066
1625000    297.48
1626000   302.158
1627000   298.082
1628000   301.968
1629000   304.019
1630000   310.345
1631000   310.309
1632000    307.61
1633000   306.616
1634000   302.089
1635000    302.97
1636000    299.37
1637000   304.219
1638000   302.635
1639000   297.497
1640000   301.114
1641000   300.972
1642000   302.514
1643000    298.17
1644000   299.797
1645000   293.352
1646000   294.551
1647000    294.28
1648000   294.294
1649000   290.886
1650000   292.194
1651000   297.199
1652000   291.497
1653000   292.635
1654000   293.941
1655000   292.206
1656000   296.787
1657000   300.774
1658000   296.901
1659000   300.527
1660000   297.766
1661000   295.945
1662000   291.699
1663000   290.899
1664000   290.551
1665000   296.473
1666000   299.221
1667000    295.06
1668000   295.204
1669000   297.392
1670000   298.774
1671000   294.817
1672000   300.074
1673000   298.849
1674000   294.706
1675000   305.055
1676000   309.978
1677000   303.784
1678000   298.524
1679000   291.684
1680000   298.397
1681000   297.437
1682000   296.653
1683000   295.085
1684000   298.346
1685000   290.752
1686000   296.437
1687000   297.395
1688000   301.411
1689000   301.095
1690000   295.482
1691000   298.956
1692000   299.291
1693000   299.043
1694000   294.263
1695000     301.3
1696000   301.745
1697000   309.652
1698000   309.167
1699000   308.089
1700000   307.195
1701000   303.445
1702000    301.34
1703000   304.258
1704000   302.716
1705000   303.979
1706000   306.536
1707000   308.478
1708000   305.529
1709000   308.516
1710000   301.746
1711000   297.449
1712000   301.483
1713000   295.069
1714000   290.597
1715000   295.468
1716000   299.634
1717000   305.851
1718000   305.705
1719000   298.788
1720000   307.737
1721000   303.119
1722000   296.293
1723000    296.97
1724000   302.259
1725000   296.714
1726000   295.511
1727000   295.075
1728000   298.821
1729000    295.27
1730000   300.173
1731000   305.097
1732000   298.349
1733000    297.34
1734000   299.647
1735000   298.786
1736000     300.6
1737000   295.494
1738000   304.058
1739000   298.863
1740000   301.417
1741000    306.38
1742000   303.799
1743000   304.948
1744000   306.517
1745000   304.139
1746000   303.318
1747000   301.741
1748000   301.612
1749000   301.476
1750000   300.631
1751000   299.749
1752000   298.804
1753000    298.85
1754000   301.223
1755000   300.884
1756000   297.477
1757000   299.411
1758000    301.43
1759000   305.714
1760000   294.181
1761000   299.458
1762000   304.989
1763000   301.805
1764000   302.096
1765000   302.826
1766000   303.856
1767000   298.414
1768000   299.948
1769000   300.324
1770000    296.39
1771000   299.907
1772000   302.032
1773000   299.127
1774000   302.102
1775000   303.336
1776000   300.914
1777000   299.341
1778000    300.03
1779000   300.335
1780000   307.374
1781000   310.153
1782000   310.567
1783000   305.742
1784000     305.1
1785000   302.873
1786000   300.986
1787000   305.437
1788000   306.043
1789000   298.915
1790000   290.169
1791000   298.951
1792000   303.845
1793000   305.373
1794000   303.172
1795000   303.549
1796000   303.881
1797000   305.755
1798000   303.883
1799000   305.741
1800000   307.178
1801000   310.578
1802000   305.218
1803000   306.333
1804000   303.049
1805000    304.84
1806000   301.604
1807000   307.036
1808000   304.476
1809000    306.66
1810000   304.293
1811000   298.699
1812000   295.134
1813000   297.138
1814000   304.662
1815000   300.292
1816000   297.373
1817000   291.948
1818000   291.443
1819000   298.404
1820000   295.663
1821000   303.138
1822000   301.822
1823000   301.649
1824000   298.104
1825000   300.066
1826000   305.401
1827000   298.347
1828000    294.81
1829000   295.783
1830000   298.035
1831000   302.473
1832000    304.35
1833000   302.815
1834000   301.576
1835000    298.52
1836000   293.999
1837000   291.433
1838000   293.139
1839000   297.287
1840000   292.762
1841000   295.165
1842000   296.518
1843000   294.472
1844000   291.701
1845000   292.026
1846000   290.382
1847000    293.51
1848000   292.026
1849000   292.553
1850000   295.391
1851000   292.313
1852000   294.626
1853000   292.483
1854000    302.05
1855000   298.352
1856000   296.517
1857000   301.992
1858000   296.309
1859000   297.397
1860000   301.072
1861000   310.136
1862000     300.7
1863000   307.375
1864000   304.419
1865000   301.563
1866000   305.495
1867000   301.732
1868000   293.799
1869000    295.05
1870000   299.959
1871000    303.32
1872000   301.041
1873000   294.718
1874000   294.968
1875000   294.701
1876000   293.372
1877000   299.832
1878000   300.744
1879000   301.053
1880000   306.197
1881000   302.078
1882000   299.007
1883000   301.181
1884000   298.932
1885000   304.417
1886000   306.404
1887000   301.951
1888000   299.917
1889000   297.449
1890000    307.03
1891000   304.223
1892000   295.314
1893000   299.098
1894000   296.995
1895000   301.845
1896000   291.827
1897000   299.511
1898000   294.244
1899000   299.334
1900000    299.53
1901000   297.813
1902000   296.926
1903000   300.735
1904000   291.519
1905000    296.62
1906000   298.568
1907000   304.256
1908000    300.08
1909000    299.93
1910000   297.037
1911000   290.269
1912000   301.581
1913000   304.292
1914000   300.271
1915000   296.298
1916000   299.574
1917000   297.552
1918000   301.465
1919000   303.344
1920000   305.467
1921000   301.328
1922000   298.455
1923000   295.207
1924000   296.932
1925000   299.007
1926000   292.652
1927000   291.845
1928000   291.898
1929000   293.608
1930000    299.68
1931000   299.136
1932000   300.089
1933000   298.493
1934000   297.563
1935000   290.769
1936000   300.687
1937000   299.607
1938000    302.87
1939000   301.683
1940000   302.716
1941000   298.693
1942000   298.741
1943000   298.317
1944000    302.15
1945000    299.24
1946000   302.077
1947000   302.511
1948000   305.275
1949000   300.886
1950000    303.18
1951000   305.698
1952000   305.399
1953000   303.777
1954000   306.347
1955000    301.43
1956000   301.222
1957000   302.439
1958000   300.959
1959000   301.778
1960000   302.125
1961000   303.881
1962000    301.18
1963000    304.81
1964000   304.177
1965000   297.397
1966000    304.28
1967000   305.241
1968000   302.451
1969000   300.218
1970000   301.423
1971000   301.259
1972000   303.376
1973000    303.74
1974000   300.623
1975000   306.098
1976000   297.141
1977000   299.834
1978000    300.97
1979000   301.046
1980000   299.765
1981000   309.124
1982000     306.7
1983000   303.353
1984000    303.81
1985000    297.88
1986000   296.468
1987000   298.721
1988000   300.754
1989000   307.391
1990000   299.956
1991000   303.731
1992000   301.005
1993000   297.647
1994000    299.02
1995000   296.552
1996000    298.15
1997000   294.671
1998000   296.526
1999000   296.332
2000000   295.395
2001000   291.592
2002000   296.282
2003000   298.574
2004000   299.671
2005000   300.626
2006000    294.68
2007000   296.904
2008000   300.252
2009000   300.088
2010000    299.72
2011000   300.693
2012000   300.303
2013000   302.334
2014000   303.936
2015000    306.82
2016000   302.139
2017000   302.369
2018000   304.142
2019000   303.429
2020000   299.268
2021000   297.762
2022000   298.037
2023000   302.359
2024000    297.77
2025000   292.102
2026000   292.948
2027000   295.481
2028000   300.685
2029000   301.066
2030000   295.473
2031000   298.433
2032000   295.127
2033000   303.715
2034000   294.908
2035000   301.061
2036000   300.838
2037000   301.835
2038000   302.737
2039000    297.86
2040000   297.217
2041000   294.344
2042000   296.331
2043000   297.573
2044000   294.784
2045000   301.012
2046000   301.323
2047000   305.058
2048000    307.85
2049000   308.501
2050000   309.158
2051000   310.529
2052000   305.427
2053000   305.793
2054000   303.413
2055000    303.09
2056000   301.854
2057000   303.175
2058000   309.197
2059000   304.982
2060000   306.378
2061000   306.869
2062000   309.152
2063000   299.758
2064000   296.506
2065000   298.119
2066000   303.691
2067000   305.854
2068000    299.67
2069000   303.361
2070000   298.408
2071000   303.598
2072000   302.759
2073000   304.764
2074000   302.604
2075000   301.127
2076000    301.22
2077000   301.667
2078000   301.824
2079000   297.795
2080000   295.336
2081000   293.916
2082000   292.674
2083000   287.246
2084000   293.667
2085000   294.592
2086000    295.29
2087000   298.016
2088000   301.375
2089000   296.844
2090000   293.092
2091000    297.18
2092000   297.781
2093000   295.961
2094000   293.188
2095000   291.139
2096000   297.754
2097000   301.219
2098000   299.412
2099000   300.758
2100000   297.214
2101000   298.942
2102000   298.702
2103000   297.725
2104000   292.816
2105000   292.879
2106000   300.732
2107000   306.439
2108000    302.11
2109000   299.065
2110000   298.441
2111000   298.543
2112000   299.711
2113000   308.311
2114000   307.023
2115000   303.768
2116000   302.012
2117000   305.499
2118000   305.256
2119000   307.715
2120000   297.679
2121000   298.152
2122000    299.52
2123000   302.265
2124000   302.106
2125000   299.669
2126000   301.324
2127000   303.079
2128000   306.302
2129000   301.543
2130000   298.587
2131000   302.275
2132000   298.331
2133000   294.737
2134000   303.176
2135000   297.285
2136000   296.023
2137000     300.2
2138000   298.616
2139000   299.432
2140000    301.45
2141000   305.205
2142000   302.948
2143000   298.227
2144000   300.852
2145000   298.334
2146000   300.426
2147000   301.849
2148000   304.912
2149000   299.142
2150000   298.437
2151000   301.646
2152000   301.593
2153000    296.55
2154000   301.107
2155000    299.56
2156000   302.248
2157000   304.333
2158000    304.97
2159000   305.544
2160000   297.481
2161000   298.708
2162000   300.669
2163000   297.301
2164000   299.743
2165000   303.397
2166000    297.98
2167000   302.089
2168000   301.432
2169000    299.08
2170000   302.336
2171000   307.016
2172000   301.419
2173000   301.644
2174000   302.408
2175000   297.121
2176000   298.856
2177000   300.389
2178000   306.822
2179000   307.132
2180000   307.424
2181000   301.127
2182000   299.158
2183000   306.489
2184000   308.946
2185000   302.063
2186000    294.41
2187000    298.27
2188000   302.491
2189000   299.383
2190000   300.031
2191000   302.307
2192000   306.818
2193000   304.403
2194000   306.327
2195000    300.76
2196000   301.606
2197000   304.123
2198000    308.58
2199000   305.358
2200000   305.352
2201000   301.879
2202000   304.976
2203000   305.176
2204000   308.762
2205000   308.783
2206000   308.306
2207000    309.12
2208000   308.301
2209000   304.517
2210000   303.824
2211000   299.983
2212000   296.252
2213000    293.02
2214000   296.402
2215000   303.077
2216000   302.366
2217000   299.865
2218000   305.517
2219000   298.254
2220000   306.669
2221000   310.693
2222000   307.421
2223000   303.263
2224000   294.561
2225000   295.589
2226000   297.437
2227000   298.393
2228000   297.138
2229000    302.35
2230000   299.326
2231000   304.285
2232000    300.56
2233000   306.189
2234000   301.256
2235000   296.583
2236000   299.664
2237000   300.834
2238000   298.357
2239000   307.038
2240000   304.964
2241000   303.663
2242000   296.453
2243000   298.837
2244000   296.833
2245000   300.408
2246000   300.268
2247000   301.948
2248000   293.654
2249000   300.932
2250000   297.647
2251000   297.526
2252000   295.751
2253000   300.644
2254000   305.982
2255000   305.911
2256000   304.334
2257000   312.218
2258000   305.087
2259000   309.224
2260000   309.247
2261000   307.477
2262000   303.839
2263000   301.906
2264000   301.041
2265000   299.993
2266000   304.509
2267000   302.252
2268000   304.652
2269000   309.894
2270000   306.323
2271000   299.755
2272000   301.373
2273000   301.684
2274000   295.125
2275000   300.348
2276000   300.824
2277000   299.257
2278000   298.073
2279000   290.934
2280000   303.264
2281000   299.361
2282000   301.543
2283000   301.626
2284000    301.94
2285000   302.007
2286000   303.229
2287000   303.346
2288000    300.67
2289000   302.937
2290000   307.018
2291000   311.133
2292000   310.245
2293000   307.453
2294000   300.502
2295000    300.46
2296000   303.206
2297000   298.297
2298000   297.873
2299000   301.648
2300000   299.514
2301000   302.473
2302000   304.869
2303000   304.165
2304000    301.99
2305000   304.244
2306000    301.65
2307000   301.542
2308000    298.81
2309000   296.937
2310000   304.325
2311000   304.893
2312000   299.808
2313000   293.846
2314000   302.338
2315000   302.525
2316000   300.029
2317000   302.569
2318000   308.161
2319000   301.823
2320000   306.438
2321000   307.537
2322000   308.116
2323000   309.983
2324000   308.162
2325000    307.54
2326000   306.934
2327000   309.059
2328000   303.481
2329000   303.422
2330000   310.211
2331000   307.065
2332000    310.72
2333000   308.685
2334000   309.285
2335000   311.437
2336000   314.658
2337000   309.112
2338000   307.834
2339000    301.28
2340000   305.796
2341000   302.318
2342000   304.797
2343000   301.893
2344000   304.922
2345000   302.107
2346000    304.32
2347000   304.429
2348000   303.864
2349000   302.895
2350000   307.361
2351000   301.035
2352000   303.941
2353000   300.929
2354000   303.649
2355000   301.643
2356000   299.363
2357000   306.323
2358000   300.307
2359000   303.456
2360000   301.298
2361000   297.685
2362000   299.115
2363000   294.062
2364000   294.386
2365000   306.612
2366000   305.567
2367000    309.39
2368000   314.413
2369000   306.739
2370000   308.307
2371000   299.094
2372000   299.565
2373000   301.437
2374000   307.178
2375000   303.933
2376000   304.716
2377000   299.949
2378000   296.608
2379000   299.264
2380000   300.619
2381000   299.423
2382000   300.724
2383000   297.099
2384000   297.591
2385000   295.486
2386000   297.569
2387000   304.635
2388000   297.725
2389000   304.229
2390000   304.197
2391000   297.772
2392000   298.965
2393000   303.605
2394000   296.739
2395000   304.633
2396000   301.291
2397000    303.54
2398000   298.728
2399000   302.382
2400000   311.808
2401000   301.765
2402000   303.082
2403000   303.234
2404000   300.121
2405000   311.609
2406000   312.261
2407000   307.202
2408000   305.376
2409000    310.39
2410000   303.343
2411000   301.639
2412000    302.44
2413000   305.073
2414000   306.206
2415000   307.094
2416000   306.559
2417000   300.949
2418000   305.081
2419000   300.726
2420000       295
2421000   298.235
2422000   291.533
2423000   293.107
2424000   301.718
2425000   300.434
2426000   297.947
2427000   304.228
2428000   300.837
2429000   302.602
2430000    299.17
2431000    294.47
2432000   296.995
2433000   295.008
2434000   296.671
2435000   300.078
2436000   303.668
2437000   306.279
2438000   310.526
2439000   305.921
2440000   299.368
2441000   300.058
2442000   305.218
2443000   306.958
2444000   308.049
2445000   304.702
2446000   303.559
2447000   304.701
2448000   302.068
2449000   300.253
2450000   302.127
2451000   305.434
2452000   303.745
2453000   302.214
2454000   300.833
2455000   304.431
2456000   308.646
2457000   301.878
2458000   295.268
2459000   301.511
2460000   302.956
2461000   297.625
2462000   298.043
2463000   294.875
2464000   294.866
2465000   303.974
2466000   298.742
2467000   296.127
2468000   298.953
2469000   297.457
2470000   304.231
2471000    304.37
2472000   305.026
2473000   306.331
2474000    300.92
2475000   303.815
2476000   303.001
2477000   298.993
2478000   297.904
2479000       299
2480000   293.603
2481000    295.25
2482000   298.482
2483000   293.698
2484000    296.87
2485000   303.586
2486000   304.259
2487000   305.623
2488000   299.353
2489000   295.352
2490000   301.183
2491000   304.545
2492000   304.249
2493000   301.309
2494000   299.033
2495000   301.463
2496000   297.702
2497000   301.953
2498000   301.819
2499000   300.744
2500000   304.198
2501000   305.101
2502000   301.944
2503000   302.729
2504000   304.389
2505000   302.929
2506000   295.567
2507000   302.769
2508000   302.678
2509000   305.845
2510000   301.774
2511000    300.34
2512000   301.537
2513000   305.025
2514000   301.064
2515000   301.528
2516000   302.836
2517000    298.33
2518000    300.15
2519000   301.506
2520000   299.752
2521000    302.33
2522000    298.41
2523000   304.785
2524000   314.028
2525000   307.558
2526000   301.872
2527000   307.209
2528000   307.889
2529000   308.876
2530000   310.484
2531000   302.528
2532000    298.54
2533000   296.548
2534000   290.553
2535000   291.565
2536000    296.78
2537000   298.254
2538000   293.907
2539000   296.392
2540000   294.913
2541000   297.463
2542000   299.451
2543000   304.295
2544000   304.062
2545000   304.485
2546000   300.711
2547000   301.816
2548000   297.283
2549000   300.214
2550000   299.489
2551000   303.026
2552000   302.052
2553000   310.224
2554000   310.998
2555000   303.637
2556000   301.008
2557000   300.748
2558000   296.771
2559000   293.562
2560000   298.295
2561000   297.539
2562000   292.751
2563000   291.973
2564000   299.664
2565000   294.786
2566000   298.298
2567000   297.616
2568000   302.563
2569000   299.163
2570000   295.413
2571000    292.38
2572000   295.585
2573000   293.485
2574000   303.099
2575000    306.97
2576000   309.084
2577000   310.121
2578000   309.442
2579000   311.246
2580000   311.134
2581000   316.902
2582000   310.207
2583000   310.472
2584000   307.314
2585000   303.085
2586000   302.084
2587000    300.41
2588000   307.363
2589000   298.932
2590000   295.855
2591000   295.658
2592000   303.152
2593000   300.833
2594000   297.307
2595000   295.965
2596000   300.483
2597000   306.866
2598000   305.725
2599000   302.998
2600000    298.52
2601000   306.152
2602000   301.603
2603000   297.194
2604000   297.587
2605000   296.759
2606000   298.873
2607000   294.705
2608000   288.308
2609000   290.193
2610000   298.069
2611000   295.686
2612000   293.078
2613000   295.968
2614000   291.148
2615000   299.338
2616000   293.643
2617000   298.287
2618000   296.398
2619000   293.246
2620000   296.322
2621000    297.27
2622000   296.108
2623000   297.256
2624000   298.291
2625000   306.217
2626000   305.277
2627000   298.126
2628000    300.36
2629000   300.505
2630000   297.198
2631000   298.972
2632000   292.934
2633000   291.435
2634000   296.399
2635000   294.031
2636000    296.88
2637000    300.22
2638000    298.93
2639000   300.186
2640000   300.498
2641000    303.43
2642000   301.382
2643000   306.835
2644000   301.026
2645000    300.83
2646000   302.119
2647000   301.478
2648000   301.132
2649000   304.486
2650000   304.899
2651000   302.332
2652000   306.092
2653000   307.941
2654000    304.61
2655000    300.54
2656000   302.512
2657000   300.003
2658000   300.702
2659000   297.614
2660000   290.316
2661000   298.141
2662000   300.189
2663000   301.368
2664000   307.278
2665000    307.35
2666000   307.734
2667000   302.652
2668000   308.833
2669000   303.309
2670000   303.282
2671000   308.443
2672000   297.741
2673000   300.691
2674000   303.478
2675000   297.555
2676000   299.029
2677000   297.317
2678000   303.193
2679000   306.559
2680000   313.708
2681000    307.93
2682000    304.42
2683000   304.906
2684000   304.722
2685000   298.538
2686000   296.349
2687000   305.226
2688000   304.286
2689000   301.877
2690000   305.943
2691000   299.015
2692000   299.273
2693000   296.424
2694000   303.826
2695000   294.278
2696000   297.603
2697000    296.99
2698000   287.785
2699000    296.06
2700000    301.85
2701000   297.373
2702000   299.311
2703000   299.962
2704000   300.636
2705000   301.062
2706000   296.519
2707000   293.913
2708000    297.16
2709000   298.744
2710000   294.807
2711000   301.502
2712000    302.45
2713000   300.583
2714000   302.791
2715000   298.123
2716000   296.336
2717000   299.661
2718000   296.529
2719000   297.886
2720000    301.84
2721000   304.035
2722000   301.219
2723000   306.635
2724000   297.816
2725000   297.746
2726000   292.311
2727000   290.204
2728000   292.549
2729000   295.352
2730000   299.424
2731000   297.587
2732000    300.29
2733000   296.765
2734000   295.507
2735000   303.215
2736000   300.712
2737000    300.84
2738000   289.547
2739000   292.871
2740000   300.597
2741000   298.467
2742000   301.694
2743000   304.807
2744000   305.069
2745000   312.493
2746000   310.105
2747000   304.128
2748000   304.844
2749000   303.309
2750000   301.344
2751000    302.03
2752000   305.101
2753000   303.235
2754000   304.189
2755000   310.168
2756000   305.135
2757000   302.476
2758000   298.402
2759000   303.542
2760000   300.129
2761000   301.219
2762000   301.672
2763000   301.749
2764000   307.497
2765000   299.285
2766000   298.993
2767000   303.433
2768000   304.391
2769000   304.491
2770000   299.549
2771000   296.301
2772000   298.521
2773000   301.726
2774000   299.941
2775000    298.42
2776000   298.991
2777000   299.747
2778000   298.279
2779000   292.984
2780000   299.968
2781000   306.674
2782000   307.378
2783000   301.824
2784000   301.815
2785000   298.626
2786000   299.857
2787000    305.79
2788000   302.118
2789000   296.807
2790000   296.491
2791000    298.42
2792000   294.436
2793000    294.06
2794000    293.62
2795000   296.372
2796000    292.21
2797000   291.801
2798000   296.564
2799000   303.867
2800000   304.361
2801000   302.695
2802000   294.943
2803000   292.279
2804000   296.685
2805000   299.357
2806000   301.757
2807000   297.418
2808000   300.721
2809000   302.342
2810000    297.51
2811000   305.327
2812000   306.903
2813000   302.719
2814000   300.051
2815000   299.409
2816000   296.264
2817000   293.104
2818000   296.072
2819000   298.858
2820000   299.673
2821000   302.822
2822000   307.017
2823000   305.209
2824000   302.383
2825000   296.522
2826000    301.14
2827000   302.711
2828000   300.156
2829000   301.248
2830000   300.026
2831000   300.223
2832000   297.537
2833000    296.04
2834000   296.001
2835000   294.253
2836000   294.151
2837000    294.32
2838000   293.215
2839000   299.868
2840000   302.185
2841000   297.235
2842000   294.471
2843000   292.314
2844000   297.114
2845000   294.082
2846000   295.061
2847000    289.84
2848000    288.79
2849000   296.558
2850000   296.018
2851000   300.662
2852000   294.787
2853000   298.402
2854000   298.894
2855000   301.373
2856000   302.464
2857000   300.282
2858000   300.753
2859000   297.555
2860000   297.344
2861000    293.84
2862000    298.35
2863000   305.599
2864000   298.842
2865000   298.407
2866000   301.606
2867000    300.88
2868000   297.132
2869000    303.56
2870000   302.791
2871000   301.092
2872000   305.757
2873000   308.084
2874000    298.05
2875000    300.55
2876000   295.103
2877000   295.583
2878000   302.527
2879000   303.351
2880000   299.439
2881000    303.95
2882000   302.333
2883000   298.859
2884000   300.385
2885000   299.013
2886000    305.79
2887000   299.871
2888000   300.631
2889000   302.937
2890000   295.608
2891000   296.599
2892000   295.863
2893000   293.353
2894000   296.632
2895000    300.63
2896000   300.163
2897000   306.002
2898000   304.999
2899000   302.832
2900000   300.465
2901000   300.537
2902000   303.315
2903000   304.435
2904000   304.157
2905000   304.095
2906000   299.961
2907000   301.989
2908000   300.505
2909000   303.836
2910000   298.754
2911000   300.612
2912000   300.494
2913000   297.786
2914000   302.964
2915000   300.486
2916000   303.977
2917000   303.466
2918000   304.672
2919000   299.446
2920000   300.972
2921000   301.694
2922000   299.923
2923000   301.019
2924000    299.08
2925000   301.239
2926000    305.74
2927000   297.892
2928000   303.247
2929000   303.681
2930000   300.509
2931000   299.301
2932000   302.201
2933000   305.348
2934000   307.243
2935000   304.945
2936000   303.446
2937000   304.256
2938000   309.891
2939000   305.799
2940000   302.278
2941000   300.789
2942000   301.722
2943000   301.062
2944000   299.845
2945000   304.373
2946000   304.028
2947000   303.168
2948000   298.902
2949000   299.602
2950000   302.325
2951000   296.479
2952000   295.164
2953000   300.362
2954000   300.378
2955000   301.156
2956000   300.591
2957000   299.056
2958000   301.455
2959000   303.539
2960000   305.682
2961000    305.79
2962000   306.821
2963000   310.238
2964000   306.036
2965000   305.419
2966000   301.686
2967000   307.886
2968000   305.047
2969000   307.966
2970000   303.827
2971000   304.599
2972000   305.321
2973000   302.556
2974000   301.123
2975000   296.711
2976000   304.866
2977000   299.166
2978000   304.098
2979000   304.169
2980000    304.92
2981000   301.151
2982000    306.99
2983000   301.849
2984000   298.385
2985000   298.505
2986000   299.132
2987000   297.834
2988000   295.618
2989000   297.061
2990000   294.075
2991000   294.465
2992000   295.295
2993000   295.301
2994000   295.981
2995000   293.032
2996000    296.49
2997000   298.774
2998000   292.948
2999000   291.954
3000000   294.125
3001000   295.928
3002000   298.364
3003000   297.111
3004000    296.96
3005000   299.009
3006000   301.846
3007000   298.592
3008000   298.909
3009000   293.521
3010000   298.027
3011000   302.238
3012000   301.922
3013000   298.842
3014000   296.481
3015000   304.101
3016000   301.988
3017000   306.845
3018000    302.98
3019000   294.459
3020000   299.135
3021000   299.122
3022000   299.707
3023000   297.198
3024000   298.398
3025000   294.702
3026000   295.126
3027000     297.8
3028000   298.418
3029000   304.212
3030000   304.256
3031000   299.111
3032000   296.141
3033000   294.024
3034000   297.606
3035000   293.636
3036000   297.698
3037000   300.482
3038000   306.942
3039000   309.157
3040000   305.853
3041000   301.988
3042000   299.994
3043000   304.145
3044000   304.178
3045000   299.725
3046000   302.901
3047000   306.695
3048000   307.282
3049000   313.464
3050000   313.216
3051000   308.163
3052000   302.889
3053000   307.046
3054000   307.744
3055000   308.198
3056000    304.49
3057000   308.674
3058000   306.145
3059000   301.179
3060000    304.07
3061000   308.408
3062000   309.294
3063000   304.715
3064000   302.996
3065000   301.906
3066000   301.653
3067000   300.387
3068000   293.572
3069000    293.63
3070000   299.503
3071000   303.461
3072000   299.689
3073000   300.441
3074000   296.664
3075000   301.309
3076000   301.432
3077000   299.516
3078000   299.933
3079000   302.572
3080000   293.837
3081000   298.097
3082000   290.697
3083000   289.825
3084000   294.628
3085000   292.845
3086000   299.084
3087000    303.99
3088000   301.498
3089000   308.998
3090000   306.024
3091000    301.12
3092000   301.562
3093000   302.262
3094000   301.979
3095000   299.372
3096000   302.963
3097000   300.306
3098000   309.417
3099000   311.124
3100000   310.074
3101000   305.533
3102000   311.114
3103000   313.137
3104000   309.822
3105000   311.077
3106000   306.574
3107000   305.715
3108000    306.02
3109000   295.742
3110000   303.149
3111000   301.126
3112000     306.8
3113000   303.053
3114000   305.677
3115000   302.822
3116000   302.915
3117000   307.569
3118000   307.585
3119000   301.784
3120000   301.091
3121000   305.161
3122000   303.398
3123000   302.643
3124000   302.815
3125000   298.482
3126000   296.074
3127000   300.545
3128000   300.856
3129000   304.693
3130000   301.755
3131000   298.675
3132000   301.617
3133000   295.331
3134000    294.14
3135000   290.325
3136000   290.473
3137000   291.817
3138000   293.778
3139000   297.708
3140000   299.753
3141000    299.73
3142000   298.417
3143000   300.125
3144000   297.607
3145000   296.202
3146000   294.707
3147000   297.731
3148000   293.254
3149000   293.702
3150000   298.832
3151000   299.954
3152000   296.334
3153000   296.221
3154000   293.896
3155000   299.307
3156000   301.778
3157000   293.593
3158000   296.317
3159000   299.817
3160000   299.386
3161000   302.509
3162000   304.123
3163000    300.94
3164000   298.587
3165000    300.03
3166000   299.643
3167000   299.556
3168000   294.841
3169000   293.488
3170000   301.314
3171000    300.49
3172000   299.558
3173000   301.594
3174000   300.621
3175000   299.316
3176000   306.265
3177000   307.573
3178000   303.894
3179000   304.146
3180000   301.106
3181000   301.207
3182000   300.405
3183000   303.054
3184000   300.023
3185000   297.023
3186000   294.819
3187000   299.718
3188000   297.712
3189000   291.726
3190000   292.556
3191000   297.818
3192000   291.365
3193000   288.518
3194000   296.186
3195000   292.112
3196000   289.352
3197000   294.611
3198000   295.308
3199000   290.958
3200000   297.169
3201000   298.733
3202000   296.975
3203000   297.273
3204000   294.438
3205000   294.132
3206000   295.824
3207000   296.653
3208000   297.639
3209000   298.106
3210000   301.441
3211000   303.147
3212000   300.397
3213000    297.45
3214000   299.917
3215000   300.096
3216000    299.24
3217000   296.243
3218000   288.927
3219000   289.434
3220000   293.991
3221000   293.656
3222000   292.542
3223000   296.679
3224000   297.588
3225000   295.259
3226000   291.169
3227000   293.579
3228000   295.851
3229000   296.658
3230000   299.012
3231000   300.582
3232000   297.996
3233000   294.204
3234000   295.469
3235000   297.899
3236000   294.853
3237000   296.116
3238000   304.012
3239000    299.92
3240000   297.943
3241000   296.429
3242000   293.323
3243000   298.782
3244000   298.706
3245000   303.374
3246000   300.577
3247000   297.332
3248000   300.266
3249000   303.847
3250000   308.285
3251000   313.808
3252000    308.17
3253000   310.624
3254000   310.485
3255000   303.911
3256000   300.633
3257000   302.582
3258000   303.073
3259000   304.436
3260000   300.964
3261000   300.209
3262000   309.051
3263000   308.104
3264000   301.469
3265000    307.82
3266000   304.357
3267000     305.9
3268000   308.005
3269000   303.119
3270000   304.723
3271000    305.04
3272000   301.574
3273000   300.466
3274000   302.924
3275000   306.639
3276000    301.56
3277000   304.942
3278000   302.632
3279000   297.648
3280000   300.038
3281000     297.3
3282000   301.592
3283000   307.453
3284000   309.531
3285000   310.593
3286000   307.687
3287000   303.298
3288000   308.118
3289000    306.89
3290000   305.602
3291000   304.707
3292000   305.354
3293000   299.584
3294000   304.246
3295000   304.885
3296000   308.141
3297000   303.298
3298000   305.088
3299000   304.239
3300000   302.241
3301000   299.524
3302000   298.949
3303000   301.477
3304000   300.091
3305000    304.82
3306000   302.643
3307000   304.784
3308000   305.248
3309000   306.243
3310000   305.618
3311000   310.747
3312000   304.296
3313000   308.716
3314000   304.424
3315000   301.562
3316000   303.486
3317000   304.654
3318000   302.041
3319000   305.947
3320000   307.983
3321000   299.077
3322000   301.521
3323000   303.008
3324000   304.811
3325000   307.413
3326000   308.377
3327000   307.251
3328000   302.121
3329000   301.068
3330000   305.443
3331000   304.084
3332000   305.977
3333000   308.513
3334000   302.956
3335000   296.166
3336000    302.49
3337000   297.978
3338000   300.853
3339000   300.922
3340000   298.328
3341000   298.851
3342000   302.796
3343000   303.145
3344000   301.132
3345000   298.664
3346000    303.08
3347000   300.642
3348000    308.41
3349000    301.07
3350000   301.492
3351000   302.311
3352000   299.531
3353000   304.364
3354000    305.77
3355000   298.132
3356000   301.551
3357000   300.443
3358000   298.155
3359000   298.011
3360000   300.122
3361000   297.765
3362000   300.349
3363000   306.446
3364000    302.84
3365000   298.019
3366000   303.178
3367000   294.337
3368000   300.183
3369000   303.211
3370000   299.432
3371000   299.364
3372000   301.471
3373000   298.704
3374000    306.02
3375000   306.652
3376000   300.732
3377000   297.669
3378000   300.735
3379000   298.283
3380000   304.765
3381000   301.307
3382000   302.415
3383000   306.459
3384000   303.514
3385000   298.746
3386000   294.653
3387000   298.834
3388000   294.763
3389000   303.905
3390000    303.61
3391000   305.935
3392000   305.028
3393000   301.447
3394000   303.779
3395000   312.243
3396000   306.757
3397000   303.339
3398000   306.147
3399000   303.464
3400000   308.784
3401000   308.826
3402000   307.639
3403000   305.422
3404000   305.318
3405000   303.982
3406000   301.842
3407000   303.594
3408000   296.611
3409000    293.18
3410000   299.541
3411000   298.528
3412000   302.668
3413000   305.811
3414000   301.873
3415000   296.378
3416000   299.135
3417000   299.675
3418000   299.233
3419000   298.074
3420000   295.142
3421000   301.151
3422000   304.461
3423000   302.794
3424000   304.877
3425000   304.984
3426000   308.947
3427000   311.791
3428000   310.219
3429000   309.122
3430000   302.784
3431000   302.418
3432000   299.553
3433000   299.558
3434000    297.87
3435000   305.581
3436000   304.545
3437000   304.589
3438000   300.737
3439000   301.199
3440000   293.046
3441000   295.582
3442000    295.38
3443000   292.677
3444000   292.255
3445000    289.31
3446000   293.492
3447000   295.685
3448000   302.974
3449000   302.547
3450000   298.557
3451000   298.204
3452000   308.766
3453000   305.069
3454000   302.121
3455000   296.699
3456000   304.757
3457000   303.474
3458000   295.707
3459000   297.826
3460000    297.75
3461000    304.11
3462000   304.248
3463000   298.648
3464000   300.741
3465000   299.613
3466000   300.164
3467000   293.126
3468000   295.227
3469000   297.342
3470000   297.198
3471000   295.984
3472000   305.702
3473000   301.584
3474000   303.741
3475000   305.996
3476000   300.299
3477000   303.427
3478000   301.833
3479000   298.472
3480000   299.409
3481000   298.851
3482000   301.642
3483000   300.721
3484000   304.904
3485000   305.596
3486000   299.622
3487000    296.16
3488000   301.482
3489000   302.624
3490000   299.414
3491000   301.682
3492000   300.848
3493000   303.332
3494000   307.117
3495000   303.503
3496000   299.579
3497000   308.924
3498000   308.423
3499000   305.353
3500000   300.521
3501000   301.095
3502000   308.576
3503000   305.338
3504000   305.026
3505000   308.793
3506000   312.659
3507000   306.041
3508000   301.961
3509000   307.592
3510000   308.899
3511000   307.177
3512000    309.05
3513000   304.496
3514000   305.234
3515000   303.973
3516000   308.816
3517000    304.68
3518000   302.549
3519000   303.842
3520000   299.908
3521000   299.006
3522000   305.953
3523000    310.22
3524000   302.253
3525000   298.218
3526000   298.338
3527000    302.66
3528000    307.79
3529000    306.28
3530000   303.477
3531000   304.251
3532000   305.073
3533000    299.65
3534000   303.052
3535000   304.465
3536000   303.325
3537000   299.261
3538000    297.15
3539000   297.836
3540000   303.934
3541000   303.282
3542000   297.685
3543000   294.417
3544000   300.421
3545000   300.899
3546000   301.061
3547000   302.363
3548000   306.783
3549000   308.922
3550000   304.092
3551000   302.245
3552000   307.462
3553000   307.008
3554000   301.029
3555000   301.822
3556000   298.855
3557000   300.347
3558000    298.28
3559000    300.34
3560000   305.123
3561000   309.795
3562000   305.563
3563000   305.562
3564000   307.617
3565000   309.625
3566000   307.931
3567000   301.914
3568000   308.619
3569000    307.71
3570000   302.576
3571000   301.426
3572000   304.144
3573000   303.315
3574000   301.956
3575000    308.84
3576000   305.375
3577000   307.581
3578000   305.627
3579000   310.317
3580000   309.451
3581000   303.162
3582000   308.184
3583000   302.996
3584000   303.737
3585000   298.364
3586000   299.106
3587000   298.995
3588000   299.304
3589000   299.183
3590000   301.338
3591000   295.151
3592000   298.188
3593000   304.237
3594000   303.385
3595000   304.262
3596000   302.155
3597000    302.28
3598000   302.111
3599000   304.629
3600000   300.019
3601000   299.335
3602000   300.893
3603000   298.843
3604000   306.099
3605000   299.837
3606000   297.805
3607000   306.219
3608000   309.469
3609000   305.864
3610000   300.389
3611000   300.904
3612000   301.482
3613000   303.414
3614000   307.263
3615000   308.124
3616000   305.683
3617000   305.093
3618000   301.114
3619000   305.996
3620000   308.019
3621000   305.628
3622000   294.161
3623000   301.432
3624000   298.911
3625000     299.2
3626000    295.57
3627000    297.35
3628000   296.901
3629000   298.714
3630000   303.943
3631000   305.516
3632000   309.604
3633000   304.725
3634000   309.522
3635000   308.665
3636000   300.987
3637000   292.206
3638000   298.661
3639000   302.207
3640000   295.633
3641000   294.126
3642000   302.441
3643000   300.553
3644000   298.135
3645000   302.328
3646000   298.928
3647000   299.274
3648000   298.267
3649000   302.742
3650000   298.107
3651000   302.071
3652000   307.362
3653000   300.269
3654000   297.818
3655000   297.448
3656000   308.103
3657000   306.859
3658000   310.673
3659000   305.766
3660000   304.981
3661000   304.118
3662000   303.917
3663000   303.902
3664000    305.03
3665000   302.423
3666000   301.264
3667000   303.996
3668000   300.597
3669000   299.371
3670000   296.348
3671000   295.691
3672000    297.71
3673000   303.561
3674000   301.825
3675000   304.582
3676000   303.737
3677000   304.175
3678000   301.581
3679000   298.934
3680000   303.464
3681000   302.261
3682000   304.257
3683000   305.348
3684000    304.15
3685000   300.684
3686000   293.411
3687000   298.017
3688000   304.734
3689000   303.739
3690000   300.668
3691000   302.337
3692000   297.973
3693000   298.218
3694000   304.138
3695000   308.492
3696000   305.846
3697000   301.815
3698000   306.948
3699000   308.091
3700000   307.993
3701000   306.529
3702000   311.465
3703000   315.225
3704000   309.777
3705000   311.771
3706000   318.543
3707000   312.025
3708000   315.868
3709000   316.288
3710000   315.325
3711000   309.187
3712000   305.298
3713000    309.36
3714000   310.422
3715000    303.72
3716000   304.694
3717000   313.942
3718000   309.373
3719000   309.973
3720000   306.556
3721000   310.058
3722000    310.59
3723000   309.136
3724000   303.749
3725000   310.956
3726000   307.362
3727000   307.735
3728000   304.661
3729000   306.811
3730000    302.13
3731000   307.775
3732000   306.148
3733000   302.531
3734000     301.2
3735000   301.022
3736000   304.258
3737000   308.307
3738000   302.463
3739000   303.727
3740000    300.15
3741000   294.286
3742000   298.486
3743000   304.132
3744000   304.633
3745000   302.399
3746000   308.371
3747000   310.591
3748000   310.458
3749000   311.837
3750000   308.512
3751000   310.932
3752000   303.448
3753000   307.035
3754000   310.745
3755000   309.566
3756000   307.617
3757000    309.03
3758000    308.52
3759000   305.844
3760000   303.606
3761000   307.559
3762000   306.415
3763000   307.802
3764000   307.393
3765000   313.129
3766000   306.968
3767000   301.346
3768000   302.402
3769000   303.771
3770000   306.167
3771000   306.389
3772000   305.235
3773000   304.909
3774000   308.327
3775000   303.782
3776000   301.866
3777000    306.68
3778000   306.442
3779000   305.491
3780000   305.573
3781000   308.735
3782000   311.387
3783000   303.648
3784000   309.856
3785000   308.965
3786000   313.425
3787000   313.242
3788000   306.075
3789000   308.622
3790000    309.53
3791000    307.47
3792000   307.799
3793000   300.593
3794000   300.525
3795000   304.208
3796000   298.351
3797000   300.112
3798000   297.902
3799000   303.306
3800000   302.834
3801000   303.257
3802000   300.363
3803000   297.786
3804000    298.53
3805000   298.429
3806000   292.903
3807000   295.108
3808000   288.084
3809000   295.107
3810000   299.084
3811000   295.289
3812000   299.789
3813000   294.961
3814000   300.259
3815000   303.893
3816000   302.947
3817000   306.045
3818000   303.795
3819000    303.08
3820000    300.23
3821000   303.495
3822000   298.658
3823000   300.394
3824000   303.274
3825000   298.163
3826000   300.846
3827000   300.221
3828000   303.065
3829000   304.526
3830000   306.326
3831000   303.111
3832000   305.672
3833000   300.331
3834000    301.94
3835000   299.019
3836000   299.957
3837000   294.681
3838000   297.401
3839000   296.682
3840000   299.766
3841000   304.521
3842000   304.282
3843000    301.28
3844000   303.492
3845000    307.89
3846000   304.642
3847000   309.392
3848000   304.465
3849000   304.273
3850000   304.602
3851000   307.749
3852000   303.027
3853000   299.087
3854000   301.742
3855000   298.606
3856000    298.67
3857000    305.08
3858000   303.048
3859000   308.694
3860000   309.051
3861000   307.709
3862000       303
3863000   305.904
3864000    306.22
3865000   309.334
3866000   305.402
3867000   307.358
3868000    305.91
3869000   302.137
3870000    304.73
3871000   300.844
3872000   303.534
3873000   302.226
3874000   300.446
3875000   302.312
3876000    299.73
3877000   307.486
3878000   302.931
3879000   301.474
3880000   302.797
3881000   299.187
3882000   301.683
3883000   298.281
3884000   305.774
3885000   298.512
3886000   299.213
3887000    294.64
3888000   297.688
3889000   293.957
3890000   294.572
3891000   289.112
3892000   287.139
3893000   291.009
3894000   289.969
3895000    291.27
3896000   297.099
3897000   298.125
3898000   295.557
3899000   301.254
3900000   303.518
3901000   305.452
3902000   308.549
3903000   308.168
3904000   302.074
3905000    303.09
3906000   303.691
3907000   304.621
3908000   305.115
3909000   300.582
3910000   297.599
3911000   299.787
3912000   305.502
3913000   304.202
3914000   304.099
3915000    303.24
3916000   306.222
3917000   305.343
3918000   297.899
3919000   298.046
3920000   300.882
3921000   301.715
3922000   303.117
3923000   300.795
3924000   303.447
3925000   303.335
3926000   299.266
3927000   304.945
3928000   299.422
3929000   302.876
3930000   297.223
3931000   303.588
3932000   302.675
3933000   301.321
3934000   304.358
3935000   306.983
3936000   306.223
3937000   305.874
3938000   304.467
3939000   301.361
3940000   295.062
3941000   291.831
3942000   295.459
3943000   293.805
3944000   294.465
3945000   295.455
3946000   291.267
3947000   290.243
3948000   295.906
3949000   290.469
3950000   293.123
3951000   291.684
3952000   292.389
3953000   294.418
3954000   294.502
3955000   294.453
3956000   290.984
3957000   293.776
3958000   295.395
3959000   295.423
3960000   296.387
3961000   293.869
3962000   294.804
3963000   304.011
3964000   300.893
3965000   299.777
3966000   301.731
3967000   300.677
3968000   298.939
3969000   300.962
3970000   302.775
3971000   302.403
3972000   294.694
3973000    296.45
3974000   291.071
3975000   297.267
3976000   296.091
3977000   298.778
3978000   295.504
3979000   293.186
3980000   294.115
3981000   304.717
3982000   306.151
3983000   302.103
3984000   305.141
3985000   299.035
3986000   302.797
3987000   299.106
3988000   299.266
3989000   299.267
3990000   296.785
3991000   295.026
3992000   293.354
3993000   297.598
3994000   292.301
3995000   297.869
3996000   292.493
3997000   289.773
3998000   292.254
3999000   293.826
4000000   291.764
4001000    296.11
4002000   297.079
4003000   303.162
4004000   298.373
4005000   304.976
4006000   299.375
4007000   301.519
4008000   298.094
4009000   308.504
4010000   305.657
4011000   303.996
4012000     305.9
4013000   303.345
4014000   298.612
4015000   300.896
4016000   301.404
4017000   297.129
4018000   300.598
4019000    297.22
4020000   297.118
4021000   296.487
4022000   304.231
4023000   298.638
4024000   302.519
4025000   306.841
4026000    300.43
4027000   296.532
4028000   300.757
4029000   301.558
4030000   298.676
4031000   300.635
4032000   303.431
4033000   301.797
4034000    299.72
4035000   296.481
4036000   292.603
4037000   292.977
4038000   292.903
4039000   294.491
4040000   302.921
4041000   301.614
4042000   300.968
4043000   302.989
4044000   300.031
4045000   299.137
4046000   304.922
4047000   297.638
4048000   295.346
4049000    294.66
4050000   297.178
4051000   305.233
4052000   309.403
4053000   310.821
4054000   303.459
4055000   298.675
4056000   302.748
4057000   301.078
4058000   301.162
4059000    296.67
4060000   295.294
4061000   301.112
4062000   299.132
4063000   299.212
4064000   299.623
4065000   297.622
4066000   301.153
4067000   306.252
4068000    298.36
4069000   294.649
4070000    295.99
4071000   299.884
4072000    302.21
4073000   299.502
4074000   300.676
4075000   300.083
4076000   300.706
4077000   302.015
4078000   302.124
4079000   300.023
4080000    303.52
4081000   300.774
4082000   302.461
4083000   305.535
4084000    305.07
4085000   298.702
4086000   308.039
4087000   306.082
4088000   300.572
4089000   304.412
4090000   302.967
4091000   300.248
4092000   298.772
4093000   302.787
4094000   300.001
4095000    297.29
4096000   296.456
4097000   299.148
4098000   306.774
4099000   309.536
4100000   306.459
4101000   306.962
4102000   304.743
4103000   300.574
4104000   307.909
4105000   312.661
4106000   306.344
4107000   304.177
4108000   300.545
4109000   297.988
4110000   301.058
4111000   306.746
4112000   309.334
4113000   302.127
4114000   302.143
4115000   298.025
4116000   292.482
4117000   294.552
4118000   299.254
4119000   299.273
4120000   300.018
4121000   293.709
4122000   302.254
4123000   302.405
4124000   300.502
4125000   295.127
4126000   297.707
4127000   298.014
4128000   299.057
4129000   303.708
4130000   302.989
4131000   303.711
4132000   304.102
4133000   304.128
4134000   303.317
4135000   300.713
4136000   296.575
4137000   297.757
4138000   293.242
4139000   297.748
4140000   294.044
4141000   297.989
4142000   297.575
4143000   300.643
4144000   294.737
4145000   294.635
4146000   293.015
4147000   300.571
4148000   296.177
4149000    298.54
4150000   302.194
4151000   308.657
4152000   306.376
4153000   305.117
4154000   309.651
4155000   305.763
4156000   299.931
4157000   296.469
4158000   302.566
4159000   303.417
4160000   304.148
4161000    299.14
4162000   298.007
4163000   300.011
4164000   293.161
4165000   301.106
4166000   307.114
4167000   300.117
4168000   301.686
4169000    306.27
4170000   303.772
4171000   300.812
4172000   300.824
4173000   303.159
4174000   296.915
4175000   300.945
4176000   299.618
4177000   301.617
4178000   303.884
4179000   306.241
4180000   301.394
4181000   297.365
4182000   297.357
4183000    297.07
4184000   295.986
4185000   295.249
4186000    292.89
4187000   299.697
4188000    290.33
4189000   297.236
4190000   299.687
4191000   300.999
4192000   309.812
4193000   304.677
4194000   298.219
4195000    295.53
4196000   300.786
4197000   298.643
4198000   297.886
4199000   304.427
4200000   305.584
4201000   300.074
4202000   298.675
4203000    297.02
4204000   298.218
4205000   301.464
4206000   304.444
4207000   296.903
4208000    304.67
4209000   299.904
4210000   297.354
4211000   298.105
4212000   302.456
4213000   303.464
4214000   306.547
4215000   309.148
4216000   308.746
4217000   305.324
4218000   301.122
4219000   304.399
4220000   307.589
4221000   305.094
4222000   300.649
4223000   296.142
4224000   298.568
4225000   299.287
4226000   303.997
4227000   302.455
4228000   302.991
4229000   305.302
4230000   302.901
4231000   301.896
4232000   309.583
4233000   299.584
4234000   301.969
4235000   300.547
4236000   299.996
4237000   302.511
4238000   303.983
4239000   302.415
4240000   296.352
4241000   299.441
4242000   303.986
4243000   300.985
4244000   296.695
4245000   300.834
4246000    300.44
4247000   307.942
4248000   300.794
4249000   303.333
4250000   300.727
4251000   305.545
4252000   305.922
4253000   308.124
4254000   304.825
4255000   302.614
4256000    302.99
4257000   303.017
4258000   302.109
4259000   310.462
4260000   312.388
4261000   308.807
4262000   309.619
4263000   310.365
4264000   306.321
4265000   307.363
4266000   305.205
4267000   304.039
4268000   298.239
4269000   298.881
4270000   300.943
4271000   305.063
4272000   306.799
4273000   304.537
4274000   300.419
4275000   296.217
4276000   304.561
4277000   308.082
4278000   310.092
4279000   307.987
4280000    302.81
4281000   307.322
4282000   300.189
4283000   304.893
4284000    302.07
4285000   299.952
4286000   303.087
4287000   306.936
4288000   309.989
4289000   308.103
4290000   307.481
4291000   301.417
4292000   302.876
4293000   301.544
4294000   302.177
4295000   305.522
4296000    310.79
4297000   304.828
4298000    300.91
4299000   303.176
4300000   305.066
4301000   305.206
4302000   302.261
4303000   304.288
4304000   301.253
4305000   299.208
4306000   296.555
4307000   301.613
4308000   307.962
4309000   303.718
4310000   303.234
4311000   303.529
4312000   305.367
4313000   299.783
4314000   303.297
4315000     303.5
4316000   303.443
4317000   303.288
4318000   301.648
4319000   302.003
4320000   302.583
4321000   300.978
4322000   303.907
4323000   301.059
4324000   295.768
4325000   297.775
4326000   298.413
4327000   298.727
4328000   294.423
4329000   295.875
4330000   299.185
4331000   304.171
4332000   302.025
4333000   296.254
4334000   301.395
4335000   297.148
4336000   292.301
4337000   296.993
4338000   291.283
4339000   292.576
4340000   296.163
4341000   301.802
4342000   300.449
4343000   302.427
4344000   301.831
4345000   307.268
4346000   308.543
4347000   305.689
4348000    307.61
4349000   310.613
4350000   306.255
4351000   305.624
4352000   304.759
4353000   303.612
4354000   303.559
4355000    309.53
4356000   306.869
4357000   306.222
4358000    302.37
4359000   301.776
4360000   305.737
4361000   307.223
4362000   300.436
4363000   303.765
4364000   305.705
4365000   305.563
4366000    305.48
4367000   307.887
4368000   302.384
4369000   296.292
4370000   293.887
4371000   299.383
4372000   302.405
4373000   305.035
4374000   298.825
4375000   303.776
4376000   303.269
4377000   301.933
4378000   303.092
4379000   299.145
4380000   304.419
4381000   299.216
4382000   299.806
4383000   299.026
4384000   297.793
4385000   297.197
4386000   297.897
4387000   295.392
4388000   297.357
4389000    298.44
4390000   300.866
4391000   297.741
4392000   298.438
4393000   300.646
4394000    300.08
4395000   299.221
4396000   299.291
4397000   299.036
4398000   294.899
4399000    298.26
4400000   300.497
4401000   299.881
4402000   305.657
4403000   303.855
4404000   303.004
4405000   299.856
4406000   303.424
4407000   300.703
4408000   301.129
4409000   296.496
4410000   298.541
4411000   303.628
4412000   307.981
4413000   305.481
4414000   303.378
4415000    296.85
4416000   298.711
4417000    300.93
4418000   306.894
4419000   305.731
4420000    308.49
4421000    316.59
4422000   311.853
4423000   315.133
4424000   309.662
4425000   307.829
4426000   302.641
4427000   304.392
4428000   304.401
4429000   305.451
4430000   300.789
4431000   306.276
4432000   309.397
4433000   304.854
4434000   308.625
4435000   310.447
4436000   308.898
4437000   309.692
4438000   310.174
4439000   305.144
4440000   308.359
4441000   312.887
4442000   304.865
4443000   304.708
4444000   299.862
4445000   302.915
4446000   299.877
4447000   296.054
4448000   301.377
4449000   302.739
4450000    302.55
4451000   301.459
4452000   299.152
4453000   296.719
4454000   298.506
4455000   297.726
4456000   304.654
4457000   306.615
4458000   299.227
4459000    299.41
4460000   299.505
4461000   300.456
4462000   300.928
4463000   298.136
4464000   298.461
4465000   299.731
4466000   304.772
4467000   298.675
4468000   301.525
4469000   301.481
4470000    300.71
4471000   299.574
4472000   299.395
4473000   303.653
4474000   307.409
4475000    308.03
4476000   308.658
4477000   303.874
4478000   294.588
4479000   294.559
4480000   302.618
4481000   301.488
4482000   299.855
4483000   301.704
4484000   300.809
4485000   298.735
4486000   301.816
4487000   307.582
4488000   311.854
4489000   305.884
4490000   302.257
4491000   296.031
4492000   296.056
4493000   302.929
4494000   302.488
4495000   299.879
4496000   296.672
4497000   297.585
4498000   301.971
4499000   305.129
4500000   306.359
4501000   308.072
4502000   304.287
4503000   304.975
4504000   308.058
4505000   303.179
4506000    301.42
4507000   300.723
4508000   300.702
4509000   301.736
4510000   299.099
4511000   307.059
4512000   301.878
4513000   304.673
4514000   301.536
4515000   302.705
4516000   304.413
4517000    295.64
4518000   295.842
4519000   298.555
4520000   302.394
4521000   305.919
4522000   306.388
4523000   305.291
4524000   296.912
4525000   302.604
4526000   298.437
4527000   302.013
4528000   298.302
4529000    297.66
4530000   305.132
4531000   304.547
4532000   309.938
4533000   309.508
4534000   308.587
4535000   312.492
4536000   312.029
4537000   307.005
4538000   303.964
4539000   307.236
4540000   312.724
4541000   311.483
4542000   308.756
4543000   305.415
4544000   305.855
4545000    309.97
4546000   304.973
4547000   295.329
4548000   298.342
4549000    302.62
4550000   307.574
4551000   306.443
4552000   299.811
4553000   301.179
4554000   300.046
4555000   302.899
4556000   300.058
4557000   300.499
4558000   307.414
4559000   305.447
4560000   302.665
4561000   300.799
4562000   298.602
4563000   299.509
4564000   295.608
4565000   296.468
4566000   306.209
4567000   307.305
4568000   306.306
4569000   301.761
4570000   300.738
4571000   300.872
4572000   297.913
4573000     298.8
4574000    303.45
4575000   303.857
4576000   301.297
4577000   302.388
4578000   301.671
4579000   302.077
4580000   305.209
4581000   304.662
4582000   311.751
4583000   307.722
4584000    301.17
4585000   311.052
4586000   300.257
4587000   305.397
4588000   306.482
4589000   308.203
4590000   317.585
4591000   307.972
4592000    298.05
4593000   301.638
4594000   300.117
4595000   301.515
4596000   298.209
4597000   295.549
4598000   295.107
4599000   298.695
4600000   303.152
4601000   302.283
4602000   302.631
4603000   306.555
4604000    302.29
4605000   306.051
4606000   305.593
4607000   304.597
4608000   303.637
4609000   308.809
4610000   304.715
4611000   307.563
4612000   304.126
4613000   296.106
4614000   294.931
4615000   296.352
4616000   300.908
4617000   299.186
4618000    295.83
4619000   297.882
4620000   300.342
4621000    298.16
4622000    300.62
4623000    302.29
4624000   299.759
4625000   298.172
4626000   297.452
4627000   301.291
4628000   298.948
4629000   297.585
4630000    299.34
4631000   305.452
4632000   302.939
4633000   306.855
4634000   302.896
4635000   300.937
4636000   308.204
4637000   310.416
4638000   307.066
4639000   308.436
4640000   302.746
4641000   305.566
4642000   302.383
4643000    300.93
4644000   303.757
4645000   305.018
4646000    304.42
4647000   306.776
4648000   301.379
4649000   302.782
4650000   302.188
4651000   298.758
4652000   302.763
4653000   300.417
4654000   300.133
4655000    297.65
4656000   300.321
4657000   307.635
4658000    301.73
4659000   294.293
4660000   300.146
4661000   300.903
4662000   303.397
4663000   304.633
4664000    302.42
4665000   304.171
4666000   300.468
4667000   305.555
4668000   302.295
4669000    301.62
4670000   298.419
4671000   293.679
4672000   298.477
4673000    297.65
4674000   302.685
4675000   303.653
4676000   296.012
4677000   300.524
4678000   305.959
4679000   307.089
4680000   310.064
4681000   305.965
4682000   306.809
4683000   309.346
4684000    311.55
4685000   303.908
4686000   309.334
4687000   311.037
4688000   308.823
4689000   304.244
4690000   304.591
4691000   299.419
4692000   301.419
4693000   303.673
4694000   305.469
4695000   301.128
4696000   303.845
4697000   306.378
4698000   302.238
4699000   298.636
4700000   300.456
4701000   301.242
4702000   298.312
4703000   291.898
4704000   294.769
4705000   292.493
4706000   291.565
4707000     297.9
4708000   297.157
4709000    300.16
4710000   298.182
4711000   299.358
4712000   300.061
4713000   299.208
4714000    301.86
4715000   294.585
4716000   297.349
4717000   295.865
4718000   305.074
4719000    301.54
4720000   301.086
4721000    298.06
4722000   298.048
4723000   299.542
4724000   299.016
4725000   301.664
4726000   302.396
4727000   302.052
4728000   301.778
4729000   303.469
4730000   303.809
4731000   300.592
4732000   297.658
4733000    296.18
4734000   298.308
4735000   299.792
4736000   302.161
4737000   301.403
4738000   295.357
4739000   297.254
4740000   298.724
4741000   294.639
4742000   300.615
4743000   300.198
4744000    301.95
4745000   302.186
4746000   304.677
4747000   303.512
4748000   304.351
4749000   306.566
4750000    313.19
4751000   307.191
4752000    308.64
4753000   310.635
4754000   310.976
4755000   308.821
4756000   300.253
4757000   302.129
4758000   297.707
4759000    300.66
4760000   302.318
4761000   302.978
4762000   304.042
4763000   305.031
4764000   292.633
4765000   294.001
4766000   299.382
4767000    300.01
4768000   295.711
4769000   300.639
4770000   300.909
4771000   298.908
4772000   306.211
4773000   297.107
4774000   298.004
4775000   297.749
4776000   298.459
4777000   297.718
4778000    297.97
4779000   304.122
4780000   300.963
4781000   297.828
4782000   300.651
4783000   304.885
4784000   302.745
4785000   303.938
4786000   302.079
4787000   305.115
4788000   310.732
4789000   310.549
4790000   307.094
4791000   309.799
4792000   303.751
4793000   305.122
4794000   299.154
4795000   302.369
4796000   297.227
4797000   305.344
4798000   303.107
4799000   304.082
4800000   303.123
4801000   302.863
4802000   306.246
4803000   310.936
4804000   306.986
4805000   314.779
4806000   315.421
4807000    310.21
4808000   308.475
4809000   304.627
4810000   303.655
4811000    296.67
4812000   300.949
4813000   297.475
4814000   293.022
4815000   294.328
4816000   289.942
4817000    294.98
4818000   294.608
4819000   299.317
4820000   303.763
4821000   306.469
4822000   309.814
4823000   307.187
4824000   307.575
4825000    306.68
4826000   301.303
4827000   301.164
4828000   299.802
4829000   301.965
4830000   300.255
4831000   298.563
4832000   295.848
4833000   300.109
4834000     296.3
4835000   295.528
4836000   298.178
4837000    298.22
4838000   302.054
4839000   298.555
4840000   298.287
4841000   299.759
4842000   299.381
4843000   294.376
4844000   292.708
4845000    292.35
4846000   292.743
4847000   291.002
4848000   293.512
4849000   294.288
4850000   301.804
4851000   301.457
4852000   296.593
4853000   297.069
4854000    299.05
4855000   295.156
4856000   295.752
4857000    290.64
4858000   296.772
4859000   298.133
4860000   296.858
4861000   297.426
4862000   299.492
4863000   301.737
4864000   305.294
4865000    302.96
4866000   300.914
4867000   301.321
4868000   301.521
4869000    307.17
4870000   302.309
4871000   309.122
4872000   301.976
4873000   305.668
4874000   298.326
4875000   304.236
4876000   301.708
4877000    303.57
4878000   300.669
4879000   297.231
4880000   302.831
4881000   305.938
4882000   306.734
4883000   300.667
4884000   296.036
4885000   296.915
4886000    297.52
4887000   299.753
4888000   302.149
4889000   298.342
4890000    303.22
4891000   302.219
4892000   306.873
4893000   306.085
4894000   298.345
4895000   302.333
4896000   300.621
4897000   301.787
4898000   303.217
4899000   295.572
4900000   296.309
4901000   303.674
4902000    300.04
4903000   304.786
4904000   304.844
4905000   301.676
4906000    302.99
4907000    304.02
4908000   308.112
4909000   306.772
4910000   309.919
4911000   311.574
4912000   306.956
4913000   305.852
4914000   304.936
4915000   303.668
4916000   302.929
4917000   307.008
4918000   306.404
4919000   302.688
4920000   299.234
4921000   300.374
4922000    292.02
4923000   290.142
4924000   297.849
4925000   298.161
4926000   293.216
4927000   298.427
4928000   296.188
4929000   293.613
4930000   300.035
4931000   296.616
4932000   303.229
4933000   298.113
4934000   301.503
4935000   304.838
4936000   303.059
4937000   298.628
4938000   301.469
4939000   302.956
4940000   308.752
4941000   305.722
4942000   308.292
4943000   304.676
4944000   302.181
4945000   302.344
4946000   308.895
4947000   311.768
4948000   312.504
4949000   298.789
4950000   299.988
4951000    306.32
4952000   302.559
4953000   299.213
4954000   296.439
4955000   297.948
4956000    299.67
4957000   297.386
4958000   301.319
4959000    303.41
4960000   305.278
4961000   310.233
4962000   306.115
4963000   306.673
4964000   302.535
4965000   306.017
4966000   302.406
4967000   306.224
4968000   300.728
4969000   305.158
4970000   305.028
4971000   299.957
4972000   302.768
4973000   302.133
4974000   302.284
4975000   301.916
4976000   298.611
4977000   305.604
4978000   314.149
4979000   314.201
4980000   308.288
4981000   311.011
4982000   311.456
4983000   308.598
4984000   309.909
4985000   303.772
4986000   307.604
4987000    309.37
4988000   312.575
4989000   305.372
4990000   309.463
4991000   308.553
4992000   313.333
4993000   312.432
4994000   304.793
4995000   304.809
4996000   310.146
4997000    311.23
4998000   305.039
4999000   306.746
5000000   302.238
