1000   304.753
2000   300.546
3000   301.631
4000   302.403
5000   308.771
6000   309.671
7000       312
8000   307.938
9000   312.479
10000   309.638
11000   308.547
12000   307.077
13000   312.441
14000   315.788
15000   309.245
16000    307.86
17000   315.394
18000   305.534
19000   308.972
20000   310.823
21000   310.795
22000   307.279
23000   307.013
24000   310.383
25000    310.95
26000   310.164
27000   308.843
28000   306.636
29000     306.7
30000   314.593
31000   316.802
32000   315.209
33000   314.826
34000   312.911
35000   314.509
36000   317.526
37000   313.934
38000   314.457
39000   317.451
40000   318.491
41000   318.754
42000   321.224
43000    318.92
44000   316.336
45000   316.765
46000   314.247
47000   316.999
48000   316.111
49000    320.48
50000   325.134
51000   317.011
52000   310.465
53000   314.476
54000   324.429
55000   319.983
56000   314.658
57000   315.401
58000   322.512
59000    318.96
60000   318.056
61000   315.637
62000   315.667
63000   317.708
64000   314.857
65000   310.853
66000   312.659
67000   317.317
68000   325.245
69000   312.764
70000   317.144
71000   319.541
72000    320.19
73000   316.459
74000    325.94
75000    327.32
76000   316.303
77000   320.516
78000    325.53
79000   317.876
80000   324.356
81000   323.703
82000   313.573
83000   315.679
84000   326.752
85000   321.921
86000   321.198
87000   319.851
88000    317.52
89000   320.801
90000   322.157
91000    319.39
92000    319.13
93000   322.478
94000   330.859
95000   325.041
96000   320.544
97000   326.383
98000   319.466
99000    319.89
100000   317.023
101000   318.516
102000   315.242
103000   322.897
104000   326.593
105000   326.557
106000   322.919
107000   323.524
108000   326.359
109000   324.193
110000   322.537
111000   323.243
112000   326.116
113000   331.348
114000   324.847
115000   329.731
116000   327.645
117000   326.704
118000   321.227
119000   320.126
120000   321.035
121000   322.411
122000   323.392
123000   322.248
124000   315.104
125000     311.3
126000   316.671
127000   323.847
128000   321.054
129000   319.308
130000   317.219
131000   315.695
132000   315.156
133000   312.972
134000   315.432
135000   319.198
136000   316.721
137000   313.841
138000   308.767
139000   318.231
140000   324.166
141000   319.294
142000    321.17
143000    316.83
144000   313.649
145000   312.387
146000   309.895
147000   311.618
148000   311.858
149000   310.071
150000   311.897
151000   311.984
152000   309.943
153000   311.489
154000   317.508
155000   314.808
156000   312.983
157000   310.194
158000   317.708
159000   320.138
160000   310.921
161000   310.992
162000   312.904
163000   309.535
164000   309.788
165000   313.957
166000   314.789
167000   315.051
168000   312.756
169000   313.098
170000   315.229
171000   318.306
172000   317.001
173000   314.716
174000   316.489
175000   315.302
176000   315.653
177000   314.281
178000   321.857
179000   317.256
180000   314.527
181000   310.353
182000   312.846
183000    314.83
184000   322.326
185000   324.774
186000   318.752
187000   319.749
188000    317.34
189000   321.742
190000    317.92
191000   311.673
192000   307.482
193000   314.631
194000   320.257
195000   318.337
196000   319.911
197000   322.811
198000   325.266
199000   328.688
200000   325.832
201000    323.12
202000   320.383
203000   324.566
204000   318.037
205000   321.043
206000     316.1
207000   317.486
208000   314.383
209000   317.543
210000   316.043
211000   320.906
212000   319.381
213000   314.859
214000   311.902
215000   307.759
216000    303.37
217000   310.697
218000   309.884
219000   310.074
220000   311.754
221000   316.029
222000   316.529
223000   314.073
224000   310.139
225000   310.877
226000    315.99
227000   308.712
228000   312.647
229000   317.074
230000   312.884
231000   310.915
232000   315.656
233000   312.476
234000   317.287
235000   315.307
236000   316.354
237000   312.124
238000   311.885
239000   312.078
240000    320.37
241000   326.166
242000   323.039
243000   324.176
244000   320.685
245000   325.007
246000   311.807
247000   312.236
248000   316.845
249000   320.897
250000   319.136
251000   324.176
252000   319.099
253000   317.723
254000   320.228
255000   322.556
256000    319.36
257000   316.446
258000    316.02
259000   314.438
260000   317.601
261000   317.573
262000   318.329
263000    313.25
264000    309.59
265000   318.551
266000   315.074
267000   314.714
268000   310.623
269000   309.311
270000   312.393
271000   322.437
272000   315.045
273000   314.093
274000   319.042
275000   321.708
276000   320.902
277000     317.9
278000   315.962
279000   318.315
280000   315.611
281000   319.263
282000   323.857
283000   319.476
284000   320.339
285000   319.761
286000   315.406
287000   314.289
288000   316.792
289000   317.063
290000    322.05
291000   317.929
292000   313.712
293000   311.805
294000   316.736
295000   314.688
296000   313.779
297000   318.727
298000   318.922
299000    324.37
300000   317.145
301000   319.477
302000   317.419
303000    316.82
304000   308.658
305000   305.451
306000   315.583
307000   313.338
308000   314.109
309000   310.379
310000   314.503
311000   317.363
312000   316.931
313000   318.801
314000   317.054
315000   318.139
316000   313.102
317000   312.229
318000   313.083
319000   314.551
320000    309.82
321000   308.108
322000   306.147
323000   310.834
324000   307.066
325000   310.257
326000    317.61
327000   313.653
328000   313.662
329000   311.237
330000   315.772
331000   313.312
332000   319.399
333000   314.253
334000    312.48
335000   317.017
336000   317.141
337000   312.033
338000   307.832
339000   314.736
340000   313.668
341000    320.28
342000   322.481
343000   318.314
344000   313.214
345000     318.3
346000   311.121
347000   310.654
348000   313.082
349000   315.409
350000   318.535
351000   312.715
352000   317.477
353000   321.735
354000   324.884
355000   318.289
356000   321.254
357000   320.874
358000   321.684
359000   323.357
360000   317.055
361000   320.133
362000   320.933
363000   322.378
364000   320.921
365000   322.053
366000   324.617
367000   324.004
368000   322.483
369000   315.092
370000   312.982
371000   313.194
372000   319.903
373000   319.222
374000   317.863
375000   324.348
376000   330.476
377000   320.435
378000   320.613
379000    318.63
380000   319.868
381000   318.054
382000   318.566
383000   324.253
384000   321.517
385000   316.968
386000   313.611
387000   311.978
388000   324.718
389000    322.05
390000   326.903
391000   319.349
392000   319.602
393000   322.008
394000   323.516
395000   321.749
396000       317
397000   319.987
398000   319.907
399000   324.543
400000   326.949
401000   319.592
402000     313.1
403000   320.781
404000   318.803
405000   321.542
406000   319.708
407000   316.979
408000   320.625
409000   320.453
410000   317.372
411000   323.197
412000   320.677
413000   320.849
414000   326.307
415000   320.413
416000   314.711
417000   316.996
418000   316.209
419000   320.965
420000   318.454
421000   320.992
422000   318.862
423000   318.149
424000   319.552
425000   320.222
426000   323.344
427000   316.527
428000   320.319
429000   322.047
430000   315.799
431000   313.263
432000   319.131
433000   319.732
434000   320.033
435000   315.627
436000   316.645
437000   316.918
438000   318.154
439000   320.016
440000    323.35
441000   319.039
442000   320.131
443000   321.999
444000    318.63
445000   317.931
446000   321.395
447000   317.124
448000   313.085
449000   316.476
450000   312.725
451000   312.575
452000   316.683
453000   318.622
454000   312.151
455000   321.243
456000   318.137
457000   317.703
458000   312.044
459000   316.437
460000   309.757
461000   312.488
462000   313.751
463000   322.901
464000   321.981
465000   320.843
466000   322.287
467000   318.592
468000   317.468
469000   315.949
470000   314.727
471000   316.668
472000   319.819
473000   319.525
474000   318.984
475000   324.663
476000   322.029
477000   319.871
478000   321.119
479000   327.871
480000   324.395
481000   320.872
482000   322.698
483000    317.21
484000   315.264
485000   317.043
486000   317.537
487000   312.435
488000   314.253
489000   315.594
490000   315.212
491000   311.069
492000   318.544
493000   317.413
494000   314.181
495000    318.97
496000    321.28
497000   321.108
498000   319.296
499000   317.188
500000   317.725
501000   324.481
502000    315.23
503000   311.978
504000   312.906
505000    318.55
506000    317.83
507000   320.438
508000   312.863
509000    314.85
510000   320.422
511000   314.757
512000   315.615
513000    319.65
514000   323.524
515000   323.874
516000   323.258
517000   327.124
518000   318.034
519000   326.044
520000   320.619
521000   320.843
522000   328.268
523000   312.938
524000   313.972
525000   315.342
526000    313.27
527000   317.247
528000   317.025
529000   316.187
530000    316.49
531000   317.121
532000   322.838
533000   310.522
534000   315.426
535000   318.539
536000   318.432
537000   318.804
538000   314.948
539000   317.733
540000   318.483
541000   317.227
542000   322.899
543000   323.291
544000   322.516
545000   316.974
546000   311.519
547000   324.303
548000   324.538
549000   317.602
550000   316.255
551000   321.209
552000   319.593
553000   320.274
554000   312.185
555000   313.156
556000   320.091
557000   318.334
558000   316.275
559000   314.658
560000   318.402
561000   319.202
562000   311.718
563000   311.332
564000   315.942
565000   310.819
566000   312.844
567000   312.724
568000   314.295
569000   314.234
570000   308.814
571000   313.792
572000   311.686
573000    309.83
574000   312.856
575000   310.843
576000   315.237
577000   320.701
578000   321.076
579000   325.351
580000   320.358
581000   316.978
582000   325.303
583000   321.451
584000    314.96
585000   315.641
586000   321.991
587000   316.925
588000   321.139
589000   318.992
590000    316.49
591000   315.325
592000   319.972
593000   318.616
594000   319.366
595000   317.076
596000   317.395
597000   318.624
598000   323.314
599000   322.732
600000    328.81
601000   328.552
602000   329.244
603000   323.732
604000   326.157
605000   329.049
606000   321.437
607000   325.276
608000   321.758
609000   325.112
610000   326.749
611000   328.478
612000   322.164
613000   324.623
614000    321.29
615000   320.957
616000   321.853
617000   317.649
618000   317.419
619000   317.079
620000   321.975
621000   321.919
622000   317.833
623000   318.944
624000   321.757
625000   321.044
626000   317.012
627000   323.126
628000    320.89
629000   316.169
630000    312.94
631000   318.601
632000   315.195
633000   315.163
634000   315.745
635000   320.295
636000   318.879
637000   317.541
638000   314.009
639000   315.846
640000    313.81
641000   313.441
642000   311.211
643000   313.878
644000   313.868
645000   318.538
646000   322.482
647000   315.691
648000   315.993
649000   315.088
650000   316.502
651000   321.934
652000   319.481
653000   316.683
654000   318.558
655000     318.1
656000   319.309
657000    318.51
658000   316.077
659000   313.783
660000   322.986
661000   327.175
662000   318.437
663000   316.639
664000   319.411
665000   315.444
666000   308.529
667000   308.584
668000   306.309
669000   308.012
670000   313.982
671000   316.269
672000   311.314
673000   319.314
674000   314.008
675000   312.057
676000   314.619
677000   320.017
678000    315.24
679000   315.496
680000   319.888
681000   327.259
682000    321.93
683000   329.929
684000   328.577
685000   325.758
686000   322.963
687000    318.98
688000   316.689
689000   316.582
690000    313.72
691000   314.843
692000   317.019
693000    318.29
694000   321.236
695000   320.324
696000   322.916
697000   321.252
698000   326.445
699000   322.984
700000   318.304
701000   315.997
702000   314.167
703000   323.901
704000   320.638
705000   323.184
706000    318.73
707000   315.761
708000   315.591
709000   314.511
710000   317.462
711000   312.392
712000   316.017
713000   315.166
714000   314.101
715000   313.292
716000   312.685
717000    312.55
718000   312.911
719000   313.901
720000   316.469
721000   314.518
722000   317.008
723000    312.46
724000   316.885
725000   313.172
726000   314.204
727000   313.956
728000   315.442
729000   316.155
730000   317.954
731000       317
732000   315.763
733000   316.856
734000   318.062
735000   316.049
736000   314.849
737000    304.88
738000   309.085
739000   314.422
740000    313.51
741000   318.593
742000   321.158
743000   318.856
744000   313.771
745000   310.663
746000   316.425
747000   321.112
748000   324.534
749000   318.192
750000    311.47
751000   315.797
752000   316.513
753000    318.98
754000   317.761
755000   321.181
756000   313.012
757000    314.47
758000   317.704
759000   316.598
760000   315.787
761000   311.872
762000   314.108
763000   312.383
764000    311.88
765000   316.155
766000   320.932
767000   316.011
768000   321.284
769000    319.88
770000   316.755
771000   311.963
772000   315.779
773000   316.965
774000   305.752
775000   311.838
776000     311.7
777000   318.166
778000   315.488
779000   319.218
780000   314.493
781000   310.494
782000   309.366
783000   320.982
784000   323.808
785000   318.492
786000   312.911
787000   322.225
788000   316.285
789000   320.874
790000   318.185
791000   314.585
792000    315.16
793000   322.414
794000   315.823
795000   310.664
796000   312.552
797000   316.576
798000   317.583
799000   321.726
800000   318.536
801000   317.831
802000   315.298
803000   315.258
804000   317.063
805000   316.537
806000   317.012
807000    323.87
808000   323.701
809000   314.492
810000   310.184
811000   311.132
812000   312.574
813000   313.718
814000   312.668
815000   316.749
816000   314.151
817000   318.492
818000   317.153
819000   321.679
820000   324.748
821000   321.531
822000   325.937
823000   324.512
824000    318.21
825000   322.444
826000   331.846
827000    324.38
828000   322.758
829000   327.505
830000   325.424
831000   326.086
832000   326.269
833000   317.505
834000   320.474
835000   322.086
836000   320.576
837000   315.358
838000   314.546
839000   315.267
840000   314.661
841000   317.954
842000   320.998
843000   312.207
844000   312.725
845000   312.665
846000   316.333
847000   323.818
848000   327.175
849000   321.596
850000   318.883
851000   321.764
852000   320.678
853000   315.307
854000   325.436
855000   322.534
856000   321.008
857000   322.667
858000   320.879
859000   315.897
860000   313.789
861000   314.694
862000   316.264
863000   314.083
864000   318.012
865000   318.064
866000   324.181
867000    318.96
868000   316.795
869000   322.246
870000   321.321
871000   317.642
872000   317.968
873000   319.959
874000   319.938
875000   318.349
876000   314.568
877000   319.788
878000   324.643
879000   324.226
880000   327.188
881000   326.189
882000   321.468
883000   312.302
884000   316.694
885000   321.678
886000   315.919
887000   314.896
888000   315.829
889000   311.408
890000   316.885
891000   323.032
892000   320.837
893000   319.282
894000   321.321
895000   316.983
896000   316.932
897000   317.355
898000   319.195
899000   318.443
900000   322.937
901000   317.321
902000   311.903
903000   311.995
904000   319.236
905000   314.596
906000    320.39
907000   321.883
908000   323.545
909000   314.648
910000   319.413
911000   319.248
912000   320.456
913000   313.083
914000   307.795
915000   311.835
916000   312.512
917000   316.385
918000   318.228
919000   315.546
920000   317.353
921000   321.344
922000   321.087
923000   316.022
924000    317.93
925000   316.491
926000   323.215
927000   319.842
928000   320.585
929000   314.865
930000   311.469
931000   309.826
932000   306.616
933000    315.89
934000   309.327
935000   315.314
936000   317.626
937000   318.081
938000   317.713
939000   314.991
940000   312.147
941000   304.242
942000   310.145
943000   310.538
944000   310.719
945000   313.787
946000   316.424
947000    314.38
948000   313.211
949000   317.622
950000   316.615
951000   316.858
952000   319.463
953000    312.74
954000   320.631
955000   320.932
956000   322.859
957000   322.325
958000   316.106
959000   313.777
960000   319.177
961000   324.077
962000   317.718
963000    321.25
964000   312.884
965000   311.588
966000   321.575
967000   318.683
968000   318.953
969000   316.728
970000   318.821
971000    313.11
972000   314.605
973000   316.114
974000   316.292
975000   317.966
976000   313.762
977000   314.865
978000   316.603
979000   313.175
980000   320.051
981000   322.458
982000   315.227
983000   318.559
984000   317.803
985000   316.078
986000   323.924
987000   330.447
988000   328.761
989000    317.81
990000   324.269
991000   328.258
992000   323.728
993000   319.824
994000   318.082
995000   323.117
996000   327.371
997000   319.254
998000   320.953
999000   329.917
1000000   324.471
1001000   324.495
1002000   318.862
1003000    327.09
1004000   327.248
1005000   316.894
1006000   320.964
1007000   323.757
1008000    319.95
1009000   325.197
1010000     324.7
1011000   317.838
1012000   320.404
1013000   319.129
1014000   320.791
1015000       321
1016000   318.342
1017000    315.19
1018000   318.744
1019000   321.966
1020000   316.515
1021000   320.847
1022000    317.16
1023000   318.947
1024000    315.09
1025000   307.245
1026000   310.165
1027000   314.123
1028000   311.092
1029000   317.297
1030000   317.565
1031000   321.332
1032000   320.296
1033000   317.535
1034000   309.758
1035000   312.562
1036000   311.351
1037000   311.879
1038000   309.059
1039000   318.063
1040000   325.363
1041000    321.03
1042000   313.943
1043000   305.742
1044000   315.467
1045000   316.367
1046000   319.054
1047000   317.382
1048000   320.715
1049000   319.518
1050000   311.609
1051000   315.835
1052000   319.011
1053000   316.651
1054000   319.068
1055000   314.103
1056000   308.977
1057000   311.291
1058000   313.375
1059000   311.826
1060000    312.59
1061000   314.208
1062000   315.433
1063000   309.021
1064000   309.238
1065000    306.65
1066000   306.669
1067000   308.235
1068000   308.096
1069000   311.968
1070000   303.426
1071000   310.086
1072000   309.227
1073000   303.823
1074000   311.645
1075000   314.035
1076000   314.914
1077000   311.361
1078000   313.877
1079000   310.127
1080000   314.953
1081000   312.465
1082000   317.611
1083000   313.779
1084000   309.858
1085000   309.331
1086000   312.809
1087000   320.025
1088000   322.027
1089000   323.958
1090000   322.196
1091000    322.79
1092000   323.569
1093000    325.27
1094000   326.934
1095000   323.807
1096000   323.472
1097000   321.968
1098000   323.619
1099000   320.332
1100000   321.997
1101000   326.388
1102000   322.607
1103000    320.68
1104000   322.602
1105000   318.923
1106000   318.444
1107000   318.725
1108000   321.788
1109000   321.877
1110000   313.701
1111000   317.124
1112000   315.565
1113000    315.48
1114000   318.487
1115000   318.392
1116000   318.163
1117000   325.398
1118000   318.153
1119000   312.005
1120000   316.258
1121000   322.229
1122000   319.102
1123000   315.259
1124000   319.972
1125000   319.632
1126000   322.319
1127000   318.564
1128000    318.38
1129000   319.454
1130000   314.516
1131000   313.147
1132000   313.125
1133000   324.946
1134000   326.616
1135000   324.102
1136000    326.81
1137000   319.754
1138000   318.179
1139000   316.725
1140000   316.961
1141000   320.043
1142000   317.528
1143000   313.925
1144000   311.384
1145000   319.714
1146000    318.23
1147000   320.728
1148000   320.682
1149000   323.588
1150000   317.228
1151000   320.104
1152000   316.497
1153000   316.567
1154000   309.022
1155000   308.063
1156000   312.942
1157000   316.516
1158000   311.199
1159000   316.726
1160000   304.839
1161000   306.093
1162000   314.056
1163000   317.549
1164000   318.368
1165000   317.992
1166000   316.724
1167000   311.353
1168000   307.552
1169000   307.382
1170000   308.141
1171000   311.974
1172000    312.04
1173000   307.631
1174000   307.582
1175000   310.971
1176000    314.44
1177000   313.728
1178000   313.695
1179000   318.887
1180000   323.904
1181000   320.126
1182000   313.127
1183000   319.836
1184000   314.183
1185000   314.043
1186000   315.467
1187000   316.283
1188000   318.751
1189000   319.051
1190000    322.37
1191000   316.466
1192000    317.01
1193000    316.48
1194000   320.438
1195000   316.624
1196000   316.016
1197000    314.85
1198000   314.002
1199000   309.326
1200000   311.325
1201000    312.61
1202000   314.132
1203000   316.299
1204000   317.365
1205000   315.864
1206000   313.628
1207000   309.769
1208000   309.148
1209000   311.327
1210000    308.49
1211000   308.336
1212000   317.628
1213000   314.864
1214000   313.123
1215000   315.175
1216000   320.694
1217000   317.404
1218000   318.358
1219000   311.149
1220000   311.213
1221000   319.216
1222000   320.729
1223000   318.417
1224000   317.737
1225000   326.665
1226000   330.757
1227000   324.081
1228000   325.631
1229000    326.88
1230000   322.575
1231000   326.001
1232000   324.885
1233000   318.596
1234000   314.783
1235000   314.214
1236000   316.424
1237000   316.505
1238000   318.797
1239000   319.441
1240000   325.299
1241000   322.639
1242000   324.221
1243000   317.843
1244000   317.548
1245000   322.856
1246000   326.213
1247000    324.68
1248000   322.063
1249000   321.623
1250000   315.437
1251000   313.925
1252000   317.639
1253000   314.212
1254000   318.135
1255000   325.533
1256000   323.345
1257000   324.566
1258000   319.349
1259000   319.397
1260000   315.407
1261000   312.657
1262000   307.784
1263000   312.075
1264000   309.358
1265000   315.734
1266000   317.093
1267000   315.286
1268000   313.887
1269000   313.469
1270000   314.693
1271000   317.389
1272000   316.819
1273000   318.733
1274000    319.61
1275000   319.105
1276000   322.904
1277000   318.526
1278000   319.191
1279000   319.617
1280000   326.621
1281000   316.037
1282000   318.413
1283000   323.321
1284000   325.144
1285000   313.124
1286000   312.496
1287000   315.168
1288000   315.334
1289000   318.074
1290000   316.907
1291000   311.747
1292000   315.562
1293000    309.67
1294000   319.735
1295000   318.755
1296000   315.645
1297000    313.92
1298000   308.711
1299000   310.046
1300000   320.287
1301000   318.993
1302000   313.714
1303000   314.747
1304000   316.758
1305000   316.689
1306000   313.155
1307000   315.898
1308000   320.132
1309000   321.703
1310000   315.661
1311000   317.779
1312000   316.045
1313000   318.485
1314000   313.692
1315000   321.908
1316000   318.028
1317000   311.207
1318000   316.829
1319000   320.498
1320000     317.6
1321000   318.267
1322000    321.57
1323000   318.911
1324000   312.106
1325000   313.311
1326000   316.928
1327000   318.586
1328000   317.244
1329000   311.884
1330000   317.788
1331000   318.267
1332000   318.512
1333000   317.142
1334000    312.37
1335000   312.848
1336000   318.358
1337000   315.383
1338000   315.964
1339000   320.872
1340000   321.821
1341000   316.987
1342000   317.913
1343000    324.59
1344000   319.979
1345000    316.49
1346000   323.989
1347000   317.267
1348000   309.678
1349000   317.406
1350000   325.688
1351000   322.619
1352000   321.699
1353000   321.254
1354000   311.067
1355000    312.28
1356000   312.963
1357000   311.768
1358000   305.461
1359000   313.752
1360000   311.176
1361000   313.212
1362000    312.89
1363000   317.312
1364000   316.199
1365000   313.093
1366000   314.322
1367000   315.338
1368000   319.172
1369000   315.525
1370000   318.711
1371000   319.411
1372000   313.187
1373000   319.078
1374000    317.15
1375000   318.138
1376000   319.463
1377000   323.983
1378000   324.308
1379000   318.893
1380000    320.62
1381000   317.046
1382000   316.328
1383000   311.901
1384000   314.484
1385000   310.047
1386000   312.411
1387000   315.665
1388000   318.649
1389000   316.834
1390000   315.992
1391000   313.154
1392000   315.081
1393000   315.814
1394000   314.562
1395000   317.336
1396000   316.655
1397000   315.798
1398000   308.825
1399000   310.787
1400000   309.463
1401000   309.993
1402000   311.482
1403000   309.751
1404000   316.717
1405000    316.09
1406000   314.198
1407000   312.551
1408000   317.097
1409000   319.992
1410000   318.189
1411000   321.754
1412000   314.845
1413000   312.363
1414000   313.775
1415000   308.989
1416000   315.307
1417000   320.881
1418000   316.606
1419000   309.531
1420000   306.885
1421000   303.976
1422000   311.256
1423000    309.63
1424000   314.209
1425000   321.699
1426000   315.186
1427000   315.905
1428000   312.793
1429000   314.663
1430000   317.434
1431000   317.754
1432000   315.607
1433000    311.72
1434000   320.776
1435000   328.058
1436000   330.087
1437000   319.816
1438000     317.6
1439000   322.607
1440000   319.117
1441000   317.918
1442000   322.523
1443000   325.617
1444000   317.329
1445000   315.755
1446000   315.424
1447000   317.261
1448000       316
1449000   312.769
1450000   314.729
1451000   315.143
1452000   314.008
1453000   310.224
1454000   312.472
1455000   313.269
1456000   313.797
1457000   315.662
1458000   311.529
1459000   306.248
1460000   303.682
1461000   301.837
1462000   309.741
1463000   310.336
1464000   312.799
1465000   312.666
1466000   310.109
1467000   314.347
1468000   316.653
1469000   317.917
1470000   318.231
1471000   314.739
1472000   315.647
1473000   312.804
1474000   316.212
1475000   315.367
1476000   321.074
1477000    316.21
1478000   320.982
1479000   324.674
1480000   324.217
1481000   328.692
1482000   327.622
1483000   327.714
1484000   330.625
1485000   325.335
1486000   322.075
1487000   328.806
1488000   325.676
1489000   326.407
1490000   323.645
1491000   323.866
1492000   324.024
1493000   323.439
1494000   321.968
1495000   326.976
1496000   325.069
1497000   323.275
1498000    324.38
1499000   324.997
1500000   327.728
1501000   332.469
1502000   334.481
1503000   323.261
1504000   317.087
1505000   319.159
1506000   320.379
1507000   315.356
1508000   317.732
1509000   326.876
1510000   324.755
1511000    320.13
1512000       321
1513000   326.182
1514000   322.736
1515000   323.865
1516000   323.587
1517000   323.909
1518000   322.314
1519000   321.731
1520000   321.985
1521000   325.666
1522000   323.175
1523000    322.47
1524000     325.4
1525000   321.229
1526000   322.837
1527000   322.395
1528000   325.003
1529000   324.301
1530000   324.209
1531000   327.473
1532000   322.487
1533000   320.199
1534000   324.829
1535000   326.063
1536000   324.604
1537000   330.791
1538000   330.295
1539000   324.609
1540000   323.679
1541000   320.743
1542000   323.708
1543000    323.16
1544000   319.827
1545000   318.501
1546000   315.836
1547000   321.212
1548000   317.763
1549000   319.199
1550000   315.622
1551000   318.131
1552000     316.2
1553000   315.181
1554000   316.706
1555000   314.063
1556000   321.338
1557000   319.602
1558000   319.099
1559000   326.792
1560000   328.169
1561000   328.088
1562000   326.989
1563000   322.705
1564000   323.324
1565000   328.027
1566000    323.97
1567000   317.176
1568000   315.566
1569000   317.842
1570000   320.112
1571000   324.667
1572000    321.69
1573000   321.293
1574000   316.904
1575000   316.943
1576000   316.665
1577000   316.958
1578000    321.23
1579000   323.749
1580000   322.778
1581000   316.788
1582000   318.566
1583000    322.15
1584000   317.518
1585000    311.16
1586000   315.248
1587000   320.034
1588000   315.229
1589000   318.575
1590000   316.048
1591000   319.786
1592000   313.943
1593000   316.284
1594000   313.661
1595000   316.534
1596000   312.456
1597000   320.515
1598000   320.182
1599000   321.148
1600000   317.827
1601000    318.52
1602000   321.503
1603000   320.697
1604000   321.266
1605000   317.891
1606000   318.322
1607000   321.738
1608000   321.759
1609000   321.645
1610000   318.151
1611000   319.692
1612000   318.776
1613000   320.701
1614000   321.339
1615000   316.247
1616000   318.443
1617000    319.34
1618000   318.733
1619000   320.551
1620000   318.636
1621000   317.959
1622000   324.107
1623000   321.007
1624000   321.682
1625000   321.432
1626000   316.775
1627000   310.392
1628000   308.692
1629000   315.242
1630000   315.687
1631000   319.835
1632000   318.735
1633000   315.654
1634000   317.327
1635000   323.007
1636000   320.587
1637000    323.67
1638000   320.047
1639000   319.293
1640000   325.153
1641000   320.842
1642000   319.088
1643000   324.069
1644000   318.114
1645000   315.377
1646000   324.257
1647000   323.342
1648000   322.812
1649000    327.85
1650000   326.466
1651000   324.949
1652000   325.026
1653000   327.603
1654000   323.806
1655000   314.177
1656000    329.64
1657000   321.873
1658000   320.678
1659000   325.148
1660000   323.061
1661000   323.564
1662000   322.968
1663000   317.692
1664000   318.958
1665000   317.916
1666000   312.433
1667000   319.038
1668000   318.215
1669000   318.279
1670000    313.33
1671000   316.847
1672000    320.42
1673000   321.369
1674000    317.88
1675000   312.392
1676000   321.379
1677000    322.64
1678000   320.338
1679000   318.028
1680000   319.992
1681000   315.561
1682000   316.498
1683000   308.735
1684000   311.754
1685000   309.752
1686000   313.137
1687000   323.305
1688000   319.113
1689000   311.713
1690000   315.244
1691000   313.777
1692000   314.765
1693000   320.612
1694000   319.005
1695000   316.808
1696000   319.002
1697000   314.958
1698000   314.845
1699000   309.593
1700000   308.536
1701000   307.765
1702000   312.713
1703000   313.144
1704000   316.534
1705000     310.3
1706000   312.128
1707000   315.376
1708000   315.975
1709000   317.161
1710000   322.645
1711000   316.883
1712000   317.864
1713000   314.661
1714000   311.149
1715000   310.179
1716000   311.121
1717000   316.602
1718000    312.24
1719000   312.679
1720000   316.973
1721000   316.112
1722000    308.47
1723000   307.098
1724000    309.04
1725000   312.287
1726000   309.502
1727000   311.975
1728000   316.903
1729000    320.88
1730000   318.293
1731000   315.416
1732000   316.822
1733000   314.956
1734000   318.108
1735000   314.723
1736000   314.533
1737000    315.18
1738000   315.631
1739000   320.085
1740000   322.648
1741000    328.21
1742000   326.652
1743000   325.833
1744000   327.026
1745000   322.509
1746000   319.807
1747000   316.175
1748000   319.195
1749000   321.408
1750000   318.576
1751000    314.91
1752000   322.325
1753000   324.047
1754000    320.08
1755000   321.099
1756000   325.941
1757000   321.441
1758000   322.366
1759000   327.167
1760000   321.977
1761000    324.66
1762000   323.808
1763000   319.359
1764000   312.689
1765000   317.256
1766000    318.03
1767000   319.398
1768000    315.34
1769000   318.922
1770000   317.188
1771000    314.89
1772000     319.6
1773000    318.42
1774000   320.315
1775000   313.416
1776000    314.28
1777000   309.959
1778000   314.389
1779000   317.017
1780000   316.722
1781000   310.827
1782000   310.059
1783000   316.687
1784000    319.54
1785000    316.11
1786000   312.857
1787000   313.411
1788000   318.813
1789000   321.606
1790000    321.33
1791000   316.788
1792000   312.974
1793000   316.783
1794000   316.335
1795000   317.189
1796000    315.57
1797000    313.08
1798000   314.491
1799000   316.553
1800000   318.674
1801000   317.244
1802000   321.714
1803000   319.191
1804000   319.618
1805000   313.157
1806000   313.399
1807000   322.185
1808000    318.19
1809000   314.454
1810000   311.852
1811000    310.72
1812000   314.435
1813000   312.883
1814000   311.621
1815000   311.065
1816000   308.974
1817000   318.142
1818000   318.579
1819000   315.636
1820000   315.209
1821000   316.089
1822000    310.14
1823000   311.042
1824000   307.611
1825000   311.431
1826000   312.212
1827000   316.866
1828000   314.479
1829000   316.156
1830000   322.099
1831000   323.197
1832000   321.133
1833000    319.38
1834000    323.83
1835000   323.531
1836000   324.198
1837000   319.728
1838000   319.123
1839000   325.818
1840000   321.911
1841000   323.255
1842000   326.055
1843000   320.206
1844000   318.063
1845000    317.58
1846000    316.04
1847000   318.686
1848000    322.86
1849000   320.976
1850000   313.714
1851000   318.379
1852000   316.371
1853000   316.354
1854000   318.537
1855000   326.926
1856000   321.063
1857000    318.37
1858000   320.395
1859000   322.252
1860000   325.173
1861000   323.695
1862000    323.35
1863000    320.81
1864000   324.507
1865000   327.433
1866000    325.01
1867000   325.483
1868000   332.297
1869000   323.622
1870000   318.846
1871000   320.121
1872000   327.202
1873000   327.321
1874000   332.835
1875000   326.665
1876000   326.737
1877000   326.485
1878000   328.223
1879000   323.897
1880000   320.736
1881000   328.029
1882000   327.826
1883000   327.084
1884000   326.084
1885000   328.799
1886000   325.871
1887000   315.981
1888000    317.54
1889000   315.255
1890000   320.615
1891000   318.927
1892000   321.326
1893000   325.426
1894000   321.348
1895000   326.616
1896000   319.909
1897000   315.088
1898000    316.23
1899000   321.041
1900000   319.176
1901000   313.057
1902000   315.388
1903000   315.871
1904000   320.152
1905000   317.538
1906000   316.117
1907000   322.164
1908000   317.161
1909000   318.572
1910000   319.531
1911000   321.647
1912000   318.391
1913000   324.972
1914000   318.395
1915000   317.624
1916000   318.221
1917000   320.423
1918000   318.362
1919000   311.872
1920000   301.606
1921000   308.586
1922000   307.356
1923000   306.243
1924000   308.289
1925000   319.298
1926000    322.91
1927000   323.751
1928000   327.564
1929000   324.825
1930000   324.789
1931000   321.898
1932000   316.434
1933000   320.066
1934000    319.21
1935000   322.154
1936000   322.653
1937000   321.119
1938000   313.404
1939000   317.252
1940000   313.564
1941000   311.305
1942000   312.569
1943000   314.762
1944000   311.426
1945000   318.214
1946000    322.46
1947000   322.733
1948000   312.193
1949000   315.329
1950000   315.247
1951000   313.684
1952000   308.184
1953000   319.827
1954000   316.592
1955000   322.495
1956000   321.568
1957000   320.885
1958000   318.482
1959000   320.024
1960000   311.784
1961000   308.233
1962000   309.776
1963000   309.216
1964000   313.169
1965000   315.477
1966000   311.777
1967000   319.264
1968000   318.634
1969000   317.123
1970000   316.105
1971000   314.633
1972000   315.235
1973000   315.086
1974000   314.008
1975000    318.44
1976000   319.188
1977000   315.378
1978000   317.267
1979000   319.022
1980000   318.659
1981000    317.76
1982000   325.241
1983000   331.766
1984000   324.054
1985000   328.972
1986000   322.972
1987000   322.393
1988000   315.294
1989000   318.953
1990000   320.031
1991000   316.528
1992000   313.885
1993000   322.128
1994000   324.727
1995000   317.213
1996000   317.064
1997000   316.512
1998000   321.053
1999000   324.943
2000000   328.152
2001000   320.613
2002000    317.61
2003000   325.257
2004000   321.059
2005000   316.896
2006000   312.189
2007000   307.032
2008000   308.728
2009000   317.175
2010000   318.898
2011000    323.37
2012000   317.854
2013000   319.434
2014000   319.058
2015000   319.085
2016000   322.599
2017000    322.48
2018000   319.002
2019000   315.838
2020000   319.512
2021000   315.887
2022000   320.693
2023000   321.387
2024000   320.393
2025000   314.647
2026000   316.665
2027000   324.186
2028000   319.878
2029000   318.465
2030000   316.687
2031000   321.888
2032000   318.857
2033000   322.049
2034000   320.992
2035000   324.399
2036000   316.862
2037000   319.863
2038000   321.385
2039000    325.02
2040000   322.321
2041000   326.442
2042000   320.622
2043000   312.835
2044000   317.271
2045000   316.775
2046000   321.171
2047000   325.771
2048000   320.043
2049000   320.835
2050000   323.801
2051000   320.421
2052000   318.488
2053000   319.066
2054000   313.998
2055000   313.844
2056000    309.32
2057000   310.059
2058000   312.659
2059000    314.75
2060000   316.003
2061000   316.168
2062000   316.193
2063000   316.785
2064000   315.466
2065000   319.033
2066000    324.44
2067000   323.479
2068000   328.683
2069000   317.714
2070000   319.284
2071000    323.67
2072000   326.123
2073000   325.291
2074000   322.184
2075000   329.239
2076000    325.62
2077000   321.231
2078000   323.337
2079000   333.978
2080000   320.965
2081000   324.442
2082000   326.087
2083000   320.632
2084000    324.67
2085000   329.281
2086000    332.19
2087000   325.461
2088000   329.247
2089000   328.908
2090000   328.523
2091000   327.855
2092000    326.31
2093000   322.226
2094000   326.381
2095000   321.065
2096000   323.815
2097000   320.128
2098000   314.017
2099000    312.18
2100000   318.419
2101000   322.303
2102000   318.959
2103000   317.709
2104000   317.645
2105000    315.34
2106000   314.812
2107000   316.184
2108000    317.83
2109000   321.538
2110000   320.946
2111000   322.728
2112000   320.107
2113000   326.496
2114000   326.343
2115000    325.39
2116000   328.643
2117000   324.444
2118000    317.41
2119000   316.726
2120000   318.794
2121000   316.445
2122000   316.019
2123000   312.268
2124000    317.19
2125000   314.963
2126000   318.014
2127000   313.567
2128000   322.096
2129000   321.024
2130000   318.694
2131000   321.536
2132000   320.959
2133000   322.505
2134000   321.011
2135000   323.008
2136000   324.222
2137000   322.948
2138000   317.878
2139000   323.692
2140000   323.095
2141000   323.571
2142000   322.751
2143000   322.175
2144000    322.04
2145000   323.877
2146000   316.718
2147000   323.525
2148000   320.593
2149000   317.821
2150000   319.264
2151000   327.312
2152000   335.675
2153000   327.832
2154000   324.221
2155000   323.955
2156000   323.393
2157000   321.615
2158000   323.908
2159000   318.255
2160000   321.761
2161000   322.524
2162000   319.967
2163000   322.289
2164000   324.486
2165000   327.987
2166000   325.528
2167000    319.45
2168000   318.957
2169000   314.161
2170000   310.408
2171000   311.479
2172000   318.916
2173000   319.017
2174000   323.377
2175000   325.417
2176000   318.211
2177000   323.749
2178000   320.907
2179000   319.997
2180000   319.522
2181000   322.775
2182000   325.528
2183000   324.899
2184000   318.194
2185000    316.93
2186000   316.596
2187000   314.833
2188000   320.351
2189000   320.875
2190000   318.845
2191000   330.856
2192000   329.331
2193000   327.946
2194000   329.627
2195000   323.316
2196000   326.144
2197000    322.36
2198000   319.225
2199000   321.899
2200000   320.105
2201000   317.015
2202000   316.812
2203000   318.606
2204000   319.032
2205000   319.679
2206000   328.102
2207000    323.47
2208000    316.67
2209000   310.273
2210000   320.301
2211000   313.487
2212000   315.869
2213000   317.083
2214000   322.374
2215000   318.212
2216000   320.749
2217000    318.82
2218000   321.288
2219000   322.495
2220000   320.552
2221000    314.66
2222000   313.544
2223000   317.436
2224000   322.051
2225000   321.072
2226000   321.337
2227000   325.289
2228000   320.143
2229000   320.803
2230000   320.798
2231000   317.799
2232000   318.019
2233000   314.207
2234000   320.578
2235000   321.692
2236000   321.056
2237000   325.424
2238000   330.591
2239000    330.73
2240000   329.927
2241000   330.516
2242000   325.752
2243000   321.878
2244000    320.46
2245000   322.317
2246000   317.498
2247000   326.231
2248000   321.554
2249000   321.364
2250000   326.223
2251000   328.891
2252000   330.005
2253000    330.52
2254000   327.598
2255000   323.167
2256000    324.33
2257000   329.222
2258000   327.605
2259000   328.198
2260000   323.433
2261000   327.814
2262000   316.629
2263000   322.117
2264000    321.14
2265000   316.314
2266000   313.391
2267000   319.498
2268000   318.532
2269000   319.846
2270000   320.716
2271000   317.574
2272000   317.189
2273000     316.9
2274000   319.712
2275000    323.09
2276000   327.137
2277000   320.154
2278000   314.305
2279000   316.338
2280000    321.05
2281000   325.181
2282000    330.39
2283000   325.407
2284000   328.952
2285000   322.377
2286000   314.938
2287000   314.314
2288000    309.62
2289000   315.354
2290000   320.255
2291000   321.647
2292000   318.061
2293000   316.814
2294000    318.35
2295000   320.331
2296000    319.65
2297000    322.68
2298000   320.779
2299000   322.947
2300000   316.996
2301000   317.351
2302000   314.331
2303000   323.156
2304000   319.646
2305000   319.985
2306000   322.682
2307000   316.804
2308000   314.272
2309000   319.254
2310000   323.981
2311000   327.543
2312000   326.276
2313000   329.146
2314000   320.556
2315000   321.617
2316000   321.133
2317000   324.392
2318000   320.707
2319000   313.978
2320000   317.747
2321000   318.524
2322000   321.171
2323000   312.822
2324000   312.897
2325000   311.447
2326000   310.808
2327000   319.725
2328000    314.49
2329000   310.775
2330000   316.454
2331000    321.86
2332000   317.104
2333000   315.571
2334000   311.739
2335000   319.354
2336000   319.069
2337000   314.946
2338000   316.696
2339000   317.584
2340000   316.989
2341000   317.306
2342000    319.61
2343000   326.035
2344000   321.459
2345000   320.174
2346000   326.338
2347000   320.916
2348000   318.909
2349000   317.493
2350000    320.06
2351000   313.009
2352000   318.503
2353000   314.609
2354000   318.061
2355000   316.881
2356000    316.21
2357000   321.989
2358000   313.868
2359000   311.166
2360000   314.188
2361000   315.989
2362000   318.076
2363000   326.421
2364000   323.418
2365000   319.949
2366000   322.624
2367000   324.061
2368000   321.962
2369000   320.304
2370000   322.079
2371000    319.61
2372000   323.459
2373000   319.097
2374000    313.85
2375000   315.982
2376000   314.728
2377000   317.843
2378000   319.708
2379000   320.238
2380000   324.137
2381000    317.14
2382000   318.038
2383000   320.015
2384000   317.375
2385000   315.025
2386000   318.855
2387000   318.627
2388000   320.175
2389000   314.907
2390000   318.241
2391000   317.397
2392000    318.03
2393000    314.59
2394000   320.468
2395000   312.994
2396000   318.227
2397000   316.649
2398000   317.263
2399000   322.738
2400000   323.018
2401000    318.66
2402000   326.831
2403000   320.026
2404000   313.027
2405000    308.16
2406000   312.909
2407000   315.616
2408000   313.868
2409000   308.104
2410000   309.838
2411000   310.021
2412000   311.155
2413000   312.848
2414000   311.846
2415000   311.844
2416000   315.182
2417000   312.958
2418000   309.794
2419000    314.91
2420000   323.635
2421000   323.752
2422000   322.642
2423000   320.471
2424000   323.084
2425000   323.555
2426000   322.021
2427000   324.127
2428000   320.073
2429000    323.87
2430000   320.657
2431000   324.604
2432000    326.79
2433000   324.898
2434000   322.648
2435000     320.8
2436000   318.707
2437000    319.37
2438000   317.555
2439000   323.786
2440000   325.116
2441000   329.689
2442000   321.958
2443000   323.212
2444000    321.81
2445000   321.578
2446000   322.819
2447000   319.759
2448000   317.836
2449000   322.559
2450000   316.736
2451000   318.591
2452000    319.65
2453000   315.145
2454000   321.728
2455000   322.931
2456000   323.087
2457000   323.408
2458000   317.801
2459000   318.361
2460000   317.352
2461000   321.705
2462000   323.246
2463000   326.104
2464000   318.826
2465000   315.524
2466000   318.229
2467000   318.442
2468000    322.53
2469000   326.612
2470000   324.609
2471000   323.476
2472000   322.626
2473000   318.136
2474000   315.556
2475000   317.858
2476000   316.381
2477000   318.412
2478000   320.316
2479000   324.363
2480000   322.424
2481000   319.011
2482000    317.32
2483000   324.477
2484000   320.963
2485000   320.613
2486000   323.467
2487000   320.609
2488000   323.458
2489000     314.8
2490000   319.615
2491000   315.553
2492000   313.691
2493000   318.055
2494000    315.87
2495000   314.334
2496000   318.613
2497000   314.478
2498000   319.336
2499000   317.913
2500000   312.793
2501000   313.297
2502000   311.774
2503000   320.386
2504000   314.806
2505000   312.952
2506000   319.284
2507000   315.459
2508000   311.387
2509000   310.455
2510000   297.927
2511000   302.408
2512000   306.864
2513000   308.046
2514000   313.499
2515000   318.841
2516000   317.468
2517000    310.12
2518000   308.646
2519000   310.545
2520000   312.869
2521000   311.876
2522000   318.022
2523000   318.171
2524000   316.651
2525000   315.931
2526000   318.912
2527000   316.689
2528000   314.426
2529000   319.972
2530000   321.308
2531000   314.453
2532000   314.123
2533000   316.017
2534000   320.767
2535000   322.834
2536000   324.542
2537000   320.778
2538000   315.572
2539000   321.657
2540000   322.495
2541000   325.834
2542000   328.415
2543000   329.437
2544000   327.902
2545000   325.702
2546000   320.711
2547000   316.898
2548000   313.586
2549000   318.315
2550000    315.51
2551000   318.853
2552000   322.605
2553000   316.905
2554000   310.111
2555000   319.475
2556000   322.868
2557000   321.237
2558000    320.04
2559000   317.555
2560000   310.898
2561000   316.951
2562000   318.498
2563000   319.141
2564000   314.865
2565000   312.167
2566000   315.956
2567000   310.566
2568000   314.257
2569000   317.212
2570000   320.645
2571000   321.093
2572000   313.462
2573000   314.833
2574000   318.655
2575000   320.993
2576000   319.974
2577000    321.59
2578000   316.713
2579000   314.784
2580000   315.496
2581000   314.934
2582000   311.407
2583000   316.402
2584000   314.379
2585000   309.297
2586000   312.102
2587000   314.503
2588000   313.125
2589000   309.416
2590000   316.852
2591000   315.974
2592000   325.533
2593000   323.265
2594000   320.898
2595000   318.225
2596000   312.526
2597000   317.296
2598000   319.659
2599000    319.12
2600000   320.123
2601000   321.013
2602000   327.373
2603000   329.514
2604000   326.205
2605000   324.983
2606000    322.46
2607000   322.183
2608000   325.342
2609000   329.647
2610000   327.505
2611000   326.213
2612000   331.727
2613000    324.91
2614000   326.232
2615000   327.094
2616000    330.01
2617000   320.178
2618000   321.017
2619000    328.18
2620000   316.244
2621000   317.098
2622000   315.413
2623000   318.104
2624000   316.531
2625000   321.952
2626000   317.005
2627000   315.647
2628000   325.845
2629000   316.714
2630000   311.669
2631000   311.721
2632000   310.749
2633000    309.78
2634000   312.428
2635000   316.614
2636000   316.317
2637000   316.899
2638000   313.695
2639000   312.813
2640000   307.759
2641000   314.305
2642000   318.826
2643000    315.47
2644000   317.775
2645000    318.55
2646000   312.488
2647000   316.562
2648000   317.916
2649000   313.002
2650000   311.093
2651000   313.579
2652000   314.824
2653000   311.654
2654000   318.526
2655000   315.682
2656000   317.036
2657000   315.738
2658000   316.865
2659000   324.611
2660000   326.083
2661000   319.791
2662000   317.184
2663000   322.583
2664000   325.729
2665000    328.92
2666000   328.142
2667000   327.011
2668000   318.186
2669000   322.978
2670000   318.817
2671000   316.911
2672000    317.79
2673000   316.946
2674000   317.222
2675000   316.785
2676000   310.733
2677000   309.583
2678000   317.239
2679000    315.46
2680000   318.788
2681000   313.698
2682000   314.254
2683000   321.224
2684000   312.947
2685000   311.665
2686000    315.49
2687000   312.006
2688000   313.735
2689000   315.822
2690000   318.759
2691000   320.498
2692000    321.82
2693000   322.953
2694000   324.966
2695000   321.301
2696000   321.587
2697000   323.763
2698000   320.915
2699000   320.828
2700000   319.375
2701000   323.122
2702000   321.804
2703000   323.025
2704000   321.694
2705000    317.38
2706000   324.084
2707000   320.976
2708000   320.043
2709000   322.335
2710000   327.781
2711000   323.044
2712000   318.417
2713000   322.852
2714000   321.374
2715000   320.145
2716000   321.561
2717000   316.919
2718000   318.125
2719000   318.327
2720000     316.8
2721000   316.304
2722000   319.552
2723000   314.703
2724000   319.495
2725000    318.24
2726000   316.225
2727000   313.584
2728000   316.748
2729000   319.494
2730000   316.928
2731000   319.192
2732000   319.031
2733000   322.088
2734000   316.575
2735000   316.708
2736000   320.757
2737000   324.254
2738000   326.591
2739000   323.118
2740000   322.266
2741000   321.627
2742000   322.389
2743000   319.616
2744000   316.467
2745000   311.196
2746000   311.772
2747000    317.54
2748000   318.768
2749000   317.015
2750000   314.847
2751000   317.505
2752000   313.122
2753000   314.322
2754000   327.211
2755000   320.436
2756000   314.225
2757000   314.339
2758000   313.012
2759000   313.652
2760000   313.848
2761000   315.056
2762000   310.152
2763000   314.941
2764000    310.94
2765000   313.562
2766000   313.769
2767000   311.945
2768000    313.59
2769000   310.375
2770000   306.913
2771000   317.569
2772000   318.988
2773000   318.216
2774000   323.684
2775000   324.814
2776000   323.043
2777000   328.937
2778000    323.63
2779000   319.757
2780000   319.645
2781000   324.731
2782000   319.014
2783000   318.397
2784000    313.53
2785000   312.225
2786000   312.208
2787000   314.396
2788000   318.589
2789000   324.363
2790000   324.616
2791000   323.948
2792000   324.189
2793000   319.062
2794000   320.205
2795000   319.634
2796000   320.773
2797000   318.698
2798000   318.848
2799000   317.622
2800000   319.491
2801000   317.974
2802000   319.165
2803000   314.491
2804000   310.261
2805000   315.298
2806000   307.194
2807000    309.37
2808000   314.648
2809000   313.556
2810000   314.293
2811000   317.498
2812000    314.67
2813000   309.382
2814000   305.914
2815000   304.763
2816000   314.981
2817000   314.145
2818000   315.349
2819000   312.009
2820000   315.095
2821000   319.618
2822000    318.99
2823000   321.717
2824000   312.902
2825000   320.962
2826000   324.237
2827000   320.524
2828000   318.875
2829000   315.757
2830000   318.512
2831000   319.419
2832000    319.32
2833000   320.474
2834000    317.24
2835000   317.088
2836000   316.188
2837000   311.417
2838000   312.513
2839000   318.537
2840000   307.541
2841000    306.37
2842000   310.873
2843000   313.664
2844000   316.342
2845000    310.67
2846000   313.778
2847000   311.152
2848000   315.869
2849000   313.318
2850000   311.042
2851000    318.62
2852000   319.761
2853000   323.519
2854000   319.122
2855000   322.208
2856000    323.64
2857000   320.486
2858000   320.453
2859000   320.075
2860000   315.264
2861000   317.615
2862000    312.93
2863000   311.344
2864000   313.419
2865000   315.706
2866000   313.823
2867000   314.148
2868000   314.303
2869000   317.613
2870000   315.587
2871000   313.266
2872000   320.667
2873000   313.007
2874000   318.709
2875000   319.279
2876000   318.868
2877000   322.204
2878000   322.512
2879000   326.954
2880000   326.134
2881000    326.12
2882000   319.627
2883000   320.988
2884000   319.774
2885000   320.552
2886000   318.723
2887000   317.254
2888000   318.227
2889000   321.363
2890000   328.818
2891000   325.097
2892000   322.925
2893000   324.646
2894000   322.604
2895000   324.608
2896000   326.499
2897000   327.383
2898000   331.224
2899000   331.196
2900000   329.664
2901000   332.136
2902000   327.403
2903000   330.127
2904000   331.651
2905000    331.94
2906000   336.949
2907000   335.204
2908000   327.783
2909000   329.733
2910000   326.208
2911000   322.569
2912000    328.58
2913000   325.941
2914000   322.365
2915000    329.41
2916000   324.442
2917000   323.319
2918000   322.863
2919000   314.442
2920000   319.709
2921000   320.917
2922000   320.736
2923000   318.583
2924000   313.922
2925000   318.583
2926000   317.884
2927000   308.447
2928000   310.015
2929000   311.009
2930000   317.103
2931000    315.91
2932000   315.027
2933000   312.926
2934000   310.928
2935000   314.036
2936000   326.053
2937000   325.979
2938000   316.391
2939000   324.118
2940000   328.447
2941000   324.613
2942000   317.263
2943000   318.422
2944000    323.54
2945000   316.873
2946000   320.109
2947000   325.591
2948000   324.344
2949000   318.956
2950000   318.562
2951000   319.182
2952000   318.101
2953000   323.761
2954000   319.812
2955000   320.519
2956000   322.333
2957000   323.232
2958000   323.268
2959000   320.916
2960000    320.07
2961000   311.188
2962000   321.355
2963000    322.64
2964000   318.254
2965000   317.666
2966000   316.679
2967000   322.758
2968000   311.846
2969000   314.192
2970000    315.11
2971000   315.785
2972000   317.279
2973000   312.995
2974000   318.682
2975000   321.006
2976000   320.547
2977000   317.107
2978000    314.43
2979000   315.857
2980000   321.973
2981000   320.978
2982000   327.946
2983000   325.255
2984000   322.158
2985000   315.664
2986000   315.787
2987000   316.676
2988000   322.113
2989000   315.923
2990000   315.813
2991000   312.661
2992000   320.539
2993000   314.429
2994000   315.607
2995000   314.058
2996000   315.418
2997000   316.506
2998000   319.079
2999000   320.539
3000000   318.807
3001000   322.597
3002000   321.378
3003000   324.121
3004000   320.776
3005000    323.68
3006000   318.628
3007000   315.344
3008000   316.625
3009000   317.974
3010000   321.511
3011000   313.532
3012000   306.184
3013000   304.777
3014000   309.676
3015000   309.319
3016000    315.85
3017000   311.537
3018000   315.567
3019000   312.462
3020000   309.379
3021000   319.225
3022000   320.265
3023000   318.337
3024000   318.041
3025000   321.482
3026000   321.144
3027000   313.493
3028000   320.629
3029000   320.971
3030000   314.976
3031000    311.27
3032000   315.716
3033000   318.597
3034000   316.667
3035000   318.435
3036000   320.938
3037000   318.126
3038000   321.786
3039000   321.501
3040000   317.611
3041000   320.299
3042000   321.526
3043000   315.669
3044000   322.669
3045000   322.059
3046000    320.05
3047000   321.142
3048000   317.462
3049000   321.695
3050000    319.43
3051000   315.982
3052000   313.854
3053000   322.706
3054000   323.841
3055000   317.558
3056000    317.24
3057000   320.881
3058000   316.348
3059000    317.45
3060000   316.447
3061000   316.473
3062000   319.444
3063000   323.425
3064000   321.151
3065000    315.94
3066000   319.642
3067000   323.905
3068000    320.43
3069000    321.01
3070000   319.557
3071000   320.988
3072000    317.15
3073000   324.257
3074000    323.98
3075000   320.599
3076000   325.916
3077000   316.616
3078000   319.023
3079000   312.879
3080000   318.391
3081000   320.372
3082000   320.176
3083000   321.666
3084000   317.002
3085000   311.727
3086000   312.751
3087000    314.19
3088000   313.084
3089000   313.733
3090000   314.032
3091000   320.699
3092000   318.065
3093000   324.676
3094000   319.929
3095000   318.069
3096000   311.879
3097000   308.563
3098000   312.585
3099000   314.599
3100000   326.637
3101000   319.392
3102000   322.184
3103000   317.237
3104000    312.11
3105000   312.903
3106000   310.751
3107000   315.439
3108000   320.963
3109000    319.44
3110000   320.319
3111000   321.733
3112000   322.975
3113000   317.501
3114000   317.945
3115000   316.377
3116000   316.456
3117000   312.933
3118000   310.127
3119000   316.147
3120000   317.329
3121000   315.067
3122000   320.748
3123000   324.097
3124000   324.332
3125000   325.735
3126000    315.53
3127000   314.646
3128000   312.962
3129000   312.846
3130000   314.526
3131000    321.46
3132000   320.948
3133000   322.361
3134000   325.031
3135000   326.812
3136000   322.534
3137000   323.912
3138000   330.421
3139000   327.071
3140000   320.073
3141000   312.358
3142000   317.165
3143000   323.537
3144000   325.493
3145000   318.322
3146000   313.078
3147000   319.494
3148000   314.566
3149000    312.69
3150000   318.494
3151000   318.643
3152000   317.212
3153000   320.323
3154000   317.238
3155000   319.347
3156000   318.747
3157000   328.142
3158000   325.857
3159000   328.143
3160000   324.797
3161000   323.452
3162000   326.087
3163000   328.727
3164000   329.958
3165000   327.154
3166000   333.305
3167000   324.643
3168000   327.442
3169000   321.454
3170000   327.187
3171000    323.51
3172000   318.297
3173000   315.133
3174000   316.212
3175000   323.442
3176000   324.254
3177000   317.033
3178000    317.29
3179000   317.039
3180000   312.498
3181000   320.316
3182000   318.751
3183000   320.799
3184000    320.84
3185000   319.394
3186000   324.883
3187000   326.021
3188000   317.653
3189000   321.605
3190000    322.17
3191000   328.886
3192000   327.887
3193000   326.217
3194000   321.955
3195000   326.189
3196000   325.577
3197000   322.545
3198000   322.771
3199000   314.749
3200000   316.623
3201000   320.659
3202000   318.153
3203000   323.253
3204000   318.587
3205000   318.658
3206000   318.133
3207000   318.879
3208000   314.215
3209000   315.176
3210000   313.307
3211000   312.876
3212000   314.101
3213000   319.467
3214000   321.241
3215000   316.946
3216000    315.41
3217000   315.823
3218000   309.597
3219000   319.501
3220000   319.225
3221000   316.315
3222000   321.051
3223000   322.175
3224000   318.278
3225000   321.432
3226000    322.79
3227000   320.261
3228000   317.093
3229000   318.998
3230000   312.219
3231000    315.39
3232000   326.993
3233000    323.37
3234000   322.386
3235000   326.543
3236000    327.18
3237000   323.788
3238000   328.662
3239000   330.429
3240000   320.891
3241000   317.315
3242000   317.077
3243000   321.628
3244000   314.887
3245000   323.517
3246000   323.067
3247000   321.936
3248000   320.531
3249000   313.937
3250000    317.24
3251000    323.31
3252000   323.028
3253000   322.391
3254000   324.498
3255000   318.377
3256000   317.401
3257000    322.65
3258000   329.867
3259000   328.427
3260000    328.38
3261000   328.629
3262000   329.473
3263000   326.199
3264000   329.007
3265000    327.71
3266000   323.297
3267000   331.735
3268000   328.481
3269000   324.805
3270000   325.149
3271000   324.146
3272000   322.402
3273000   320.855
3274000   315.793
3275000   319.918
3276000   315.203
3277000   317.929
3278000   325.364
3279000   322.956
3280000   319.551
3281000   319.711
3282000   320.174
3283000   322.112
3284000    323.95
3285000   320.236
3286000   323.828
3287000   323.845
3288000   324.539
3289000   321.986
3290000   318.067
3291000   314.558
3292000    321.01
3293000   322.205
3294000   324.684
3295000   318.958
3296000   317.696
3297000   311.477
3298000   314.344
3299000   313.173
3300000   316.611
3301000   324.757
3302000   321.815
3303000    314.41
3304000   312.528
3305000   314.487
3306000   320.731
3307000   328.938
3308000   327.517
3309000    327.05
3310000   318.113
3311000   319.459
3312000   322.484
3313000   315.031
3314000   320.371
3315000   328.587
3316000   329.821
3317000   326.235
3318000   326.679
3319000   329.387
3320000   321.135
3321000   324.469
3322000   321.196
3323000   319.815
3324000   316.239
3325000   324.006
3326000   315.182
3327000   317.733
3328000   320.215
3329000   315.711
3330000   312.366
3331000   318.357
3332000   317.422
3333000   315.285
3334000   317.129
3335000   318.175
3336000   313.601
3337000   315.714
3338000   322.709
3339000   317.645
3340000   324.164
3341000   324.436
3342000   322.035
3343000   320.333
3344000   318.847
3345000   315.435
3346000   312.019
3347000   312.549
3348000   317.651
3349000   314.674
3350000   313.363
3351000   313.675
3352000   314.046
3353000   313.439
3354000   314.597
3355000   313.578
3356000   313.742
3357000   318.197
3358000   321.026
3359000   319.746
3360000   317.788
3361000   315.018
3362000   315.332
3363000   318.245
3364000   316.154
3365000   318.395
3366000   312.853
3367000   312.771
3368000   312.632
3369000   314.566
3370000   317.211
3371000   320.875
3372000   313.906
3373000   315.317
3374000    319.36
3375000   319.165
3376000   322.327
3377000   317.097
3378000   316.911
3379000   316.873
3380000   324.243
3381000   320.487
3382000   321.195
3383000   316.854
3384000   316.625
3385000   313.291
3386000   313.373
3387000   314.634
3388000   318.156
3389000   324.339
3390000   320.396
3391000   314.713
3392000   314.587
3393000   311.326
3394000   315.095
3395000   317.887
3396000   317.198
3397000   318.675
3398000   312.671
3399000   312.535
3400000   316.886
3401000   316.636
3402000   310.046
3403000    318.32
3404000   315.921
3405000   319.681
3406000   319.054
3407000   318.788
3408000   321.817
3409000    321.05
3410000   319.735
3411000   313.051
3412000   318.231
3413000   319.635
3414000   317.529
3415000   318.294
3416000   312.735
3417000   318.049
3418000   316.397
3419000    317.28
3420000   314.678
3421000   318.905
3422000   313.865
3423000   314.525
3424000   320.681
3425000   322.652
3426000   324.961
3427000   321.373
3428000   313.187
3429000   319.244
3430000    319.32
3431000   313.456
3432000   318.458
3433000   320.329
3434000   322.428
3435000   321.362
3436000   312.143
3437000   316.798
3438000   316.894
3439000   316.993
3440000   324.126
3441000   321.449
3442000   322.256
3443000   322.377
3444000   325.381
3445000   322.799
3446000   317.292
3447000   322.347
3448000     319.1
3449000   316.336
3450000   316.906
3451000   321.556
3452000   322.444
3453000   320.512
3454000   317.036
3455000   318.937
3456000   315.483
3457000   313.182
3458000    320.33
3459000   315.032
3460000   318.073
3461000   315.875
3462000   321.966
3463000   314.709
3464000   308.135
3465000   310.002
3466000   312.596
3467000   321.929
3468000   314.529
3469000   316.647
3470000   314.982
3471000   315.064
3472000    310.26
3473000   323.589
3474000   322.207
3475000   317.491
3476000   321.096
3477000   319.814
3478000   315.548
3479000   319.248
3480000   320.565
3481000   321.859
3482000   315.514
3483000   319.789
3484000   315.082
3485000   312.879
3486000   312.307
3487000   311.882
3488000    315.47
3489000   318.613
3490000   316.497
3491000   314.641
3492000   311.337
3493000   304.974
3494000   307.243
3495000   312.445
3496000   309.645
3497000   315.563
3498000   312.711
3499000   315.093
3500000   313.123
3501000   310.302
3502000   310.158
3503000   315.575
3504000   311.931
3505000    311.58
3506000   314.215
3507000   317.585
3508000    313.35
3509000   315.571
3510000   317.385
3511000   318.443
3512000   322.755
3513000   323.159
3514000   317.196
3515000   321.849
3516000   319.441
3517000   321.623
3518000   323.517
3519000   322.859
3520000    316.94
3521000   315.717
3522000   317.219
3523000   320.054
3524000   315.589
3525000   319.926
3526000   319.284
3527000   322.021
3528000   318.146
3529000   317.256
3530000   319.917
3531000   320.759
3532000   319.184
3533000   313.562
3534000   316.726
3535000   316.454
3536000   312.626
3537000   317.793
3538000   318.084
3539000   319.174
3540000   319.625
3541000   315.915
3542000   324.353
3543000   325.236
3544000   325.693
3545000   331.244
3546000   327.234
3547000   331.575
3548000   329.808
3549000    318.88
3550000   313.114
3551000    314.15
3552000   322.324
3553000   324.414
3554000   320.724
3555000   318.203
3556000   314.897
3557000   323.295
3558000   322.419
3559000   316.367
3560000   312.894
3561000   314.829
3562000   318.811
3563000   325.486
3564000   322.325
3565000   317.626
3566000   317.481
3567000    315.33
3568000   313.001
3569000   311.422
3570000   309.776
3571000   307.393
3572000    308.42
3573000   314.276
3574000   313.231
3575000   308.903
3576000   311.204
3577000   309.487
3578000   308.745
3579000   319.552
3580000   316.255
3581000   311.551
3582000   312.101
3583000   309.393
3584000   309.072
3585000   309.804
3586000   318.342
3587000    313.91
3588000   308.458
3589000   313.428
3590000   316.856
3591000   311.466
3592000   320.713
3593000   317.739
3594000   314.039
3595000     311.9
3596000   310.609
3597000   312.928
3598000   308.984
3599000   314.584
3600000   314.843
3601000   311.121
3602000   312.138
3603000   312.597
3604000   316.514
3605000   314.206
3606000   316.705
3607000   324.991
3608000   324.326
3609000   320.948
3610000   316.438
3611000   311.123
3612000   312.748
3613000   318.375
3614000   315.312
3615000   316.584
3616000    321.36
3617000   326.859
3618000   326.928
3619000   336.077
3620000   330.057
3621000   326.715
3622000   326.584
3623000    320.46
3624000   315.993
3625000   316.043
3626000   314.404
3627000   314.271
3628000   318.566
3629000   316.454
3630000    320.72
3631000   322.536
3632000   319.752
3633000   320.592
3634000   321.702
3635000   327.214
3636000   321.598
3637000   315.566
3638000   314.918
3639000   318.642
3640000   318.987
3641000   318.174
3642000   317.645
3643000   314.956
3644000   316.093
3645000   315.406
3646000   319.058
3647000   315.094
3648000   319.201
3649000   320.411
3650000   319.826
3651000   316.479
3652000   316.494
3653000   317.055
3654000   314.753
3655000   313.942
3656000    312.75
3657000   313.187
3658000   316.163
3659000   316.979
3660000   318.195
3661000   325.765
3662000   326.776
3663000    323.72
3664000   323.615
3665000   322.054
3666000   316.385
3667000   317.281
3668000   319.858
3669000   321.732
3670000   319.509
3671000   323.108
3672000   320.984
3673000   317.424
3674000   317.486
3675000   317.751
3676000   319.207
3677000   312.169
3678000   311.765
3679000   317.263
3680000   320.638
3681000   315.061
3682000   317.909
3683000   315.693
3684000   322.304
3685000   314.747
3686000   313.466
3687000   314.048
3688000   310.265
3689000   314.485
3690000    313.04
3691000    323.22
3692000   326.196
3693000   322.397
3694000   322.347
3695000   324.753
3696000   326.676
3697000   323.093
3698000   322.362
3699000   324.872
3700000   322.911
3701000   323.155
3702000    321.51
3703000   326.601
3704000    317.41
3705000   311.692
3706000    322.83
3707000   316.145
3708000   313.676
3709000   308.807
3710000   314.519
3711000   314.367
3712000   320.055
3713000   315.942
3714000   320.024
3715000   318.153
3716000   322.686
3717000   323.933
3718000   315.862
3719000   316.167
3720000   317.219
3721000   316.451
3722000   318.974
3723000   315.453
3724000    316.76
3725000   315.864
3726000   316.479
3727000   320.896
3728000   317.285
3729000   318.837
3730000   315.726
3731000   310.549
3732000    320.78
3733000   314.263
3734000   321.978
3735000   318.895
3736000   318.566
3737000   312.385
3738000   319.391
3739000   314.667
3740000   316.185
3741000   318.993
3742000     315.4
3743000   322.595
3744000   322.199
3745000   319.767
3746000   317.503
3747000   316.596
3748000   316.691
3749000   319.986
3750000   320.019
3751000   317.942
3752000   319.174
3753000   317.786
3754000   320.686
3755000    317.51
3756000   316.442
3757000   322.965
3758000   318.198
3759000   320.064
3760000    316.12
3761000   320.929
3762000   316.331
3763000   317.288
3764000   316.812
3765000   319.044
3766000   318.969
3767000   324.009
3768000   316.161
3769000   327.848
3770000   320.482
3771000   322.051
3772000    322.23
3773000   320.143
3774000   324.777
3775000    329.96
3776000    326.54
3777000   317.337
3778000   318.525
3779000   319.065
3780000   324.008
3781000   326.569
3782000   322.189
3783000   319.133
3784000   317.409
3785000   325.162
3786000   325.979
3787000   324.479
3788000   327.059
3789000   326.054
3790000   325.981
3791000   320.038
3792000   328.291
3793000   321.509
3794000   319.396
3795000   316.276
3796000    322.09
3797000   318.978
3798000   319.647
3799000   320.843
3800000   326.036
3801000   318.625
3802000   327.778
3803000   326.567
3804000   322.179
3805000   322.947
3806000   322.527
3807000   321.964
3808000   323.625
3809000   328.178
3810000    325.45
3811000   323.455
3812000   323.883
3813000   320.133
3814000   320.171
3815000   319.772
3816000   319.055
3817000   323.903
3818000   322.993
3819000    320.73
3820000   320.186
3821000   316.419
3822000   316.122
3823000   317.942
3824000   320.417
3825000   317.936
3826000    314.92
3827000   312.906
3828000   312.818
3829000   312.928
3830000   311.387
3831000   319.603
3832000   315.119
3833000   319.371
3834000   315.803
3835000   318.375
3836000   311.671
3837000   314.844
3838000   311.925
3839000    311.68
3840000   318.359
3841000   319.763
3842000    312.88
3843000   318.647
3844000   316.522
3845000   317.785
3846000   323.551
3847000   318.808
3848000   321.773
3849000   323.533
3850000   322.342
3851000   322.959
3852000   325.507
3853000    326.03
3854000   316.018
3855000   317.044
3856000   320.558
3857000    322.15
3858000   319.796
3859000   317.455
3860000    322.06
3861000   317.978
3862000   312.894
3863000   319.325
3864000   316.952
3865000   321.287
3866000   314.049
3867000   318.551
3868000    317.92
3869000   317.417
3870000   314.978
3871000   317.877
3872000   318.694
3873000   312.336
3874000   312.447
3875000   315.798
3876000   315.652
3877000   319.443
3878000   321.972
3879000   324.186
3880000   323.825
3881000   326.149
3882000   324.555
3883000   329.635
3884000   328.731
3885000    326.63
3886000   325.369
3887000   316.635
3888000   315.015
3889000   318.049
3890000   317.073
3891000   322.886
3892000    325.21
3893000    319.44
3894000   316.136
3895000    320.25
3896000   327.363
3897000   316.217
3898000   321.838
3899000   320.862
3900000   321.712
3901000   320.377
3902000   319.147
3903000   318.249
3904000    321.15
3905000   322.999
3906000   316.249
3907000   316.322
3908000   320.841
3909000   323.054
3910000   322.684
3911000   321.584
3912000   327.011
3913000   321.663
3914000    319.18
3915000   323.738
3916000    323.53
3917000    319.81
3918000    313.79
3919000   316.259
3920000   313.397
3921000   318.365
3922000   316.563
3923000   320.277
3924000    320.46
3925000   326.629
3926000    320.38
3927000   323.373
3928000   326.316
3929000   329.442
3930000    322.48
3931000    322.21
3932000   320.713
3933000   320.129
3934000   326.786
3935000   327.194
3936000   321.371
3937000   313.979
3938000   318.677
3939000    322.37
3940000   323.627
3941000    316.12
3942000   317.716
3943000   316.049
3944000   316.809
3945000   311.781
3946000   316.707
3947000   312.725
3948000   318.334
3949000   318.928
3950000   313.962
3951000   322.538
3952000   312.748
3953000   307.934
3954000   314.549
3955000    314.28
3956000   309.064
3957000   311.313
3958000   320.036
3959000    314.46
3960000   313.656
3961000    322.17
3962000   318.575
3963000   324.448
3964000   323.924
3965000   318.621
3966000   313.753
3967000   311.356
3968000   306.773
3969000   312.089
3970000   312.894
3971000   315.842
3972000    313.57
3973000   311.985
3974000   320.039
3975000   317.942
3976000    316.15
3977000    319.81
3978000   320.262
3979000   328.494
3980000   321.885
3981000   319.522
3982000   323.218
3983000   326.145
3984000   323.144
3985000   332.034
3986000   323.768
3987000   319.025
3988000   318.622
3989000   324.546
3990000    313.11
3991000    320.46
3992000   322.572
3993000   322.582
3994000   321.352
3995000   324.038
3996000    322.98
3997000   323.473
3998000   327.348
3999000   325.261
4000000   322.351
4001000   320.254
4002000   322.214
4003000   316.954
4004000   318.504
4005000   319.882
4006000   320.185
4007000   321.054
4008000   325.644
4009000   321.923
4010000   309.666
4011000   319.252
4012000   316.996
4013000   317.678
4014000   317.454
4015000   320.158
4016000   319.491
4017000   326.105
4018000   321.764
4019000   313.501
4020000   315.537
4021000   318.938
4022000   318.375
4023000   314.681
4024000   315.115
4025000   317.961
4026000   315.827
4027000   320.158
4028000   321.305
4029000   320.268
4030000   312.195
4031000   313.296
4032000     323.7
4033000   321.063
4034000   319.011
4035000   315.631
4036000   316.339
4037000   318.366
4038000   319.584
4039000   318.539
4040000   324.006
4041000   320.948
4042000   325.969
4043000   328.271
4044000   324.912
4045000   320.196
4046000    315.57
4047000   318.996
4048000   319.588
4049000   320.377
4050000   321.481
4051000    330.15
4052000   325.415
4053000    323.59
4054000   326.443
4055000       327
4056000   325.684
4057000    318.31
4058000   318.205
4059000   320.219
4060000   323.963
4061000   321.762
4062000   324.479
4063000   318.143
4064000   320.178
4065000   320.842
4066000   319.169
4067000   327.969
4068000   323.765
4069000   326.824
4070000   322.551
4071000   323.381
4072000   321.522
4073000   317.329
4074000    322.51
4075000   321.362
4076000   317.179
4077000   325.822
4078000   319.918
4079000   322.785
4080000   323.963
4081000   322.132
4082000    323.55
4083000   322.426
4084000   327.511
4085000   324.231
4086000   316.727
4087000   314.979
4088000   319.166
4089000   311.855
4090000   313.574
4091000   317.063
4092000   317.911
4093000   319.509
4094000   320.987
4095000   325.112
4096000    318.31
4097000    314.59
4098000   313.703
4099000   316.411
4100000   309.814
4101000    313.39
4102000   310.948
4103000   308.489
4104000   312.003
4105000   316.774
4106000   321.004
4107000   324.125
4108000   321.707
4109000   316.799
4110000   313.499
4111000    317.66
4112000   317.236
4113000   312.119
4114000   312.698
4115000   311.604
4116000   316.764
4117000   314.405
4118000   312.838
4119000   316.674
4120000   324.804
4121000   319.582
4122000   326.041
4123000   322.405
4124000   322.261
4125000   325.774
4126000   317.891
4127000   318.457
4128000   315.899
4129000   315.772
4130000   312.985
4131000   312.966
4132000    316.84
4133000   317.753
4134000   317.994
4135000   323.713
4136000   314.606
4137000   314.693
4138000   318.684
4139000   321.098
4140000   321.968
4141000   331.198
4142000   333.023
4143000   324.009
4144000   322.066
4145000   321.277
4146000   319.125
4147000   323.383
4148000   316.819
4149000   317.897
4150000   319.885
4151000   321.215
4152000   324.084
4153000    320.45
4154000   319.523
4155000   314.669
4156000   315.997
4157000   316.932
4158000   315.825
4159000   305.702
4160000   306.343
4161000   308.303
4162000   314.977
4163000   318.545
4164000    317.73
4165000   318.739
4166000   316.619
4167000   310.869
4168000   313.071
4169000   313.642
4170000   313.576
4171000   325.625
4172000   324.187
4173000   321.163
4174000   324.778
4175000   332.023
4176000   328.454
4177000   324.706
4178000   324.059
4179000   327.686
4180000   319.704
4181000   321.013
4182000   320.204
4183000   323.443
4184000   324.168
4185000   326.521
4186000   326.198
4187000   321.074
4188000   321.731
4189000   314.457
4190000   313.668
4191000   321.979
4192000   317.837
4193000   312.352
4194000   312.151
4195000   314.258
4196000   317.713
4197000   315.482
4198000   314.033
4199000   315.881
4200000   318.969
4201000   319.954
4202000   315.746
4203000   316.165
4204000   314.344
4205000   315.965
4206000   314.913
4207000   310.143
4208000   314.577
4209000   315.767
4210000   315.529
4211000    312.88
4212000   309.636
4213000   309.465
4214000   312.648
4215000   311.269
4216000   313.025
4217000   319.815
4218000   322.765
4219000   320.736
4220000   317.459
4221000   321.696
4222000    317.49
4223000   315.631
4224000    312.59
4225000   309.763
4226000   311.384
4227000   313.886
4228000   315.964
4229000   311.776
4230000   313.472
4231000   317.756
4232000   317.896
4233000   313.664
4234000   315.985
4235000   322.018
4236000   322.938
4237000   316.871
4238000   315.648
4239000   313.414
4240000   310.014
4241000   309.567
4242000    314.27
4243000   313.212
4244000   317.761
4245000   321.517
4246000   321.304
4247000   318.637
4248000   322.701
4249000   318.028
4250000   321.101
4251000   325.348
4252000   322.427
4253000   318.464
4254000   322.353
4255000   321.254
4256000   315.001
4257000    317.86
4258000   315.865
4259000   312.528
4260000   320.732
4261000    317.89
4262000   320.036
4263000   317.477
4264000   317.849
4265000   315.953
4266000   316.169
4267000   320.242
4268000   318.569
4269000   321.029
4270000   321.448
4271000   321.689
4272000   323.821
4273000   323.381
4274000   330.186
4275000   321.583
4276000   316.675
4277000   322.303
4278000   315.095
4279000    315.64
4280000   315.472
4281000   319.695
4282000    322.79
4283000   326.144
4284000   318.961
4285000   316.799
4286000   318.118
4287000   320.776
4288000   324.415
4289000    319.94
4290000   320.001
4291000   320.805
4292000   316.346
4293000    321.03
4294000   322.575
4295000   321.737
4296000   319.237
4297000   317.389
4298000   317.212
4299000   315.593
4300000   311.866
4301000   311.593
4302000   313.834
4303000   309.483
4304000   312.109
4305000   307.583
4306000   306.806
4307000    312.07
4308000   314.705
4309000   318.293
4310000   307.636
4311000   313.009
4312000   314.105
4313000   318.885
4314000   319.901
4315000    316.64
4316000   313.337
4317000   322.064
4318000   321.587
4319000   319.234
4320000   317.756
4321000   323.515
4322000   324.459
4323000   322.684
4324000   317.736
4325000   316.024
4326000   313.682
4327000   316.473
4328000   317.376
4329000   317.919
4330000   313.101
4331000   316.106
4332000   319.017
4333000   319.203
4334000    318.47
4335000   322.167
4336000   315.785
4337000   320.313
4338000   321.452
4339000   317.249
4340000   317.303
4341000    319.17
4342000   312.989
4343000   320.283
4344000    325.12
4345000   326.285
4346000   323.686
4347000   314.635
4348000   313.691
4349000    320.57
4350000   315.833
4351000   315.435
4352000   311.107
4353000     318.9
4354000   321.391
4355000    320.69
4356000    322.75
4357000    324.96
4358000   316.198
4359000   323.818
4360000   328.294
4361000   319.329
4362000   322.367
4363000   322.088
4364000   327.059
4365000   319.803
4366000   326.272
4367000   320.539
4368000   320.115
4369000   315.759
4370000   318.681
4371000   323.481
4372000   320.786
4373000   311.797
4374000   316.513
4375000   319.687
4376000   323.154
4377000    319.84
4378000   319.412
4379000   316.801
4380000   317.936
4381000   314.793
4382000   319.522
4383000   324.921
4384000   323.397
4385000   320.421
4386000   320.904
4387000   323.233
4388000   318.129
4389000    315.58
4390000   315.124
4391000   317.712
4392000   310.576
4393000   315.567
4394000   315.561
4395000    314.41
4396000   311.797
4397000    316.82
4398000   317.713
4399000   325.863
4400000   313.688
4401000   316.428
4402000   314.514
4403000   312.051
4404000   316.319
4405000   320.743
4406000   316.664
4407000   316.813
4408000   311.271
4409000   313.985
4410000    315.72
4411000   313.369
4412000   316.818
4413000   320.953
4414000   317.718
4415000   320.263
4416000   317.945
4417000   316.204
4418000   313.884
4419000    318.53
4420000   309.835
4421000   315.632
4422000   317.788
4423000    318.48
4424000   319.269
4425000   321.567
4426000   314.709
4427000   314.751
4428000   319.231
4429000   312.341
4430000   310.017
4431000   309.767
4432000   309.801
4433000   312.977
4434000   318.339
4435000   318.249
4436000   319.811
4437000   317.646
4438000   315.483
4439000    323.16
4440000   316.061
4441000   321.529
4442000   321.724
4443000   314.931
4444000    315.74
4445000   317.737
4446000   312.235
4447000   316.419
4448000   315.087
4449000    314.67
4450000   320.538
4451000   322.561
4452000    318.38
4453000   322.221
4454000   319.936
4455000     327.3
4456000   318.711
4457000   329.165
4458000   321.055
4459000   320.254
4460000   324.723
4461000   314.034
4462000   312.473
4463000   313.112
4464000   308.941
4465000    309.14
4466000   311.591
4467000   312.513
4468000   316.308
4469000   317.108
4470000    317.09
4471000   316.557
4472000   314.571
4473000   312.948
4474000   318.101
4475000   320.691
4476000   316.497
4477000   316.904
4478000   309.468
4479000    313.14
4480000   309.035
4481000   310.438
4482000   310.181
4483000   310.082
4484000   311.552
4485000   313.625
4486000   314.724
4487000   319.338
4488000   314.767
4489000   308.994
4490000   320.276
4491000   321.271
4492000   324.277
4493000   322.322
4494000   320.036
4495000   318.191
4496000   320.276
4497000   319.479
4498000   318.905
4499000   317.165
4500000   313.849
4501000   320.258
4502000   319.986
4503000   318.436
4504000   322.578
4505000   318.893
4506000   315.154
4507000   317.036
4508000   317.912
4509000   316.213
4510000   315.625
4511000   312.382
4512000   319.621
4513000   316.723
4514000    317.68
4515000   316.266
4516000   311.557
4517000   311.668
4518000   309.589
4519000   316.052
4520000   314.802
4521000   320.375
4522000   314.715
4523000   314.709
4524000   312.821
4525000     322.1
4526000   321.444
4527000   322.874
4528000   314.601
4529000   317.435
4530000   314.405
4531000   313.247
4532000    312.23
4533000    311.41
4534000   311.525
4535000   316.207
4536000   311.332
4537000    309.09
4538000   308.781
4539000   308.489
4540000   310.355
4541000   308.625
4542000   306.728
4543000   314.846
4544000   307.699
4545000   310.736
4546000   308.841
4547000   314.561
4548000   309.305
4549000   316.191
4550000   320.413
4551000   322.268
4552000   321.929
4553000   319.976
4554000   315.007
4555000   315.315
4556000   317.202
4557000   318.789
4558000   317.706
4559000    316.31
4560000   316.197
4561000   319.402
4562000   319.443
4563000   314.261
4564000   316.244
4565000   319.848
4566000   320.235
4567000   320.098
4568000   320.413
4569000   332.319
4570000   326.906
4571000   322.118
4572000    325.55
4573000     331.7
4574000   327.629
4575000   321.677
4576000   325.913
4577000   321.745
4578000   323.204
4579000   321.806
4580000   318.193
4581000   316.977
4582000   315.203
4583000   311.682
4584000   314.438
4585000   316.582
4586000   318.856
4587000   314.876
4588000   324.956
4589000   320.474
4590000   313.937
4591000   310.276
4592000   307.441
4593000   314.782
4594000   314.848
4595000   313.318
4596000   315.579
4597000   323.324
4598000   318.844
4599000   320.131
4600000   306.875
4601000   308.326
4602000    317.75
4603000   327.802
4604000   324.861
4605000   323.264
4606000   318.026
4607000   320.316
4608000    324.36
4609000   324.727
4610000   320.215
4611000   322.422
4612000   323.367
4613000   327.518
4614000   327.366
4615000   324.441
4616000   321.733
4617000   324.779
4618000    322.98
4619000   321.859
4620000   320.778
4621000   320.929
4622000    323.01
4623000   323.692
4624000   319.648
4625000   323.623
4626000   317.884
4627000    323.09
4628000   316.867
4629000   316.595
4630000   308.096
4631000   312.483
4632000   321.996
4633000   321.072
4634000   324.647
4635000   322.341
4636000     321.6
4637000   319.853
4638000   318.105
4639000   316.099
4640000   320.523
4641000   313.339
4642000   318.548
4643000   324.298
4644000   330.048
4645000   329.222
4646000   322.806
4647000   326.797
4648000     325.1
4649000   327.223
4650000   326.998
4651000   321.099
4652000   313.653
4653000   315.476
4654000   312.301
4655000   314.132
4656000   319.349
4657000   318.731
4658000   319.367
4659000    314.63
4660000   315.271
4661000   315.102
4662000   320.772
4663000   317.631
4664000   318.644
4665000   321.906
4666000    326.52
4667000   323.372
4668000   318.877
4669000   322.664
4670000   323.189
4671000   325.291
4672000   319.986
4673000   320.781
4674000   318.825
4675000   319.737
4676000   323.967
4677000   322.742
4678000    317.09
4679000   318.836
4680000   319.928
4681000   319.069
4682000   318.299
4683000    319.93
4684000   315.456
4685000    307.47
4686000   310.943
4687000   313.244
4688000   317.943
4689000   318.963
4690000   316.223
4691000   322.788
4692000   318.544
4693000   314.755
4694000   318.355
4695000   319.349
4696000   323.257
4697000   326.016
4698000   324.392
4699000     318.2
4700000   318.338
4701000   315.886
4702000   316.268
4703000   318.139
4704000   317.367
4705000   312.828
4706000   318.528
4707000   317.813
4708000   324.233
4709000    318.53
4710000   312.664
4711000   316.097
4712000   313.939
4713000   312.122
4714000   315.473
4715000   311.133
4716000   323.011
4717000   317.968
4718000   316.485
4719000   319.337
4720000   318.362
4721000   322.949
4722000   322.621
4723000   323.189
4724000   321.752
4725000   318.304
4726000   316.243
4727000   315.166
4728000   314.698
4729000   320.155
4730000   324.009
4731000   318.549
4732000    320.39
4733000   317.238
4734000   311.084
4735000   311.245
4736000   310.906
4737000   312.071
4738000   314.683
4739000   316.195
4740000   320.041
4741000   313.224
4742000   316.175
4743000   311.279
4744000   309.952
4745000   318.176
4746000   319.557
4747000   318.448
4748000   315.011
4749000   320.903
4750000   316.902
4751000   317.966
4752000   318.408
4753000   314.147
4754000   317.729
4755000   313.395
4756000   310.466
4757000   311.857
4758000   314.719
4759000   316.652
4760000   315.686
4761000   316.771
4762000   318.361
4763000   314.716
4764000   317.125
4765000   320.126
4766000    319.66
4767000   319.168
4768000    315.14
4769000   319.696
4770000   319.987
4771000   318.241
4772000   321.732
4773000   325.184
4774000   318.949
4775000   319.161
4776000   322.066
4777000   319.464
4778000    324.52
4779000   318.575
4780000   316.135
4781000   316.969
4782000    313.36
4783000   314.719
4784000   310.199
4785000   309.897
4786000   314.195
4787000   313.534
4788000   306.188
4789000   308.579
4790000   315.591
4791000   313.231
4792000   305.816
4793000   304.752
4794000   306.972
4795000   314.345
4796000   310.696
4797000   311.833
4798000    312.37
4799000   306.439
4800000   308.976
4801000   310.247
4802000   311.775
4803000   314.798
4804000   319.008
4805000   321.225
4806000   313.944
4807000   315.698
4808000   315.461
4809000   315.148
4810000   315.116
4811000   318.281
4812000   322.275
4813000   314.502
4814000   309.344
4815000   316.531
4816000   318.269
4817000   311.796
4818000   315.591
4819000   326.115
4820000   323.191
4821000    316.57
4822000   317.681
4823000     318.2
4824000    321.59
4825000    317.14
4826000   319.751
4827000   319.625
4828000   319.328
4829000   314.582
4830000   319.901
4831000   321.441
4832000   320.517
4833000   320.541
4834000   320.752
4835000   315.846
4836000   314.463
4837000   314.517
4838000   315.165
4839000   317.046
4840000   314.519
4841000   315.993
4842000   316.147
4843000   318.994
4844000     319.4
4845000   321.047
4846000    317.97
4847000   324.193
4848000     324.7
4849000    320.43
4850000    315.24
4851000   321.054
4852000   319.449
4853000   321.243
4854000    318.27
4855000   318.401
4856000   318.134
4857000   318.271
4858000   323.735
4859000   325.423
4860000   324.834
4861000   323.188
4862000   315.636
4863000   319.624
4864000   330.049
4865000   327.743
4866000   321.306
4867000     320.2
4868000   322.002
4869000   320.072
4870000   316.301
4871000   326.701
4872000   324.892
4873000   328.517
4874000   327.357
4875000   322.241
4876000   323.444
4877000   323.491
4878000   325.208
4879000   328.202
4880000   329.025
4881000   333.549
4882000   330.904
4883000   325.325
4884000   324.589
4885000   326.367
4886000   323.049
4887000   322.374
4888000   321.206
4889000   316.879
4890000    318.33
4891000   322.731
4892000   321.982
4893000   324.539
4894000   333.149
4895000   324.072
4896000   327.631
4897000   322.656
4898000   322.256
4899000   322.061
4900000   323.611
4901000   320.286
4902000   324.818
4903000   316.219
4904000   318.023
4905000   319.218
4906000   318.135
4907000   315.759
4908000   317.908
4909000   317.183
4910000    321.62
4911000   323.458
4912000   317.374
4913000   316.473
4914000    321.62
4915000   320.999
4916000   323.309
4917000   319.322
4918000   318.964
4919000   319.301
4920000    319.24
4921000    328.55
4922000   327.076
4923000   322.266
4924000   319.283
4925000   322.474
4926000   320.686
4927000   324.785
4928000   325.415
4929000   322.023
4930000   320.609
4931000   319.078
4932000   326.715
4933000   329.559
4934000    331.43
4935000   327.977
4936000   317.635
4937000   318.636
4938000   319.911
4939000   321.965
4940000   325.488
4941000   329.641
4942000   327.254
4943000   327.061
4944000   321.438
4945000   316.524
4946000   311.917
4947000   316.677
4948000   314.419
4949000   313.306
4950000   318.054
4951000   324.682
4952000   323.618
4953000   325.779
4954000   324.441
4955000   315.589
4956000   320.011
4957000   321.654
4958000   315.292
4959000   319.654
4960000   317.671
4961000   319.448
4962000   323.559
4963000   319.889
4964000   319.882
4965000   318.584
4966000   322.485
4967000   322.938
4968000   327.765
4969000   327.593
4970000   323.776
4971000   325.973
4972000    321.51
4973000   321.736
4974000   323.821
4975000   328.519
4976000   325.206
4977000   324.729
4978000   318.006
4979000   322.372
4980000   322.414
4981000   320.074
4982000   316.395
4983000   317.697
4984000   316.135
4985000   317.904
4986000   316.748
4987000    317.95
4988000   307.648
4989000    312.56
4990000   318.112
4991000   319.494
4992000   321.509
4993000   321.875
4994000     323.5
4995000   322.208
4996000   319.208
4997000   322.308
4998000   319.715
4999000   321.459
5000000   326.266
