1000   290.703
2000   295.664
3000   299.455
4000   300.732
5000   298.699
6000   304.638
7000   302.004
8000   302.414
9000   306.357
10000   304.012
11000   307.038
12000   303.666
13000   299.746
14000   300.509
15000   297.935
16000   297.307
17000   302.462
18000   300.597
19000   298.862
20000   293.706
21000   293.386
22000   295.719
23000   294.914
24000   293.997
25000   296.606
26000   296.142
27000   301.059
28000   295.285
29000   296.201
30000   296.033
31000   296.157
32000   296.507
33000   296.593
34000   292.964
35000   292.503
36000    292.05
37000   292.416
38000    298.31
39000   300.882
40000   301.488
41000   291.591
42000   293.663
43000   293.713
44000   296.362
45000   292.649
46000   292.278
47000   292.652
48000   295.745
49000    291.56
50000   285.351
51000   287.724
52000   284.452
53000   289.101
54000   287.891
55000   296.687
56000   288.231
57000     291.8
58000   294.545
59000    295.14
60000   294.408
61000   294.897
62000   296.208
63000   298.121
64000   295.178
65000   298.695
66000   295.242
67000     301.8
68000   297.536
69000   294.736
70000    292.09
71000   294.585
72000   300.351
73000    298.17
74000   296.842
75000   292.827
76000   296.632
77000    296.45
78000   295.091
79000   292.873
80000   292.121
81000   298.768
82000   301.548
83000   304.057
84000   298.263
85000   296.447
86000   291.546
87000   297.499
88000   304.234
89000    300.08
90000   295.583
91000   301.392
92000   301.126
93000   297.171
94000   297.479
95000   299.786
96000   299.927
97000   303.493
98000    295.56
99000   293.993
100000   293.643
101000    293.74
102000   300.624
103000   295.522
104000   298.576
105000    290.88
106000   295.277
107000   294.375
108000   293.778
109000   295.101
110000   294.406
111000   294.979
112000   298.296
113000   299.226
114000    309.21
115000   301.512
116000   292.587
117000    290.35
118000   296.119
119000   295.222
120000    299.23
121000   297.716
122000   297.698
123000   295.023
124000    295.58
125000   292.488
126000   296.226
127000   294.072
128000   290.421
129000   291.652
130000   293.109
131000   298.014
132000   296.288
133000   293.924
134000   297.478
135000   304.998
136000   304.257
137000   299.585
138000   298.013
139000   301.125
140000    295.79
141000   299.522
142000   294.469
143000    294.59
144000   292.885
145000   297.818
146000    298.77
147000   301.753
148000   305.707
149000   304.534
150000    298.51
151000   300.784
152000   297.265
153000   293.585
154000   294.083
155000    297.45
156000   301.496
157000   296.279
158000   293.341
159000   301.421
160000   299.457
161000   296.483
162000   298.788
163000   296.467
164000   294.919
165000   296.086
166000   296.821
167000   295.776
168000   292.314
169000   287.462
170000    291.21
171000   291.559
172000   292.288
173000    291.68
174000   290.741
175000   291.597
176000   298.333
177000   294.099
178000   292.546
179000     293.3
180000   287.399
181000   294.341
182000   291.048
183000   291.261
184000   294.626
185000   288.892
186000   289.647
187000   294.482
188000   297.164
189000   297.069
190000   295.277
191000   300.698
192000   296.764
193000   301.482
194000   297.114
195000   293.155
196000   294.273
197000   297.254
198000   294.434
199000   293.376
200000   291.976
201000   291.419
202000   291.104
203000   293.341
204000   292.755
205000   293.256
206000   289.109
207000   288.426
208000   288.818
209000    293.95
210000   295.557
211000   297.013
212000   295.814
213000   298.012
214000   300.282
215000   299.879
216000   300.798
217000   303.818
218000   301.102
219000   301.178
220000   301.128
221000   303.765
222000   301.639
223000   302.868
224000   298.414
225000   298.108
226000   295.366
227000   299.148
228000   300.673
229000   294.714
230000   293.545
231000   292.047
232000   295.266
233000   298.592
234000   298.129
235000   296.669
236000   293.017
237000   294.864
238000   292.399
239000   293.007
240000   292.243
241000   288.512
242000   295.343
243000    293.08
244000   293.201
245000   296.784
246000   295.841
247000    293.24
248000   290.251
249000    296.88
250000   292.995
251000    293.32
252000   301.177
253000   302.667
254000   297.722
255000   296.838
256000   300.945
257000   295.282
258000   295.324
259000   301.153
260000   298.015
261000   298.725
262000   292.004
263000   296.349
264000   293.147
265000   290.907
266000   295.304
267000   294.593
268000   300.222
269000   303.902
270000   295.832
271000   295.096
272000   296.325
273000    296.94
274000   295.129
275000   294.669
276000   295.849
277000   296.925
278000   291.898
279000   292.301
280000     292.3
281000    297.18
282000   290.304
283000    292.96
284000   293.249
285000   299.467
286000   294.868
287000   293.231
288000   296.873
289000   300.358
290000    300.68
291000   301.971
292000   297.825
293000   294.983
294000   292.434
295000   294.589
296000   294.532
297000   294.382
298000   292.541
299000   290.924
300000   294.988
301000   293.355
302000    294.87
303000   295.582
304000   295.768
305000     290.2
306000     291.9
307000   290.645
308000   295.515
309000   290.775
310000   290.507
311000    291.88
312000   294.864
313000   293.836
314000    292.45
315000   289.615
316000   291.731
317000   289.698
318000   293.081
319000   292.606
320000   296.386
321000   298.423
322000   297.547
323000   297.338
324000   291.103
325000   291.379
326000   288.109
327000   290.901
328000   293.266
329000   295.121
330000    294.09
331000   291.758
332000   294.875
333000   293.096
334000   302.755
335000   301.845
336000   297.214
337000   301.258
338000   297.809
339000   298.396
340000    300.84
341000   296.987
342000   293.431
343000   292.568
344000   298.756
345000   302.704
346000    293.29
347000   293.854
348000    289.71
349000   292.051
350000   295.139
351000   294.069
352000   294.892
353000   293.358
354000    299.97
355000    292.65
356000   295.048
357000   290.512
358000   295.264
359000   297.352
360000   291.434
361000   292.609
362000    293.21
363000   294.373
364000   298.064
365000   295.565
366000    299.29
367000   294.441
368000   292.218
369000   291.713
370000   297.313
371000   301.998
372000   300.383
373000   293.995
374000   291.603
375000   294.186
376000    290.65
377000   293.033
378000    295.38
379000   292.073
380000   292.183
381000   293.152
382000   303.359
383000   302.476
384000   303.571
385000   305.607
386000   303.593
387000   297.313
388000   305.003
389000    298.15
390000   294.858
391000   298.422
392000   301.647
393000   299.517
394000   289.007
395000   292.723
396000   294.545
397000   291.377
398000   293.004
399000   299.535
400000   299.873
401000   293.862
402000   290.341
403000   294.073
404000   292.903
405000   293.976
406000    295.32
407000    292.79
408000   292.988
409000   292.503
410000   298.326
411000   302.401
412000   300.726
413000   304.778
414000    303.39
415000   299.289
416000   298.192
417000   299.849
418000   299.359
419000   299.871
420000   298.326
421000   297.204
422000   301.619
423000   299.584
424000   300.755
425000   305.635
426000   302.435
427000   299.757
428000   299.913
429000   300.507
430000   295.416
431000   296.687
432000   294.336
433000   292.903
434000   288.983
435000     293.1
436000   294.413
437000   292.733
438000   289.468
439000   287.192
440000   290.201
441000   291.211
442000   289.802
443000   286.882
444000   291.974
445000   290.343
446000   293.525
447000   293.754
448000   296.975
449000   298.688
450000   297.407
451000   294.894
452000   295.884
453000   295.164
454000   302.543
455000   305.117
456000   306.195
457000   298.488
458000   299.141
459000   295.778
460000   293.904
461000   296.232
462000   292.468
463000   291.481
464000   290.655
465000   289.347
466000   293.104
467000   291.633
468000   295.725
469000   294.331
470000    295.65
471000   297.295
472000   296.904
473000   294.928
474000   293.148
475000   296.448
476000   298.266
477000   297.026
478000   295.671
479000   296.246
480000   297.262
481000   294.544
482000   295.316
483000   292.828
484000   294.567
485000   293.078
486000   294.857
487000   291.979
488000   294.706
489000   299.049
490000   303.156
491000    303.38
492000   303.325
493000   302.905
494000     302.9
495000   294.774
496000   294.914
497000   299.195
498000   295.938
499000   293.823
500000   294.921
501000   297.226
502000   299.376
503000    297.29
504000   291.889
505000   296.041
506000   295.257
507000   298.194
508000   301.455
509000   299.948
510000   295.105
511000   293.931
512000   297.786
513000   298.159
514000   299.574
515000   296.837
516000   302.917
517000   299.675
518000    299.51
519000   297.919
520000   296.196
521000   287.768
522000    287.64
523000   293.477
524000   301.808
525000   296.356
526000   297.488
527000   295.704
528000   299.488
529000   296.845
530000   293.361
531000   290.502
532000   291.174
533000   290.599
534000    287.39
535000     287.5
536000   290.843
537000   288.317
538000   291.927
539000   290.635
540000   288.558
541000   288.913
542000   290.252
543000   290.605
544000    292.87
545000   291.311
546000   290.003
547000   290.859
548000   287.429
549000   292.161
550000    293.68
551000   289.826
552000    293.98
553000   293.769
554000   296.009
555000   296.112
556000   292.987
557000   289.715
558000   288.964
559000   295.705
560000   292.432
561000   301.438
562000   301.552
563000   301.433
564000   300.636
565000   295.181
566000   299.282
567000   296.735
568000   296.433
569000   296.043
570000   301.153
571000   298.944
572000   298.462
573000   297.659
574000   303.186
575000   296.562
576000   295.095
577000    298.84
578000   298.886
579000   299.272
580000   296.872
581000   295.162
582000   297.459
583000    295.49
584000   296.134
585000   295.758
586000   295.916
587000   294.507
588000   288.571
589000   292.611
590000   295.822
591000   296.597
592000   293.808
593000   291.713
594000   294.498
595000   294.195
596000   298.175
597000   302.475
598000    296.04
599000    294.32
600000   297.299
601000   298.282
602000   297.399
603000   298.151
604000   296.791
605000   299.606
606000   300.622
607000   300.358
608000   294.056
609000   296.185
610000   294.457
611000   293.742
612000   298.009
613000   302.095
614000   296.508
615000   294.176
616000   293.226
617000   288.136
618000   291.664
619000   299.067
620000   296.255
621000   296.497
622000   294.806
623000    292.43
624000   295.172
625000   293.341
626000    286.77
627000   289.539
628000   291.947
629000   297.413
630000   295.668
631000   292.425
632000    294.85
633000   296.351
634000    295.64
635000   296.302
636000    294.91
637000   298.495
638000   298.183
639000   297.207
640000   300.923
641000   300.921
642000   295.232
643000   301.558
644000   297.196
645000   298.933
646000   300.176
647000   299.383
648000   299.021
649000   298.666
650000    298.57
651000   302.782
652000   301.169
653000   301.281
654000   297.435
655000   293.124
656000   291.951
657000   298.055
658000   299.154
659000   295.048
660000   295.185
661000   294.848
662000    293.97
663000   294.619
664000   293.729
665000   292.634
666000   297.938
667000   293.957
668000   295.916
669000   294.104
670000   293.308
671000   292.377
672000   294.356
673000   295.331
674000   295.502
675000   298.388
676000   299.308
677000   300.573
678000   294.756
679000   292.784
680000   297.425
681000   299.256
682000   297.224
683000   292.859
684000   293.315
685000   297.841
686000   297.584
687000   299.405
688000   298.623
689000   296.865
690000   298.415
691000   293.623
692000   295.385
693000   297.443
694000   292.156
695000   295.525
696000   296.634
697000   292.301
698000   286.273
699000   293.099
700000    294.49
701000   291.475
702000   292.473
703000   288.779
704000   293.064
705000   294.328
706000    294.96
707000   293.674
708000   300.975
709000    302.77
710000    297.36
711000   302.539
712000   306.294
713000    299.49
714000    297.65
715000   297.089
716000   293.271
717000   299.916
718000   304.815
719000   300.084
720000   302.656
721000   299.876
722000   300.552
723000   298.798
724000    296.65
725000    293.39
726000    295.04
727000   299.584
728000   296.703
729000   294.293
730000   297.838
731000   295.027
732000   294.698
733000   297.188
734000   297.729
735000   297.287
736000   300.952
737000   301.545
738000   299.389
739000   303.334
740000   301.315
741000   290.851
742000   292.494
743000   294.175
744000   292.318
745000   292.666
746000   298.336
747000   295.042
748000   292.921
749000   294.595
750000   297.593
751000   297.192
752000   299.861
753000   300.563
754000    294.91
755000   295.082
756000   302.086
757000   296.592
758000   292.069
759000   295.613
760000   292.101
761000   289.685
762000   292.206
763000   290.513
764000   292.563
765000   292.751
766000   286.055
767000   294.876
768000   297.518
769000   303.323
770000   303.907
771000   302.506
772000   299.164
773000   298.255
774000   302.644
775000   300.604
776000   294.945
777000   296.384
778000   292.055
779000   293.718
780000   293.287
781000   293.713
782000   293.688
783000   289.523
784000   294.811
785000   294.569
786000   291.783
787000   293.662
788000    294.64
789000   291.173
790000   287.325
791000   291.357
792000   287.509
793000   293.372
794000   291.767
795000   296.284
796000   295.801
797000   299.701
798000   295.565
799000   297.389
800000   296.514
801000   293.833
802000    294.93
803000    289.55
804000   295.035
805000   291.204
806000   290.652
807000   288.369
808000   285.784
809000   294.095
810000   292.639
811000   293.954
812000   289.563
813000   293.214
814000   291.205
815000   292.935
816000   296.179
817000   295.376
818000   298.882
819000   298.436
820000   293.752
821000   292.896
822000   290.396
823000   292.862
824000   293.861
825000   292.801
826000   295.766
827000   296.089
828000   291.275
829000   293.664
830000   296.538
831000   292.488
832000   291.801
833000   289.256
834000   291.459
835000   294.807
836000   298.209
837000   292.541
838000   291.508
839000    296.27
840000   296.017
841000   295.912
842000   290.125
843000   294.763
844000   291.264
845000   295.542
846000   294.128
847000   296.706
848000   289.548
849000   291.619
850000   293.662
851000    296.32
852000   294.736
853000   289.516
854000   284.389
855000   288.405
856000   289.234
857000   291.076
858000   292.189
859000   299.372
860000   298.959
861000   299.445
862000   296.674
863000   295.018
864000   296.789
865000   299.225
866000   299.398
867000   300.768
868000   295.145
869000   292.087
870000   298.523
871000   298.997
872000   298.289
873000   298.585
874000   300.875
875000   302.133
876000   296.016
877000   295.636
878000    293.26
879000   294.076
880000   295.174
881000   295.427
882000   292.323
883000   290.218
884000   289.966
885000   289.425
886000   289.962
887000   290.965
888000   291.232
889000   290.707
890000    292.39
891000    291.56
892000   295.704
893000   295.111
894000   293.408
895000   294.975
896000   297.355
897000    297.64
898000   291.011
899000   294.315
900000   295.096
901000   294.515
902000   297.282
903000    298.72
904000   295.532
905000   284.897
906000   289.466
907000   290.034
908000   291.823
909000    292.57
910000   289.216
911000   291.703
912000   284.246
913000   283.378
914000   289.904
915000   287.704
916000   286.734
917000   289.392
918000   290.474
919000   289.579
920000   292.083
921000   291.699
922000   291.286
923000   289.827
924000   290.899
925000   285.323
926000   290.794
927000   288.287
928000   286.938
929000   288.843
930000   295.553
931000   294.188
932000   292.553
933000   289.881
934000   291.277
935000   293.053
936000   289.737
937000   287.457
938000   293.141
939000   294.126
940000    288.95
941000   288.924
942000   288.419
943000   292.505
944000   298.576
945000   296.834
946000    297.84
947000   289.749
948000   286.295
949000   293.226
950000   294.258
951000   293.514
952000   293.636
953000   295.173
954000   298.566
955000   296.751
956000   293.734
957000   289.162
958000   293.673
959000    295.38
960000   295.982
961000   295.184
962000   293.372
963000    292.44
964000   293.191
965000   295.625
966000   294.525
967000   296.349
968000   297.288
969000   296.451
970000   296.576
971000   298.586
972000   293.397
973000   298.552
974000   303.805
975000   298.817
976000   291.625
977000   296.364
978000   296.276
979000   293.653
980000   292.998
981000   294.235
982000   295.684
983000    297.65
984000   295.138
985000   292.758
986000   291.658
987000   291.666
988000   290.711
989000   294.621
990000   298.173
991000    298.12
992000   292.721
993000   288.989
994000   291.282
995000   290.483
996000   290.633
997000   296.781
998000   300.639
999000   297.403
1000000   297.548
1001000    294.81
1002000   302.093
1003000    302.25
1004000   300.814
1005000    301.53
1006000   301.454
1007000   301.478
1008000   299.682
1009000   294.547
1010000   290.262
1011000   286.839
1012000   288.047
1013000   295.622
1014000   291.039
1015000   289.664
1016000   293.517
1017000   296.139
1018000   295.642
1019000   300.073
1020000   291.618
1021000    293.58
1022000    298.03
1023000    291.62
1024000   293.626
1025000   295.149
1026000   292.823
1027000   290.614
1028000   291.601
1029000   291.849
1030000   290.489
1031000   295.016
1032000   294.912
1033000   297.296
1034000   298.702
1035000   294.058
1036000     299.8
1037000   300.236
1038000   294.619
1039000   291.538
1040000     293.5
1041000   292.688
1042000   293.003
1043000   300.475
1044000   298.396
1045000   298.596
1046000    289.39
1047000    297.63
1048000   292.123
1049000   289.317
1050000   289.119
1051000   285.045
1052000   295.565
1053000   296.635
1054000    298.51
1055000   297.673
1056000   302.324
1057000   299.808
1058000   297.485
1059000   296.689
1060000   303.647
1061000   296.192
1062000   297.857
1063000   299.687
1064000   299.926
1065000   308.387
1066000   299.497
1067000   291.806
1068000     295.6
1069000   297.544
1070000    298.98
1071000   302.709
1072000   302.415
1073000   300.622
1074000    291.58
1075000   295.388
1076000   290.605
1077000   288.302
1078000   290.301
1079000   292.162
1080000   288.534
1081000   295.609
1082000   296.698
1083000   291.703
1084000   297.089
1085000   297.747
1086000   298.899
1087000   301.156
1088000   300.263
1089000   297.889
1090000   299.947
1091000   297.634
1092000   299.042
1093000    293.03
1094000   292.462
1095000   294.876
1096000   298.953
1097000   299.194
1098000   298.004
1099000   292.988
1100000   295.622
1101000   294.007
1102000   293.404
1103000   301.923
1104000   300.177
1105000   297.383
1106000   303.098
1107000   301.185
1108000   299.967
1109000   302.738
1110000   301.353
1111000   298.976
1112000   297.098
1113000   294.187
1114000   293.345
1115000   293.634
1116000   298.922
1117000   303.183
1118000   300.178
1119000   301.327
1120000   301.229
1121000    293.95
1122000   299.744
1123000   299.757
1124000   295.303
1125000    291.98
1126000   293.084
1127000   296.114
1128000   292.211
1129000   292.221
1130000   291.572
1131000    292.51
1132000   292.151
1133000   286.785
1134000   289.371
1135000   289.904
1136000   294.679
1137000   290.819
1138000   292.554
1139000   303.357
1140000   297.446
1141000   295.036
1142000   295.695
1143000   291.211
1144000   290.213
1145000   291.346
1146000   291.913
1147000   294.661
1148000   299.386
1149000   291.855
1150000   290.193
1151000   293.385
1152000   289.726
1153000    296.64
1154000   294.647
1155000   295.992
1156000   291.685
1157000   294.497
1158000   299.562
1159000   295.531
1160000    293.23
1161000   289.181
1162000   293.771
1163000   298.017
1164000   300.288
1165000   302.984
1166000   299.345
1167000   296.261
1168000   299.153
1169000   298.749
1170000   297.031
1171000   298.752
1172000    300.69
1173000   301.991
1174000   298.739
1175000   305.525
1176000   302.062
1177000   297.819
1178000   300.233
1179000   305.195
1180000   303.135
1181000   303.466
1182000   288.823
1183000   291.967
1184000   291.565
1185000   288.871
1186000   299.439
1187000   299.937
1188000   292.689
1189000   295.267
1190000   290.232
1191000   298.979
1192000   304.125
1193000   304.772
1194000   303.095
1195000   302.042
1196000   300.749
1197000   301.377
1198000    297.36
1199000   296.893
1200000   300.214
1201000   294.893
1202000   296.209
1203000   295.722
1204000   295.276
1205000   293.758
1206000    293.76
1207000   293.022
1208000   297.085
1209000   294.138
1210000   293.957
1211000   290.588
1212000   279.897
1213000   286.409
1214000   291.855
1215000   287.986
1216000   291.477
1217000   296.331
1218000    297.33
1219000   296.789
1220000    297.98
1221000   292.969
1222000   293.015
1223000   298.177
1224000   299.468
1225000   301.404
1226000   301.465
1227000   298.099
1228000   297.755
1229000   300.318
1230000    293.81
1231000   294.131
1232000   300.877
1233000   295.518
1234000   301.477
1235000   297.474
1236000   301.915
1237000   299.699
1238000   293.069
1239000   294.221
1240000   292.468
1241000   291.374
1242000   299.713
1243000    299.09
1244000   297.965
1245000   297.465
1246000   294.481
1247000   296.884
1248000   299.083
1249000   297.453
1250000   295.402
1251000   295.988
1252000   297.858
1253000    297.82
1254000   298.649
1255000   295.016
1256000   295.945
1257000   299.933
1258000   301.134
1259000   301.192
1260000   293.847
1261000   291.152
1262000   296.474
1263000   287.339
1264000   290.888
1265000   288.004
1266000   290.537
1267000    287.98
1268000   293.274
1269000   288.891
1270000   291.609
1271000    290.82
1272000   292.735
1273000   288.135
1274000   286.148
1275000   290.208
1276000   287.698
1277000   289.388
1278000   286.469
1279000   292.298
1280000   292.157
1281000    298.81
1282000   295.801
1283000   294.211
1284000   290.618
1285000   294.266
1286000   297.383
1287000   293.474
1288000   292.875
1289000   290.757
1290000   293.313
1291000   293.095
1292000   290.242
1293000   284.081
1294000   285.987
1295000   285.714
1296000   283.622
1297000   287.877
1298000   292.176
1299000   292.547
1300000   293.584
1301000   290.064
1302000   287.327
1303000   289.624
1304000   291.347
1305000   291.335
1306000   293.319
1307000   294.608
1308000   290.635
1309000   291.874
1310000   298.724
1311000   297.638
1312000   297.016
1313000   296.153
1314000   290.647
1315000   295.235
1316000   288.713
1317000   295.784
1318000   292.916
1319000   291.169
1320000   297.372
1321000    295.67
1322000   296.162
1323000   293.951
1324000   291.325
1325000   292.055
1326000   295.065
1327000   293.942
1328000   293.439
1329000   289.528
1330000   297.839
1331000   301.387
1332000   297.406
1333000   300.453
1334000   297.142
1335000   298.511
1336000   297.452
1337000    293.46
1338000   296.704
1339000   293.904
1340000   293.965
1341000   295.231
1342000   290.403
1343000   292.489
1344000   297.144
1345000   297.994
1346000   301.999
1347000   295.605
1348000   294.066
1349000   292.839
1350000   293.804
1351000   290.845
1352000   284.776
1353000   285.409
1354000   285.238
1355000   278.858
1356000   281.943
1357000    288.92
1358000   283.233
1359000   284.983
1360000   289.212
1361000   292.159
1362000    290.07
1363000   287.479
1364000   287.925
1365000   288.897
1366000   290.876
1367000   294.073
1368000   291.025
1369000   291.361
1370000   287.981
1371000   291.616
1372000   291.321
1373000   295.903
1374000   296.853
1375000   293.873
1376000   295.554
1377000   300.552
1378000   299.084
1379000   296.177
1380000   296.497
1381000   293.453
1382000   294.746
1383000   296.988
1384000   300.968
1385000   299.423
1386000   290.533
1387000   297.368
1388000   298.246
1389000   298.241
1390000   291.698
1391000   292.606
1392000   292.648
1393000   298.081
1394000   295.654
1395000   294.426
1396000    296.93
1397000   294.713
1398000   297.041
1399000   293.565
1400000   303.911
1401000   301.595
1402000   301.972
1403000   301.907
1404000   299.944
1405000   301.478
1406000   296.297
1407000   297.284
1408000   290.981
1409000   294.748
1410000   290.548
1411000   288.342
1412000   291.002
1413000   293.233
1414000   296.669
1415000    293.96
1416000   293.347
1417000   289.209
1418000   292.019
1419000   289.252
1420000   288.717
1421000   292.138
1422000   291.845
1423000   293.155
1424000   287.197
1425000   286.281
1426000   292.458
1427000   292.042
1428000   290.075
1429000   291.735
1430000   300.097
1431000   297.908
1432000   293.617
1433000   295.902
1434000   293.664
1435000   293.619
1436000   295.655
1437000   295.944
1438000   299.077
1439000   299.836
1440000    301.98
1441000   300.971
1442000   301.886
1443000   296.747
1444000   289.205
1445000   291.653
1446000   293.426
1447000   298.061
1448000   293.373
1449000    292.25
1450000   288.737
1451000   296.557
1452000    301.46
1453000    299.28
1454000   300.105
1455000   296.414
1456000   294.605
1457000   296.683
1458000   298.085
1459000   298.864
1460000   302.522
1461000   296.012
1462000   296.695
1463000   295.973
1464000   297.169
1465000    293.52
1466000   290.576
1467000   294.132
1468000   300.456
1469000   291.909
1470000   302.021
1471000   297.655
1472000   297.665
1473000   292.115
1474000   293.972
1475000   295.469
1476000   293.122
1477000   292.776
1478000   299.677
1479000   298.525
1480000   289.362
1481000   288.954
1482000   291.436
1483000   291.475
1484000   296.286
1485000   288.934
1486000   290.719
1487000   294.371
1488000   291.492
1489000   291.834
1490000   289.677
1491000   294.876
1492000   295.408
1493000     294.6
1494000   296.182
1495000    296.86
1496000   297.353
1497000   295.818
1498000   297.292
1499000   293.167
1500000   293.596
1501000   294.922
1502000   292.038
1503000   299.565
1504000   296.587
1505000   292.712
1506000   288.681
1507000   286.855
1508000   287.932
1509000   290.876
1510000    288.02
1511000   290.424
1512000   290.662
1513000   291.847
1514000   292.237
1515000    287.46
1516000    289.03
1517000   290.717
1518000   289.127
1519000   290.375
1520000   290.176
1521000   288.268
1522000   286.338
1523000   292.195
1524000   297.782
1525000   292.693
1526000   295.902
1527000   293.274
1528000   297.032
1529000   294.674
1530000    293.06
1531000   298.522
1532000   296.154
1533000   295.898
1534000   301.497
1535000   297.462
1536000   296.256
1537000   292.778
1538000   297.152
1539000   296.478
1540000   294.093
1541000   294.534
1542000    291.39
1543000   288.791
1544000   292.868
1545000   291.992
1546000   292.132
1547000   289.796
1548000   293.944
1549000   295.651
1550000   292.216
1551000    296.21
1552000   291.786
1553000   292.829
1554000   293.464
1555000   296.552
1556000    295.25
1557000   293.399
1558000    293.64
1559000   293.226
1560000   291.896
1561000   297.608
1562000   294.914
1563000   293.818
1564000   300.544
1565000   301.731
1566000   291.263
1567000   287.895
1568000   289.386
1569000   293.238
1570000    288.18
1571000   293.039
1572000   295.777
1573000   292.566
1574000   295.216
1575000   296.872
1576000   294.998
1577000   289.601
1578000   295.808
1579000   295.298
1580000   293.236
1581000   294.826
1582000   297.746
1583000    297.01
1584000   300.779
1585000   292.437
1586000    288.41
1587000   288.786
1588000   295.849
1589000   288.763
1590000   292.301
1591000   295.978
1592000   295.189
1593000   297.131
1594000   291.708
1595000   292.258
1596000   291.295
1597000   294.705
1598000   299.045
1599000    299.12
1600000   302.535
1601000   298.895
1602000   299.482
1603000   298.184
1604000   296.677
1605000   294.976
1606000   292.493
1607000   291.762
1608000    296.01
1609000   294.191
1610000   299.476
1611000   297.605
1612000   295.421
1613000   300.083
1614000   295.982
1615000   302.774
1616000   298.822
1617000   297.405
1618000   298.864
1619000   302.911
1620000   301.009
1621000   298.893
1622000   295.933
1623000   298.392
1624000   290.443
1625000    289.81
1626000   292.447
1627000   298.622
1628000   299.116
1629000   299.012
1630000   290.398
1631000   292.185
1632000   291.194
1633000   300.519
1634000   301.443
1635000   297.363
1636000   296.499
1637000   287.965
1638000   288.385
1639000   288.461
1640000   287.728
1641000   287.242
1642000   289.288
1643000   295.132
1644000    291.42
1645000   289.257
1646000    290.07
1647000   280.086
1648000   289.435
1649000   292.891
1650000   293.052
1651000   294.595
1652000   290.473
1653000   294.831
1654000   291.969
1655000   291.467
1656000   284.983
1657000   294.268
1658000   298.828
1659000   293.464
1660000   290.037
1661000   290.534
1662000   291.191
1663000   297.387
1664000   294.652
1665000   299.547
1666000   298.033
1667000     296.5
1668000   297.831
1669000    303.55
1670000   300.916
1671000   297.209
1672000    295.45
1673000   291.892
1674000   298.249
1675000    291.82
1676000   290.536
1677000   292.874
1678000   295.654
1679000   294.891
1680000   294.092
1681000   295.716
1682000   295.122
1683000    299.66
1684000   300.213
1685000   301.106
1686000   302.304
1687000   300.226
1688000   295.418
1689000   299.833
1690000   300.564
1691000   301.089
1692000    298.63
1693000   299.152
1694000   298.014
1695000   297.723
1696000    291.16
1697000   292.629
1698000   294.246
1699000   297.133
1700000   296.829
1701000   297.704
1702000   293.242
1703000   291.343
1704000   297.318
1705000   297.082
1706000   293.942
1707000   291.666
1708000   290.302
1709000   285.229
1710000   291.113
1711000   286.401
1712000   283.153
1713000   285.727
1714000   285.037
1715000   287.202
1716000   288.074
1717000   285.347
1718000   288.086
1719000    288.97
1720000   285.277
1721000   285.672
1722000   293.789
1723000    293.86
1724000     293.8
1725000   293.114
1726000   297.227
1727000   298.229
1728000   293.656
1729000   291.368
1730000   292.286
1731000   292.767
1732000   293.126
1733000   301.907
1734000   301.272
1735000   304.725
1736000   298.894
1737000   295.425
1738000   299.259
1739000   297.492
1740000   297.158
1741000   299.151
1742000   295.258
1743000   294.912
1744000   292.426
1745000   290.927
1746000   294.631
1747000   299.647
1748000   296.477
1749000    298.48
1750000   296.961
1751000   294.148
1752000   291.482
1753000   292.495
1754000    291.78
1755000   290.822
1756000   297.497
1757000   294.612
1758000   297.667
1759000   297.636
1760000   294.784
1761000   293.143
1762000   291.523
1763000   294.717
1764000   296.164
1765000   298.302
1766000   295.786
1767000   297.693
1768000   291.459
1769000    288.74
1770000   293.455
1771000   299.166
1772000   296.815
1773000   294.865
1774000   296.387
1775000    298.97
1776000   297.725
1777000   288.016
1778000     292.7
1779000   294.897
1780000   294.553
1781000   294.378
1782000   296.419
1783000   289.676
1784000   288.402
1785000   292.267
1786000   298.519
1787000   292.802
1788000   290.928
1789000   297.298
1790000   291.528
1791000    293.82
1792000   297.369
1793000   294.679
1794000   300.113
1795000   297.014
1796000   298.155
1797000   296.688
1798000   297.121
1799000   296.748
1800000   294.971
1801000   296.261
1802000   301.801
1803000   301.838
1804000   308.761
1805000   300.974
1806000   301.357
1807000   295.667
1808000   293.468
1809000   296.416
1810000   293.837
1811000   297.671
1812000   300.815
1813000   297.643
1814000   292.842
1815000   294.703
1816000   300.992
1817000     300.3
1818000    297.12
1819000   298.773
1820000   301.046
1821000   297.405
1822000   297.056
1823000   295.024
1824000    296.29
1825000   298.809
1826000   301.455
1827000   300.595
1828000   304.154
1829000   302.126
1830000   305.094
1831000   299.241
1832000   298.694
1833000   293.352
1834000   293.533
1835000   294.617
1836000   298.252
1837000   300.399
1838000   298.325
1839000    305.05
1840000   299.073
1841000   294.572
1842000   293.385
1843000   292.187
1844000   292.826
1845000    294.88
1846000   294.646
1847000   291.718
1848000   292.023
1849000   295.415
1850000   295.428
1851000   294.516
1852000   293.221
1853000   296.524
1854000   295.346
1855000   292.361
1856000   289.575
1857000   292.875
1858000   295.347
1859000   288.947
1860000   289.282
1861000   287.806
1862000   291.271
1863000   292.078
1864000   293.489
1865000    295.32
1866000   297.246
1867000   297.722
1868000   296.898
1869000   295.971
1870000   292.813
1871000   300.331
1872000   296.928
1873000   298.005
1874000   299.631
1875000   297.476
1876000   300.878
1877000   294.527
1878000   299.962
1879000   290.574
1880000   293.587
1881000   294.517
1882000   295.693
1883000   288.683
1884000    294.07
1885000   297.463
1886000   297.565
1887000   297.528
1888000   296.778
1889000   295.661
1890000    291.46
1891000   290.488
1892000   286.881
1893000   289.713
1894000   293.597
1895000   290.914
1896000   290.315
1897000   293.612
1898000   297.153
1899000   292.189
1900000   289.468
1901000   284.719
1902000   284.789
1903000    286.95
1904000    292.28
1905000   289.047
1906000   286.759
1907000   288.852
1908000   293.783
1909000   287.505
1910000   296.296
1911000   294.226
1912000   291.505
1913000   292.243
1914000   298.763
1915000   299.165
1916000   296.929
1917000   293.917
1918000   293.977
1919000   300.089
1920000   296.319
1921000    296.11
1922000   301.376
1923000   300.585
1924000   301.689
1925000   304.868
1926000    304.78
1927000    299.15
1928000   302.679
1929000   299.695
1930000   298.973
1931000   302.624
1932000   303.246
1933000   299.854
1934000   298.287
1935000   298.449
1936000   291.861
1937000   293.294
1938000   290.102
1939000   293.066
1940000   293.613
1941000   293.106
1942000   298.472
1943000   297.091
1944000   301.038
1945000   303.013
1946000   298.798
1947000   295.149
1948000   293.657
1949000   295.632
1950000   299.063
1951000   297.076
1952000   293.603
1953000    297.26
1954000   298.086
1955000   295.349
1956000   300.452
1957000   302.785
1958000   299.236
1959000    303.74
1960000   295.801
1961000   293.765
1962000   300.132
1963000   301.201
1964000   299.378
1965000   294.421
1966000   291.679
1967000   301.291
1968000   300.765
1969000    298.99
1970000   295.881
1971000   293.765
1972000    296.07
1973000    296.37
1974000   295.283
1975000   293.891
1976000   302.102
1977000   298.265
1978000   305.687
1979000    302.25
1980000   300.029
1981000   298.905
1982000   299.728
1983000    293.95
1984000   290.531
1985000   291.618
1986000   293.047
1987000   291.078
1988000   295.105
1989000   296.493
1990000   294.843
1991000    290.72
1992000   298.416
1993000   299.822
1994000   298.678
1995000   303.909
1996000   300.182
1997000   302.767
1998000   299.447
1999000   294.946
2000000   301.481
2001000   302.008
2002000   297.983
2003000   292.925
2004000   294.612
2005000   305.658
2006000   305.795
2007000   304.373
2008000   300.487
2009000   301.638
2010000   304.021
2011000   306.376
2012000   303.143
2013000   301.285
2014000   302.654
2015000   299.083
2016000   297.292
2017000   293.859
2018000   294.595
2019000   290.995
2020000   293.398
2021000   291.377
2022000   290.522
2023000   296.093
2024000   299.135
2025000   292.994
2026000   296.491
2027000   288.172
2028000   290.355
2029000   282.487
2030000   283.411
2031000   289.229
2032000   295.316
2033000   291.457
2034000   293.641
2035000   290.715
2036000   297.765
2037000   297.869
2038000   293.038
2039000   290.717
2040000    288.78
2041000   290.768
2042000   290.453
2043000   291.114
2044000   291.691
2045000   293.528
2046000   290.855
2047000   291.478
2048000   299.987
2049000   292.846
2050000   294.858
2051000   297.475
2052000   296.425
2053000   295.549
2054000   299.084
2055000    298.06
2056000   298.182
2057000    301.83
2058000   295.822
2059000   291.225
2060000   290.254
2061000     290.9
2062000   297.108
2063000   293.162
2064000    291.47
2065000   291.423
2066000   289.231
2067000   296.123
2068000   288.762
2069000   290.966
2070000   291.042
2071000   287.368
2072000     287.7
2073000   284.463
2074000   286.696
2075000   290.333
2076000    289.98
2077000   290.917
2078000    291.02
2079000   290.388
2080000   294.711
2081000   290.359
2082000   292.943
2083000   297.518
2084000   297.901
2085000   297.481
2086000   290.839
2087000   292.986
2088000    288.31
2089000   288.641
2090000   290.842
2091000    292.58
2092000   289.506
2093000   290.917
2094000   288.785
2095000   287.274
2096000    287.25
2097000   293.253
2098000   292.921
2099000   291.531
2100000   291.936
2101000    295.02
2102000    291.89
2103000   289.658
2104000    298.41
2105000    295.92
2106000   294.306
2107000   285.778
2108000    290.41
2109000   290.479
2110000   296.234
2111000    296.19
2112000   296.579
2113000    296.31
2114000   292.965
2115000    295.54
2116000   294.943
2117000   291.752
2118000   293.264
2119000   290.623
2120000   297.126
2121000   303.706
2122000   297.621
2123000    299.68
2124000   293.477
2125000   295.932
2126000   294.032
2127000   299.608
2128000   302.163
2129000   305.263
2130000   294.327
2131000     291.5
2132000   295.415
2133000   295.146
2134000   295.669
2135000   296.722
2136000    295.73
2137000   293.567
2138000   295.563
2139000   297.893
2140000   296.468
2141000    291.85
2142000   288.021
2143000   283.239
2144000   286.691
2145000   289.943
2146000    290.91
2147000   287.177
2148000   280.309
2149000   282.367
2150000   285.989
2151000   289.188
2152000   293.958
2153000   291.862
2154000    293.14
2155000    296.94
2156000   297.593
2157000   297.487
2158000   294.962
2159000   297.015
2160000   297.111
2161000   296.673
2162000   302.975
2163000   301.075
2164000   299.127
2165000   301.483
2166000   297.853
2167000   303.135
2168000   302.247
2169000   296.621
2170000   299.261
2171000   296.925
2172000   294.984
2173000   292.154
2174000    295.08
2175000   297.756
2176000   295.748
2177000   295.979
2178000    301.19
2179000   292.359
2180000    298.19
2181000    300.77
2182000   300.885
2183000   302.536
2184000   300.664
2185000   298.036
2186000   295.583
2187000    291.86
2188000    293.23
2189000   291.828
2190000   295.189
2191000   294.733
2192000   303.319
2193000   299.677
2194000   294.832
2195000   296.634
2196000    297.72
2197000   293.692
2198000   296.373
2199000   293.865
2200000    295.63
2201000    293.49
2202000   293.049
2203000   286.718
2204000   286.929
2205000   288.598
2206000   296.934
2207000   291.236
2208000   289.636
2209000   289.567
2210000   293.549
2211000   290.807
2212000   291.825
2213000   289.786
2214000    287.63
2215000   298.261
2216000   293.336
2217000    297.57
2218000    293.92
2219000   293.138
2220000   297.359
2221000   289.255
2222000   290.958
2223000   290.724
2224000   291.509
2225000   295.602
2226000    300.39
2227000   295.114
2228000   293.187
2229000   292.192
2230000   290.754
2231000   290.124
2232000   292.272
2233000   286.214
2234000   284.068
2235000   289.118
2236000   291.911
2237000   292.058
2238000   292.747
2239000   288.739
2240000   285.952
2241000   287.971
2242000    290.27
2243000   291.596
2244000   291.669
2245000    293.13
2246000   289.127
2247000   287.211
2248000    292.61
2249000   294.768
2250000   292.881
2251000   291.776
2252000   290.631
2253000   289.735
2254000   289.572
2255000   293.229
2256000   292.873
2257000   285.642
2258000   287.955
2259000   289.727
2260000   289.748
2261000   287.996
2262000   289.827
2263000   295.846
2264000   301.874
2265000   295.878
2266000   294.229
2267000   294.799
2268000   296.969
2269000   295.456
2270000   292.471
2271000   293.156
2272000   296.047
2273000   295.104
2274000   291.723
2275000   288.823
2276000   291.702
2277000   293.978
2278000   296.264
2279000   293.396
2280000   286.923
2281000   286.423
2282000   292.778
2283000   293.799
2284000   298.073
2285000   297.187
2286000   292.083
2287000   294.078
2288000   301.198
2289000   303.361
2290000   302.937
2291000   299.142
2292000   297.244
2293000   293.484
2294000    299.38
2295000   300.019
2296000   295.216
2297000   302.075
2298000   301.944
2299000   308.873
2300000    308.49
2301000   306.335
2302000   301.242
2303000   299.141
2304000   294.034
2305000   301.545
2306000   299.806
2307000   299.286
2308000   304.217
2309000   298.287
2310000   296.162
2311000   294.507
2312000   296.264
2313000   296.387
2314000    290.36
2315000   291.299
2316000   293.387
2317000   298.787
2318000   299.197
2319000   297.335
2320000   293.365
2321000   296.189
2322000   294.273
2323000   297.776
2324000   296.505
2325000   297.315
2326000   299.035
2327000   297.136
2328000   298.434
2329000   297.513
2330000   298.193
2331000   294.406
2332000    293.25
2333000   291.069
2334000   290.638
2335000    288.67
2336000   289.874
2337000   292.778
2338000   294.996
2339000   288.302
2340000   283.645
2341000   289.755
2342000   291.556
2343000   297.872
2344000   300.675
2345000   303.791
2346000   302.014
2347000   298.739
2348000   297.629
2349000   294.194
2350000   297.417
2351000   297.395
2352000    292.62
2353000   289.596
2354000   295.644
2355000   294.085
2356000   290.724
2357000   297.151
2358000   293.528
2359000   294.604
2360000    294.73
2361000   295.882
2362000   297.016
2363000   299.494
2364000   293.251
2365000   297.716
2366000   296.149
2367000   293.926
2368000    292.75
2369000   301.991
2370000   294.189
2371000   297.289
2372000   295.173
2373000   296.221
2374000    296.72
2375000   296.739
2376000   302.258
2377000   299.091
2378000   298.884
2379000    293.26
2380000   295.299
2381000   290.958
2382000   290.978
2383000   292.115
2384000   294.373
2385000   295.675
2386000   294.832
2387000   294.318
2388000   294.805
2389000   297.892
2390000   296.706
2391000     297.3
2392000   298.781
2393000   301.385
2394000    299.94
2395000   301.724
2396000   301.438
2397000   298.659
2398000   299.791
2399000   297.495
2400000   297.187
2401000   296.908
2402000   294.783
2403000   288.573
2404000   292.895
2405000   292.047
2406000    288.62
2407000   292.325
2408000   290.669
2409000   292.394
2410000   293.628
2411000   289.684
2412000   289.544
2413000   296.684
2414000   292.935
2415000    288.38
2416000   293.448
2417000   293.619
2418000    294.41
2419000    296.89
2420000   295.115
2421000   297.096
2422000   295.586
2423000   294.143
2424000   297.447
2425000     294.3
2426000   293.204
2427000   292.341
2428000    292.44
2429000   297.755
2430000   293.717
2431000   293.074
2432000   295.453
2433000   298.628
2434000    302.11
2435000   295.513
2436000   286.075
2437000   290.599
2438000   292.958
2439000   295.309
2440000   300.536
2441000   297.184
2442000   294.259
2443000   294.104
2444000   296.606
2445000   298.698
2446000   294.335
2447000   296.142
2448000   297.278
2449000   286.755
2450000   288.655
2451000   295.207
2452000   297.704
2453000   296.241
2454000   300.269
2455000   294.035
2456000   293.283
2457000   298.286
2458000    296.54
2459000   302.837
2460000   300.097
2461000   296.454
2462000   298.464
2463000   294.666
2464000   293.642
2465000   298.339
2466000   295.957
2467000   296.961
2468000   294.443
2469000   299.011
2470000   299.959
2471000   297.792
2472000   298.701
2473000   297.282
2474000   291.254
2475000   294.852
2476000   295.029
2477000   291.434
2478000   297.786
2479000   300.408
2480000   298.265
2481000   295.791
2482000   296.688
2483000   296.646
2484000   293.336
2485000   294.395
2486000   287.628
2487000   285.848
2488000    290.77
2489000   299.481
2490000   291.862
2491000   295.459
2492000   296.104
2493000    296.09
2494000   297.206
2495000   298.164
2496000   298.519
2497000     297.5
2498000   295.922
2499000   300.994
2500000   301.359
2501000   303.001
2502000   299.178
2503000   301.982
2504000   298.178
2505000    293.77
2506000   293.125
2507000   292.328
2508000    299.03
2509000   305.098
2510000   304.244
2511000   298.459
2512000   295.821
2513000   292.167
2514000   291.903
2515000   293.303
2516000   291.801
2517000   290.843
2518000   289.194
2519000   281.999
2520000   283.631
2521000    292.62
2522000   290.257
2523000   288.846
2524000   288.822
2525000   290.766
2526000   292.257
2527000   291.823
2528000   289.788
2529000   285.882
2530000   289.462
2531000    294.64
2532000   295.918
2533000   291.623
2534000   297.069
2535000   297.765
2536000   295.164
2537000   292.265
2538000   294.395
2539000    296.57
2540000   294.809
2541000   294.767
2542000   295.367
2543000   294.883
2544000    298.38
2545000   299.208
2546000   300.469
2547000    288.85
2548000   291.563
2549000   290.373
2550000   291.593
2551000    286.88
2552000   290.468
2553000   295.912
2554000   296.774
2555000   298.898
2556000   300.376
2557000   298.636
2558000   300.819
2559000   304.063
2560000   297.989
2561000   294.843
2562000   296.734
2563000   300.205
2564000   290.413
2565000   298.695
2566000   298.249
2567000   300.025
2568000   296.365
2569000   298.919
2570000   303.312
2571000   302.304
2572000   294.845
2573000   295.258
2574000   294.922
2575000   295.142
2576000   292.567
2577000   292.976
2578000   290.886
2579000   298.066
2580000   300.035
2581000   295.671
2582000   296.486
2583000   291.839
2584000   296.756
2585000   303.124
2586000    298.33
2587000   293.612
2588000   295.414
2589000    297.27
2590000   298.732
2591000   297.888
2592000   291.985
2593000   294.388
2594000   297.142
2595000    298.06
2596000   292.958
2597000   291.479
2598000   298.957
2599000   298.106
2600000   296.854
2601000     295.5
2602000   293.015
2603000   297.347
2604000    298.66
2605000   301.221
2606000   293.208
2607000   295.789
2608000   292.184
2609000   292.819
2610000   289.437
2611000   292.026
2612000   289.396
2613000   293.589
2614000   290.779
2615000   288.904
2616000   291.792
2617000   290.341
2618000   288.457
2619000   287.449
2620000   290.556
2621000   293.543
2622000   291.096
2623000   293.368
2624000   288.125
2625000   282.647
2626000   285.126
2627000   288.172
2628000   289.419
2629000   291.312
2630000   283.935
2631000   286.986
2632000   293.338
2633000   293.989
2634000   293.712
2635000   296.914
2636000   292.545
2637000   294.817
2638000   297.387
2639000   296.143
2640000   291.667
2641000   290.674
2642000   291.367
2643000   290.642
2644000   292.995
2645000   295.377
2646000   293.141
2647000   295.206
2648000    290.59
2649000   292.444
2650000   294.528
2651000   290.266
2652000   293.213
2653000   295.691
2654000   299.023
2655000   295.299
2656000   297.198
2657000   295.587
2658000    296.24
2659000   297.833
2660000   294.902
2661000   301.455
2662000    299.64
2663000   295.458
2664000   291.637
2665000   297.726
2666000   295.877
2667000   292.829
2668000   292.998
2669000   287.263
2670000   295.438
2671000   289.003
2672000    293.74
2673000   294.407
2674000   292.063
2675000   292.611
2676000   294.709
2677000   292.952
2678000   288.928
2679000   292.006
2680000   288.753
2681000   290.401
2682000   291.715
2683000   295.004
2684000   292.051
2685000    291.19
2686000   290.969
2687000    296.45
2688000   304.186
2689000   300.873
2690000   295.599
2691000   293.427
2692000   295.295
2693000   293.295
2694000    296.09
2695000   293.307
2696000   292.464
2697000   292.673
2698000   295.492
2699000   293.108
2700000   293.625
2701000   297.647
2702000   296.855
2703000    292.32
2704000   292.879
2705000   292.957
2706000   296.699
2707000   299.388
2708000   298.929
2709000   299.711
2710000   298.289
2711000   299.727
2712000   306.904
2713000   301.814
2714000   301.054
2715000    296.81
2716000   296.091
2717000   293.499
2718000   296.832
2719000   296.131
2720000   303.176
2721000   299.469
2722000   296.665
2723000   297.843
2724000   295.668
2725000   295.997
2726000   295.819
2727000   302.001
2728000   299.845
2729000   297.188
2730000   294.997
2731000   298.704
2732000   297.794
2733000   301.507
2734000    297.04
2735000   295.938
2736000   294.899
2737000   288.453
2738000   288.663
2739000   289.915
2740000   294.647
2741000   296.506
2742000   301.151
2743000   299.806
2744000   292.907
2745000   296.265
2746000    298.37
2747000    292.64
2748000   297.181
2749000   297.552
2750000   299.324
2751000   298.094
2752000   294.352
2753000   291.771
2754000   295.533
2755000   296.852
2756000   301.175
2757000   301.021
2758000   300.417
2759000   292.063
2760000   289.175
2761000    291.96
2762000   294.567
2763000   291.633
2764000   296.428
2765000   295.313
2766000   292.001
2767000   292.005
2768000   290.032
2769000   289.185
2770000   292.478
2771000   294.638
2772000   293.632
2773000   296.671
2774000   295.939
2775000   297.727
2776000   293.818
2777000   293.864
2778000   292.555
2779000   288.399
2780000   291.985
2781000   287.874
2782000   291.468
2783000   291.998
2784000   293.509
2785000   294.537
2786000   292.971
2787000   293.506
2788000   297.022
2789000    297.34
2790000   293.788
2791000   289.457
2792000    290.04
2793000   293.653
2794000   296.211
2795000   296.705
2796000   293.225
2797000   289.553
2798000    292.64
2799000   291.645
2800000   291.903
2801000   288.648
2802000   289.358
2803000   293.245
2804000   296.495
2805000   295.533
2806000   297.662
2807000   295.866
2808000   293.228
2809000   292.881
2810000   293.089
2811000    294.34
2812000   294.384
2813000    289.66
2814000    297.14
2815000   295.031
2816000   301.795
2817000   297.651
2818000   299.514
2819000   298.198
2820000   302.034
2821000   303.301
2822000   300.225
2823000   298.328
2824000   295.037
2825000   296.318
2826000   296.475
2827000   294.691
2828000   299.583
2829000   303.602
2830000   299.784
2831000   299.055
2832000   293.624
2833000    294.08
2834000   293.372
2835000   294.935
2836000   298.038
2837000   302.632
2838000   299.676
2839000   295.815
2840000    293.87
2841000   299.407
2842000   295.404
2843000     298.8
2844000   296.919
2845000   303.825
2846000   306.245
2847000   303.406
2848000   299.939
2849000   299.213
2850000   301.905
2851000   296.998
2852000   296.138
2853000   294.381
2854000   301.614
2855000   305.148
2856000   305.589
2857000   304.741
2858000   296.271
2859000   292.109
2860000   293.097
2861000   291.469
2862000   300.453
2863000    296.54
2864000   293.577
2865000    296.96
2866000   296.408
2867000    298.63
2868000   294.891
2869000   292.313
2870000   293.006
2871000   289.958
2872000    288.43
2873000   288.513
2874000   285.281
2875000   283.063
2876000   291.061
2877000   285.142
2878000   289.433
2879000   293.479
2880000   291.127
2881000   288.425
2882000   291.835
2883000   291.178
2884000   289.757
2885000   289.921
2886000   288.362
2887000   289.863
2888000   289.048
2889000   286.735
2890000   284.545
2891000   281.571
2892000   289.977
2893000    292.83
2894000   290.267
2895000   284.151
2896000   282.454
2897000   284.217
2898000   292.757
2899000   293.344
2900000   287.117
2901000   290.215
2902000   286.348
2903000   290.671
2904000   295.609
2905000   295.173
2906000   293.549
2907000   293.659
2908000   294.301
2909000   293.434
2910000   295.048
2911000   301.266
2912000   295.228
2913000   294.157
2914000   292.525
2915000    297.24
2916000   298.645
2917000   299.074
2918000   296.296
2919000    301.69
2920000   298.556
2921000   299.837
2922000   296.982
2923000   299.343
2924000   304.723
2925000   305.642
2926000   294.996
2927000    306.05
2928000   305.551
2929000   298.277
2930000   298.692
2931000   296.563
2932000   296.881
2933000   297.533
2934000   299.621
2935000   296.126
2936000   298.588
2937000   297.962
2938000   299.135
2939000   299.293
2940000   301.553
2941000   298.391
2942000   299.246
2943000   297.943
2944000   296.118
2945000   297.352
2946000   299.615
2947000   301.799
2948000   304.111
2949000   298.282
2950000   297.711
2951000   302.493
2952000   299.003
2953000    291.16
2954000   290.787
2955000   296.046
2956000   295.062
2957000   293.422
2958000   292.534
2959000    294.34
2960000   292.646
2961000   292.044
2962000   289.604
2963000   291.885
2964000   294.261
2965000   295.024
2966000   291.977
2967000   290.934
2968000   293.317
2969000   292.695
2970000   297.052
2971000   289.988
2972000   291.252
2973000   293.537
2974000   294.192
2975000   292.217
2976000   290.629
2977000   290.834
2978000   284.849
2979000   285.994
2980000   292.776
2981000   295.056
2982000   294.586
2983000     298.8
2984000   295.736
2985000   294.885
2986000   294.281
2987000   290.487
2988000   293.684
2989000   294.607
2990000   287.482
2991000   289.522
2992000   288.451
2993000   292.169
2994000   296.102
2995000   292.514
2996000   294.528
2997000    295.07
2998000   294.323
2999000    290.76
3000000   295.621
3001000   297.949
3002000   300.473
3003000   295.698
3004000     297.2
3005000   296.766
3006000   299.097
3007000   297.392
3008000   297.748
3009000   294.021
3010000   289.197
3011000   289.408
3012000   293.985
3013000   296.717
3014000   297.161
3015000   291.989
3016000   300.033
3017000   300.741
3018000   297.168
3019000   299.619
3020000   294.894
3021000   289.162
3022000   298.781
3023000   294.937
3024000   291.566
3025000   289.611
3026000   290.349
3027000   292.556
3028000   289.828
3029000   289.089
3030000   286.625
3031000   295.474
3032000   294.928
3033000   296.801
3034000   293.036
3035000   295.577
3036000   301.033
3037000    296.07
3038000    298.02
3039000   298.335
3040000   297.716
3041000   296.501
3042000   296.979
3043000   296.543
3044000   295.914
3045000   300.171
3046000   296.101
3047000   293.227
3048000   293.638
3049000   290.604
3050000   289.044
3051000   294.972
3052000   298.421
3053000   294.141
3054000   292.678
3055000   296.914
3056000   294.542
3057000    291.95
3058000   290.698
3059000   288.214
3060000   290.071
3061000   291.154
3062000   296.566
3063000   294.639
3064000   296.611
3065000   295.456
3066000   299.282
3067000   289.731
3068000   294.779
3069000   293.039
3070000   297.405
3071000   296.041
3072000   300.241
3073000   303.657
3074000    303.76
3075000   303.149
3076000   297.467
3077000   296.763
3078000   297.265
3079000    297.08
3080000   297.815
3081000   294.621
3082000   295.005
3083000   293.824
3084000   296.352
3085000   296.728
3086000   296.718
3087000   297.899
3088000   294.949
3089000   295.829
3090000   294.713
3091000   296.817
3092000    293.24
3093000   296.831
3094000   295.197
3095000   297.813
3096000   296.129
3097000   295.599
3098000   297.108
3099000   294.812
3100000   296.819
3101000   298.056
3102000   299.622
3103000   301.178
3104000   301.939
3105000   304.129
3106000   304.828
3107000   306.494
3108000   308.462
3109000   307.304
3110000   306.225
3111000    304.87
3112000   302.396
3113000   303.857
3114000   300.247
3115000   295.653
3116000   293.275
3117000   286.096
3118000   290.802
3119000   290.131
3120000    290.75
3121000    286.83
3122000    285.93
3123000   283.671
3124000   284.864
3125000   289.436
3126000   287.011
3127000   296.463
3128000   299.186
3129000   297.943
3130000   302.553
3131000    299.77
3132000   300.569
3133000   297.265
3134000   295.664
3135000    295.03
3136000   290.715
3137000   285.726
3138000   295.985
3139000   296.489
3140000   297.965
3141000   297.342
3142000   299.451
3143000   299.261
3144000   295.136
3145000   298.961
3146000   300.018
3147000   295.496
3148000   301.429
3149000   299.095
3150000   296.277
3151000    293.84
3152000   287.296
3153000   292.896
3154000   293.159
3155000    289.89
3156000   288.618
3157000   295.328
3158000   295.855
3159000   295.148
3160000   295.068
3161000   295.432
3162000   292.777
3163000   294.449
3164000   292.065
3165000   293.563
3166000   293.939
3167000   284.029
3168000   287.783
3169000   294.565
3170000    296.79
3171000    292.91
3172000   300.095
3173000   298.958
3174000   296.801
3175000   298.337
3176000    292.13
3177000   297.344
3178000   297.484
3179000   291.661
3180000   294.555
3181000   291.569
3182000   293.612
3183000   292.242
3184000    292.92
3185000   288.664
3186000   295.502
3187000   295.868
3188000   296.642
3189000   296.376
3190000   299.264
3191000   298.059
3192000   297.273
3193000   293.012
3194000   296.199
3195000   299.139
3196000   302.382
3197000   297.261
3198000   298.424
3199000    300.24
3200000   292.696
3201000   296.761
3202000   296.067
3203000   296.989
3204000   298.475
3205000   298.561
3206000   296.805
3207000    290.03
3208000   294.623
3209000   292.208
3210000   295.583
3211000   293.353
3212000   291.966
3213000   295.661
3214000   291.187
3215000   289.479
3216000   286.183
3217000   287.101
3218000    292.77
3219000   291.763
3220000   285.913
3221000   289.013
3222000   289.602
3223000   280.867
3224000   287.691
3225000   291.096
3226000   287.236
3227000   288.179
3228000   293.071
3229000   288.906
3230000   290.907
3231000   292.257
3232000   293.157
3233000    298.64
3234000   294.377
3235000   294.483
3236000   297.773
3237000   299.071
3238000   296.445
3239000   299.369
3240000   304.495
3241000   297.993
3242000   300.791
3243000   297.758
3244000    296.82
3245000   294.618
3246000   291.299
3247000   294.728
3248000   295.107
3249000   294.556
3250000   298.051
3251000    295.33
3252000   291.359
3253000    289.02
3254000   291.787
3255000   288.057
3256000   289.037
3257000   297.838
3258000   300.054
3259000    301.87
3260000   300.091
3261000   300.459
3262000   295.738
3263000   293.018
3264000   297.141
3265000   293.208
3266000    294.63
3267000     291.7
3268000   291.766
3269000   289.899
3270000   295.476
3271000    299.12
3272000   286.856
3273000    290.87
3274000    295.05
3275000    292.75
3276000   295.447
3277000    294.11
3278000   294.547
3279000   294.474
3280000   295.608
3281000   293.603
3282000   295.973
3283000   295.332
3284000   289.752
3285000   293.604
3286000   296.099
3287000   296.731
3288000   300.526
3289000   301.843
3290000   295.332
3291000   295.537
3292000   292.351
3293000   295.886
3294000   292.176
3295000   292.398
3296000   293.849
3297000   299.261
3298000   298.472
3299000   304.217
3300000    294.66
3301000   298.479
3302000   305.199
3303000   300.568
3304000   297.175
3305000   295.491
3306000   295.616
3307000   295.509
3308000    298.04
3309000   304.638
3310000    297.96
3311000   291.953
3312000   295.854
3313000   293.606
3314000    297.35
3315000   303.834
3316000   304.146
3317000   299.484
3318000   301.872
3319000   297.467
3320000   296.931
3321000    298.51
3322000   297.107
3323000   301.908
3324000   298.486
3325000   299.264
3326000   303.933
3327000   300.684
3328000   300.695
3329000    298.15
3330000   289.705
3331000   287.091
3332000   292.763
3333000    293.25
3334000   288.857
3335000   290.158
3336000   292.369
3337000   297.441
3338000   302.893
3339000   305.438
3340000   302.411
3341000   300.073
3342000   297.286
3343000   298.248
3344000   303.715
3345000   306.987
3346000   308.687
3347000   311.696
3348000   301.518
3349000   304.697
3350000   304.722
3351000   292.655
3352000    296.73
3353000   296.188
3354000   290.677
3355000   289.152
3356000   293.452
3357000   295.559
3358000   292.088
3359000    296.22
3360000   295.735
3361000   294.412
3362000   291.556
3363000    294.37
3364000   296.696
3365000   302.007
3366000   300.464
3367000   300.851
3368000   293.131
3369000    294.27
3370000   293.067
3371000   302.022
3372000   297.916
3373000   300.176
3374000   298.948
3375000   290.463
3376000    295.02
3377000   297.249
3378000   294.758
3379000   297.064
3380000   294.699
3381000   300.658
3382000   295.309
3383000   297.442
3384000   298.782
3385000    301.41
3386000   304.127
3387000    300.94
3388000   304.226
3389000   295.958
3390000   296.038
3391000   287.426
3392000   296.475
3393000   301.064
3394000   304.083
3395000    304.13
3396000   302.477
3397000   302.064
3398000   299.583
3399000   297.887
3400000   294.861
3401000    296.72
3402000   301.606
3403000   304.395
3404000   302.188
3405000   302.076
3406000   298.464
3407000   300.202
3408000   297.147
3409000    302.61
3410000   301.132
3411000   299.806
3412000   296.877
3413000   294.999
3414000   294.037
3415000   294.197
3416000   294.326
3417000   290.505
3418000   297.755
3419000    303.62
3420000   302.979
3421000   291.692
3422000   294.637
3423000   292.075
3424000   294.123
3425000    292.18
3426000   288.759
3427000   290.521
3428000   288.872
3429000   290.502
3430000   295.124
3431000   288.979
3432000   286.663
3433000   284.386
3434000   291.909
3435000   294.174
3436000   294.705
3437000   288.587
3438000   291.034
3439000   295.853
3440000    293.68
3441000   293.325
3442000   288.832
3443000   294.808
3444000   298.412
3445000   301.032
3446000   301.258
3447000   299.102
3448000   290.338
3449000   294.414
3450000   296.287
3451000   294.906
3452000   294.637
3453000   296.119
3454000   294.583
3455000   296.281
3456000   301.621
3457000   300.342
3458000   296.367
3459000    297.49
3460000   296.972
3461000   294.994
3462000   297.278
3463000   301.517
3464000   294.241
3465000   300.721
3466000   297.613
3467000   297.867
3468000   299.689
3469000   302.384
3470000   304.093
3471000   305.686
3472000   298.283
3473000   301.678
3474000    301.45
3475000   299.893
3476000   301.199
3477000   299.893
3478000   298.602
3479000    298.02
3480000   297.131
3481000   297.169
3482000   295.777
3483000   298.817
3484000   291.979
3485000   299.364
3486000   295.078
3487000   301.289
3488000   300.089
3489000   298.276
3490000   292.712
3491000   293.436
3492000   296.883
3493000   295.533
3494000   297.214
3495000   293.366
3496000   295.186
3497000   294.528
3498000   294.321
3499000   297.225
3500000   302.916
3501000   298.798
3502000   294.998
3503000   294.866
3504000   292.846
3505000   295.195
3506000   294.041
3507000   295.478
3508000   295.748
3509000   294.403
3510000   291.502
3511000   291.283
3512000   291.756
3513000   294.742
3514000   289.237
3515000     288.7
3516000   291.089
3517000   288.718
3518000   289.008
3519000   291.712
3520000   290.425
3521000   284.636
3522000   288.229
3523000   287.126
3524000    283.68
3525000   287.451
3526000   291.109
3527000   286.003
3528000   288.765
3529000   287.797
3530000   289.311
3531000   289.877
3532000   293.763
3533000   296.344
3534000   293.828
3535000   292.958
3536000   294.668
3537000   294.959
3538000   296.743
3539000   297.762
3540000   299.166
3541000   296.964
3542000    299.18
3543000   306.525
3544000   299.413
3545000   294.184
3546000     295.5
3547000   295.273
3548000   291.359
3549000   294.923
3550000   289.968
3551000   285.813
3552000   290.659
3553000   294.516
3554000   290.802
3555000   291.029
3556000   291.823
3557000   293.445
3558000   294.961
3559000   299.405
3560000   292.768
3561000   294.696
3562000   297.608
3563000   293.921
3564000   292.875
3565000   296.138
3566000   292.692
3567000   298.108
3568000   299.061
3569000   293.277
3570000   299.639
3571000   302.356
3572000   308.562
3573000   302.219
3574000    301.44
3575000    297.22
3576000   296.382
3577000   292.205
3578000   297.688
3579000   297.676
3580000   295.388
3581000   290.464
3582000   288.793
3583000   292.273
3584000   299.892
3585000   303.017
3586000   297.898
3587000   296.422
3588000   297.853
3589000    299.72
3590000   293.673
3591000   295.407
3592000   297.026
3593000    287.81
3594000   296.134
3595000    297.62
3596000   297.378
3597000   291.895
3598000   289.012
3599000   287.112
3600000   291.755
3601000   293.988
3602000   296.501
3603000   297.941
3604000   291.354
3605000   294.359
3606000   294.622
3607000   297.907
3608000   298.668
3609000   300.788
3610000   298.903
3611000   292.429
3612000   289.078
3613000   283.304
3614000   285.426
3615000   283.647
3616000   288.845
3617000   290.327
3618000   295.747
3619000   290.882
3620000   290.865
3621000   297.551
3622000   298.452
3623000   302.183
3624000    296.85
3625000   297.914
3626000   296.157
3627000   295.834
3628000   296.358
3629000   302.904
3630000   302.089
3631000   301.219
3632000   295.111
3633000   296.241
3634000    289.49
3635000   290.525
3636000   294.463
3637000   296.946
3638000   296.181
3639000   301.331
3640000   299.837
3641000    301.14
3642000   300.713
3643000   295.383
3644000   295.514
3645000   305.094
3646000   297.991
3647000   300.343
3648000   297.277
3649000   294.955
3650000   295.296
3651000   295.733
3652000   299.628
3653000    295.29
3654000   295.658
3655000   296.955
3656000    291.38
3657000   295.851
3658000   291.786
3659000   290.744
3660000   287.671
3661000   291.659
3662000   292.748
3663000   290.104
3664000   293.685
3665000   286.163
3666000   283.885
3667000   286.605
3668000    289.33
3669000   290.786
3670000   295.691
3671000   298.926
3672000   297.386
3673000   293.421
3674000   289.902
3675000   290.461
3676000   289.039
3677000   285.897
3678000   285.148
3679000   293.837
3680000    286.45
3681000   285.046
3682000   293.778
3683000   292.845
3684000   287.418
3685000   292.987
3686000   295.523
3687000       289
3688000   293.569
3689000   292.087
3690000   285.237
3691000   291.315
3692000   285.936
3693000   288.778
3694000   287.744
3695000   287.635
3696000   284.763
3697000   294.292
3698000   288.525
3699000   287.768
3700000   290.235
3701000   296.205
3702000    293.07
3703000   293.876
3704000   296.269
3705000   294.054
3706000    292.47
3707000   292.116
3708000   294.905
3709000   295.592
3710000    289.91
3711000   300.038
3712000   303.548
3713000   296.723
3714000   298.703
3715000    304.83
3716000   303.518
3717000    301.46
3718000   298.027
3719000   294.078
3720000   298.646
3721000   296.741
3722000   298.054
3723000   296.853
3724000    301.08
3725000   296.753
3726000   303.534
3727000   300.306
3728000   300.698
3729000   305.163
3730000   301.007
3731000   295.835
3732000   297.019
3733000   294.109
3734000   294.869
3735000   299.625
3736000   296.756
3737000     294.5
3738000    293.57
3739000   291.934
3740000   299.245
3741000   303.954
3742000   300.086
3743000   301.177
3744000   297.113
3745000   301.256
3746000    303.19
3747000   300.348
3748000   300.625
3749000   295.805
3750000   298.489
3751000   299.608
3752000   299.052
3753000    295.96
3754000   299.465
3755000   293.354
3756000   296.584
3757000   298.114
3758000   298.467
3759000   303.053
3760000   302.056
3761000   300.405
3762000   300.238
3763000   303.133
3764000   298.234
3765000   296.802
3766000   295.284
3767000   295.687
3768000   296.613
3769000   293.852
3770000   293.126
3771000   297.177
3772000   293.838
3773000   294.624
3774000   295.448
3775000   298.356
3776000   294.484
3777000    297.67
3778000   297.295
3779000   294.225
3780000   296.197
3781000   287.259
3782000    297.67
3783000   301.038
3784000    302.82
3785000   295.631
3786000   293.943
3787000   300.473
3788000    296.75
3789000   299.434
3790000    298.04
3791000   294.245
3792000   290.465
3793000   296.913
3794000   295.127
3795000   299.248
3796000   301.892
3797000   303.943
3798000   289.953
3799000   286.966
3800000   285.637
3801000    286.01
3802000   296.154
3803000   302.458
3804000   299.435
3805000   293.182
3806000   297.258
3807000   295.968
3808000   294.166
3809000   292.199
3810000   297.476
3811000   292.208
3812000   294.786
3813000   297.186
3814000   292.371
3815000   295.292
3816000   291.333
3817000   290.608
3818000   291.027
3819000   294.928
3820000   298.814
3821000   297.155
3822000   299.639
3823000   296.393
3824000   295.993
3825000   298.099
3826000   296.884
3827000   299.893
3828000   302.534
3829000   303.964
3830000   293.244
3831000   291.446
3832000     294.5
3833000   294.639
3834000   289.339
3835000   290.544
3836000   290.809
3837000   290.204
3838000   290.917
3839000   288.966
3840000   293.483
3841000   293.417
3842000   293.895
3843000   296.206
3844000   294.236
3845000   291.709
3846000   297.727
3847000   290.688
3848000   292.111
3849000   299.042
3850000   296.813
3851000   290.082
3852000   287.206
3853000   290.217
3854000   294.033
3855000   299.138
3856000   301.601
3857000   292.862
3858000   293.127
3859000    293.15
3860000   293.421
3861000   289.689
3862000   294.023
3863000   292.301
3864000   290.403
3865000   293.283
3866000   288.763
3867000   291.232
3868000   292.825
3869000   298.068
3870000     302.4
3871000   299.646
3872000   296.957
3873000   297.668
3874000   296.875
3875000   301.274
3876000   290.943
3877000   290.412
3878000   292.481
3879000   293.156
3880000   292.099
3881000   293.378
3882000   294.224
3883000   293.994
3884000   291.831
3885000   294.709
3886000   290.807
3887000   291.072
3888000   284.964
3889000   293.883
3890000   297.494
3891000   300.979
3892000   300.609
3893000   297.498
3894000   294.899
3895000   296.564
3896000   300.136
3897000   295.408
3898000   291.259
3899000   292.321
3900000   293.318
3901000   285.322
3902000   287.443
3903000   286.786
3904000   289.094
3905000   294.049
3906000   297.808
3907000   298.039
3908000   292.687
3909000    297.39
3910000   293.498
3911000   292.491
3912000   289.017
3913000    294.37
3914000   291.725
3915000   293.993
3916000   296.615
3917000   298.752
3918000   295.501
3919000   296.356
3920000   290.878
3921000   288.369
3922000   290.096
3923000    293.29
3924000   297.537
3925000   297.452
3926000   301.651
3927000   303.271
3928000   305.372
3929000   301.249
3930000   303.163
3931000   302.991
3932000   304.773
3933000   304.505
3934000   302.544
3935000   302.456
3936000   304.412
3937000   301.217
3938000   296.553
3939000   293.299
3940000   296.006
3941000   303.746
3942000   302.568
3943000   299.203
3944000   298.571
3945000   297.069
3946000   295.177
3947000   299.078
3948000    299.31
3949000   300.886
3950000   297.629
3951000   297.769
3952000   300.766
3953000   298.227
3954000   297.156
3955000   293.129
3956000   294.637
3957000   297.797
3958000   294.279
3959000   296.819
3960000   292.033
3961000   296.233
3962000    298.04
3963000   291.823
3964000   297.517
3965000   302.852
3966000   295.857
3967000   289.896
3968000   291.171
3969000   292.417
3970000   289.651
3971000   291.805
3972000   288.655
3973000   289.069
3974000   290.531
3975000   286.842
3976000   290.611
3977000   290.461
3978000   292.693
3979000   296.092
3980000   293.964
3981000    288.57
3982000   286.492
3983000   285.671
3984000   290.711
3985000   292.448
3986000   296.065
3987000   289.734
3988000   291.404
3989000   292.151
3990000   288.739
3991000   297.948
3992000   286.814
3993000   289.972
3994000   286.537
3995000    284.25
3996000   290.772
3997000   287.843
3998000   291.263
3999000   294.564
4000000    294.35
4001000   291.507
4002000   292.374
4003000   288.673
4004000   291.473
4005000   290.763
4006000   290.365
4007000   289.801
4008000   289.332
4009000   288.945
4010000   285.004
4011000   282.978
4012000   289.892
4013000   290.784
4014000   288.513
4015000   291.122
4016000   288.963
4017000   290.574
4018000   292.742
4019000   291.915
4020000   287.209
4021000   290.916
4022000    299.22
4023000   301.622
4024000   299.431
4025000   298.355
4026000   300.413
4027000   292.571
4028000   292.008
4029000   294.023
4030000   298.227
4031000   296.914
4032000   291.829
4033000   297.394
4034000   301.148
4035000   300.273
4036000   296.175
4037000    296.73
4038000   303.819
4039000   297.709
4040000   294.369
4041000   301.641
4042000   298.294
4043000   300.827
4044000   294.477
4045000   297.173
4046000   292.308
4047000   292.829
4048000   290.511
4049000   297.962
4050000   292.847
4051000   294.072
4052000   292.794
4053000   292.773
4054000   293.817
4055000   295.284
4056000   289.919
4057000   292.588
4058000   292.783
4059000   294.519
4060000    299.02
4061000   292.619
4062000   294.047
4063000   288.574
4064000   288.056
4065000   288.851
4066000     292.2
4067000   292.035
4068000   290.224
4069000   294.502
4070000   295.407
4071000   291.269
4072000   294.587
4073000   299.725
4074000     300.3
4075000   297.038
4076000   298.916
4077000   291.683
4078000   292.038
4079000   293.665
4080000   300.038
4081000   296.584
4082000   297.961
4083000   299.654
4084000    298.96
4085000   299.999
4086000   297.095
4087000   301.202
4088000   299.278
4089000   303.116
4090000   300.511
4091000     295.2
4092000   291.077
4093000   291.949
4094000   299.629
4095000   296.108
4096000   299.296
4097000   297.652
4098000   291.975
4099000    288.25
4100000   292.208
4101000   286.862
4102000    286.74
4103000   292.592
4104000   294.157
4105000   296.053
4106000   300.983
4107000   294.969
4108000   292.043
4109000   296.226
4110000   292.003
4111000   289.042
4112000   296.008
4113000   297.753
4114000   300.881
4115000   302.719
4116000   300.536
4117000   306.025
4118000   299.157
4119000    301.53
4120000   300.148
4121000    300.88
4122000   301.123
4123000   297.201
4124000   298.601
4125000    299.85
4126000   295.231
4127000   302.526
4128000   305.141
4129000   305.104
4130000   303.409
4131000   301.564
4132000   302.511
4133000   301.395
4134000   301.688
4135000   302.923
4136000   303.734
4137000   297.308
4138000   297.751
4139000   298.476
4140000   299.341
4141000   298.138
4142000   295.091
4143000    298.79
4144000   295.489
4145000    295.86
4146000   295.709
4147000   289.633
4148000   293.266
4149000   293.219
4150000   294.028
4151000   298.405
4152000   295.739
4153000   293.038
4154000   291.997
4155000   294.069
4156000    297.62
4157000    293.54
4158000   297.277
4159000   299.273
4160000   295.183
4161000   296.163
4162000   295.102
4163000   298.223
4164000    298.23
4165000   299.964
4166000   299.084
4167000   304.719
4168000   300.046
4169000   301.856
4170000   295.142
4171000   291.555
4172000   300.042
4173000   298.455
4174000   302.399
4175000   291.655
4176000   294.694
4177000    293.34
4178000   301.197
4179000   294.288
4180000   299.409
4181000   304.652
4182000   299.908
4183000   298.488
4184000   301.776
4185000   306.075
4186000   303.251
4187000   303.854
4188000   307.063
4189000    309.06
4190000   303.188
4191000   299.723
4192000   299.154
4193000   302.527
4194000   301.384
4195000   300.395
4196000   294.747
4197000    299.27
4198000   300.761
4199000   298.102
4200000   291.588
4201000   294.502
4202000    298.51
4203000   295.548
4204000   292.594
4205000   293.456
4206000   291.244
4207000   293.979
4208000   293.094
4209000   287.418
4210000   290.621
4211000   290.725
4212000   291.667
4213000   292.315
4214000   289.338
4215000   297.305
4216000   302.244
4217000   298.689
4218000   300.037
4219000   294.907
4220000   296.902
4221000   296.885
4222000    293.29
4223000    292.04
4224000   291.277
4225000   292.776
4226000   294.508
4227000   296.606
4228000   297.712
4229000    294.14
4230000   290.435
4231000   298.999
4232000   298.846
4233000   293.772
4234000   291.749
4235000    297.65
4236000   294.613
4237000   291.703
4238000   295.198
4239000   296.802
4240000   297.153
4241000   297.137
4242000     301.6
4243000   301.438
4244000   296.009
4245000   295.448
4246000   297.435
4247000   297.046
4248000   296.096
4249000   292.956
4250000   292.203
4251000   292.449
4252000   295.472
4253000   296.499
4254000   295.673
4255000   294.745
4256000    293.76
4257000    294.04
4258000   295.716
4259000   297.079
4260000   302.818
4261000   305.227
4262000   308.025
4263000   307.638
4264000   300.274
4265000   299.391
4266000   298.198
4267000   295.445
4268000   293.986
4269000   292.084
4270000   289.695
4271000   290.802
4272000   290.408
4273000   297.945
4274000   296.628
4275000   296.926
4276000   298.719
4277000   297.392
4278000   294.894
4279000   291.614
4280000   291.621
4281000   291.187
4282000   295.891
4283000   296.421
4284000   295.197
4285000    289.69
4286000   288.751
4287000   290.914
4288000   293.206
4289000   297.447
4290000   297.696
4291000   298.456
4292000   299.833
4293000   297.117
4294000   302.099
4295000   296.133
4296000   290.047
4297000   291.356
4298000   289.221
4299000   290.302
4300000   292.806
4301000   297.968
4302000   297.151
4303000   296.063
4304000   294.198
4305000   287.356
4306000   291.227
4307000   295.377
4308000   295.291
4309000   297.126
4310000   298.462
4311000   293.432
4312000   291.655
4313000   294.547
4314000   289.666
4315000   295.036
4316000   298.919
4317000    300.02
4318000   293.545
4319000   296.538
4320000   295.981
4321000   294.256
4322000   289.194
4323000   291.376
4324000   297.566
4325000   292.917
4326000   291.734
4327000   293.135
4328000   299.131
4329000   298.838
4330000   294.208
4331000   295.151
4332000   291.912
4333000   297.874
4334000   294.557
4335000   301.296
4336000   300.837
4337000   300.238
4338000   299.267
4339000   298.736
4340000   303.576
4341000   305.775
4342000   302.103
4343000   296.502
4344000   294.226
4345000   295.022
4346000   292.941
4347000   294.061
4348000   293.563
4349000   295.465
4350000   297.505
4351000   299.682
4352000   296.208
4353000   297.745
4354000   296.777
4355000   294.695
4356000   293.876
4357000   291.155
4358000   296.234
4359000   291.101
4360000   295.119
4361000   293.159
4362000   300.783
4363000   295.122
4364000   298.783
4365000   298.435
4366000   296.905
4367000   294.171
4368000   292.019
4369000   288.974
4370000   295.298
4371000   291.512
4372000    293.04
4373000   297.738
4374000   297.779
4375000   300.087
4376000    295.91
4377000   288.438
4378000    291.75
4379000    295.84
4380000   288.996
4381000    290.61
4382000   285.182
4383000   286.741
4384000   291.532
4385000   293.235
4386000    288.13
4387000   289.632
4388000   291.504
4389000   292.643
4390000   294.898
4391000   292.653
4392000   297.207
4393000   297.226
4394000   295.519
4395000   294.452
4396000   296.759
4397000     291.2
4398000   295.097
4399000   288.801
4400000   290.209
4401000   295.595
4402000   297.577
4403000   292.757
4404000   293.357
4405000   295.352
4406000   298.634
4407000   295.711
4408000   300.652
4409000   301.565
4410000   302.733
4411000    295.51
4412000   294.723
4413000   298.655
4414000   297.398
4415000   298.093
4416000   298.432
4417000   301.761
4418000   301.898
4419000   301.513
4420000   304.107
4421000   302.913
4422000   300.347
4423000   303.512
4424000   299.262
4425000   298.551
4426000   300.033
4427000    307.36
4428000   308.346
4429000   308.403
4430000   302.268
4431000   299.596
4432000   299.322
4433000   299.032
4434000   293.403
4435000   299.664
4436000   299.269
4437000   296.956
4438000   295.295
4439000    293.79
4440000   294.936
4441000   294.169
4442000   297.913
4443000   298.647
4444000   294.741
4445000   293.594
4446000   296.943
4447000   296.479
4448000   293.037
4449000   292.317
4450000    296.15
4451000   303.635
4452000   300.661
4453000   302.659
4454000   297.186
4455000   292.743
4456000   290.326
4457000   292.467
4458000   294.061
4459000   295.121
4460000   297.431
4461000   295.704
4462000   300.093
4463000   295.112
4464000   293.333
4465000   297.233
4466000   295.714
4467000    296.32
4468000   295.428
4469000   292.714
4470000   294.012
4471000   295.547
4472000   301.569
4473000   298.392
4474000   295.796
4475000   298.788
4476000   300.187
4477000   302.538
4478000   299.281
4479000   307.355
4480000   296.171
4481000   297.654
4482000   299.656
4483000   300.043
4484000   299.543
4485000   297.185
4486000   294.299
4487000   293.553
4488000   295.732
4489000   296.553
4490000   292.543
4491000   294.345
4492000   296.182
4493000   297.239
4494000    292.74
4495000   293.953
4496000   291.504
4497000   293.118
4498000   292.547
4499000   295.489
4500000   293.341
4501000   291.715
4502000    289.63
4503000   297.683
4504000   299.034
4505000   294.557
4506000   294.217
4507000   290.594
4508000   292.444
4509000   294.728
4510000   292.987
4511000   298.071
4512000   299.797
4513000   302.234
4514000   296.765
4515000   297.526
4516000   299.672
4517000   300.694
4518000   301.192
4519000   304.499
4520000   301.816
4521000   302.362
4522000   304.141
4523000   300.568
4524000   299.224
4525000   293.299
4526000   292.087
4527000   290.886
4528000   294.739
4529000   298.534
4530000   301.811
4531000   300.953
4532000   297.214
4533000   294.362
4534000   298.352
4535000   296.969
4536000   295.052
4537000   291.612
4538000   294.574
4539000   292.394
4540000   293.505
4541000   294.097
4542000   294.127
4543000   293.565
4544000   297.465
4545000   292.369
4546000   291.264
4547000   293.087
4548000   298.577
4549000   301.941
4550000   297.339
4551000   299.325
4552000   299.825
4553000   294.007
4554000   293.439
4555000   291.562
4556000   291.379
4557000   287.951
4558000   292.122
4559000   295.914
4560000   299.754
4561000   295.091
4562000   292.069
4563000   293.071
4564000   290.874
4565000   298.613
4566000   296.161
4567000   294.408
4568000   294.261
4569000   294.571
4570000   291.233
4571000   286.228
4572000   293.381
4573000   294.785
4574000   289.917
4575000    295.01
4576000   293.276
4577000   295.943
4578000   301.998
4579000   300.464
4580000   301.505
4581000   289.906
4582000   292.339
4583000   297.915
4584000   302.943
4585000   298.895
4586000   306.754
4587000    308.18
4588000    299.54
4589000   299.885
4590000   293.123
4591000    294.49
4592000   300.969
4593000   300.846
4594000   292.023
4595000   291.606
4596000    297.05
4597000   294.757
4598000   294.791
4599000   296.142
4600000   300.095
4601000   294.895
4602000   301.522
4603000   303.601
4604000   299.571
4605000    296.98
4606000   296.667
4607000   292.992
4608000   290.353
4609000   284.684
4610000   286.219
4611000   282.316
4612000   287.073
4613000   287.742
4614000   296.174
4615000   295.201
4616000   292.184
4617000   292.589
4618000   293.987
4619000   296.661
4620000   295.871
4621000   294.566
4622000   293.517
4623000   289.998
4624000   287.563
4625000   294.144
4626000   295.908
4627000    295.66
4628000     296.2
4629000   300.589
4630000   298.678
4631000   300.413
4632000   299.094
4633000   302.892
4634000   300.572
4635000   308.093
4636000   299.787
4637000   297.916
4638000   294.913
4639000   294.341
4640000   292.995
4641000   294.516
4642000   298.049
4643000   295.483
4644000   301.247
4645000   297.839
4646000   298.999
4647000    299.77
4648000   301.208
4649000   297.729
4650000   301.138
4651000   301.747
4652000   295.379
4653000   294.441
4654000   293.961
4655000   290.498
4656000   293.611
4657000   298.704
4658000   298.073
4659000   301.651
4660000   302.074
4661000   302.403
4662000   299.431
4663000   301.539
4664000   296.269
4665000   291.207
4666000   296.616
4667000   295.799
4668000   297.378
4669000   296.766
4670000   300.133
4671000   294.433
4672000   293.523
4673000   301.638
4674000   300.753
4675000   301.534
4676000   302.626
4677000    298.67
4678000    296.57
4679000   297.084
4680000   295.051
4681000   297.155
4682000   295.386
4683000   296.653
4684000   293.998
4685000     292.6
4686000   293.007
4687000   295.922
4688000   294.364
4689000   299.031
4690000   298.101
4691000   297.958
4692000    296.09
4693000   297.817
4694000   298.769
4695000    299.78
4696000     299.7
4697000   304.101
4698000   298.161
4699000     301.1
4700000   300.414
4701000   304.453
4702000   300.558
4703000   306.098
4704000   302.605
4705000   297.885
4706000    304.92
4707000   306.659
4708000   301.854
4709000   300.807
4710000    297.08
4711000   294.447
4712000   303.671
4713000   296.784
4714000   303.545
4715000   301.337
4716000   302.965
4717000   300.046
4718000   296.924
4719000   290.878
4720000   298.279
4721000   293.393
4722000   296.307
4723000   296.302
4724000   295.618
4725000   296.848
4726000   295.159
4727000   297.523
4728000    290.21
4729000   292.209
4730000   292.218
4731000   293.911
4732000   289.185
4733000   292.738
4734000   295.174
4735000   292.001
4736000   289.685
4737000   292.443
4738000   293.642
4739000   296.634
4740000   295.268
4741000   297.658
4742000   297.161
4743000   295.556
4744000   299.831
4745000   302.669
4746000   297.156
4747000   291.959
4748000   292.409
4749000    295.03
4750000   292.184
4751000    300.36
4752000   298.485
4753000   294.044
4754000   296.689
4755000   297.517
4756000   304.247
4757000   306.209
4758000   301.103
4759000   298.512
4760000   293.779
4761000    293.76
4762000   296.733
4763000   301.169
4764000   302.239
4765000   302.456
4766000   297.958
4767000   296.126
4768000   299.346
4769000   294.695
4770000   290.495
4771000   294.826
4772000   295.564
4773000   295.102
4774000   296.894
4775000   299.152
4776000   298.454
4777000   296.949
4778000   300.752
4779000   303.112
4780000   300.742
4781000   297.701
4782000   302.067
4783000   299.647
4784000   297.042
4785000   296.988
4786000    294.31
4787000   295.802
4788000   293.314
4789000   294.805
4790000   295.449
4791000   291.396
4792000   286.553
4793000   293.955
4794000   290.965
4795000   290.432
4796000    296.53
4797000   291.287
4798000   291.013
4799000    298.46
4800000    299.46
4801000   296.179
4802000   298.417
4803000   297.258
4804000   301.918
4805000   301.455
4806000   304.973
4807000   305.238
4808000   294.248
4809000   293.492
4810000   294.404
4811000   295.169
4812000   293.976
4813000   296.223
4814000   299.173
4815000   304.226
4816000   299.628
4817000   295.332
4818000   297.268
4819000   292.741
4820000    290.29
4821000    300.09
4822000   293.805
4823000   292.952
4824000   290.144
4825000   291.858
4826000   293.307
4827000   295.841
4828000    294.14
4829000   293.565
4830000   296.094
4831000   301.219
4832000   292.985
4833000   296.941
4834000   299.972
4835000   297.489
4836000    296.54
4837000   295.955
4838000   293.251
4839000   294.685
4840000   299.093
4841000   300.885
4842000   293.606
4843000   295.757
4844000   300.075
4845000   300.589
4846000   295.296
4847000   288.914
4848000   292.516
4849000   292.144
4850000   293.507
4851000   289.544
4852000   291.911
4853000   287.115
4854000   285.139
4855000   288.942
4856000   292.801
4857000   290.961
4858000   290.964
4859000   289.485
4860000   291.302
4861000   288.349
4862000   285.063
4863000    291.01
4864000    288.45
4865000   291.448
4866000   289.601
4867000   290.663
4868000   288.978
4869000   288.228
4870000   291.089
4871000   289.728
4872000   298.592
4873000   297.056
4874000   297.144
4875000   296.742
4876000   297.463
4877000   294.689
4878000   294.832
4879000   294.374
4880000   292.892
4881000   293.513
4882000   284.587
4883000    287.41
4884000   288.724
4885000   291.665
4886000   291.306
4887000   287.193
4888000   286.957
4889000   291.569
4890000   288.449
4891000    289.76
4892000   291.108
4893000    290.53
4894000   291.335
4895000   294.071
4896000   293.394
4897000   294.096
4898000   297.194
4899000   296.182
4900000    293.83
4901000   293.589
4902000    296.21
4903000   292.499
4904000   294.161
4905000   298.086
4906000   295.575
4907000   293.797
4908000   289.981
4909000   289.865
4910000   284.171
4911000    287.68
4912000    287.69
4913000   290.707
4914000   290.085
4915000   287.863
4916000   290.307
4917000   293.325
4918000    296.22
4919000    289.91
4920000   293.394
4921000   288.335
4922000   292.515
4923000   292.043
4924000   294.985
4925000   295.422
4926000   289.463
4927000   287.416
4928000   290.222
4929000   293.737
4930000   287.739
4931000   288.688
4932000   284.392
4933000   285.189
4934000   287.405
4935000   286.023
4936000   288.617
4937000   293.671
4938000   294.051
4939000   294.573
4940000   290.975
4941000   294.567
4942000   291.896
4943000   297.834
4944000   297.862
4945000   294.894
4946000   290.653
4947000   291.316
4948000   295.802
4949000   296.302
4950000   295.548
4951000   294.014
4952000   293.271
4953000    290.88
4954000   293.658
4955000   289.925
4956000   298.113
4957000   296.124
4958000   294.174
4959000   291.042
4960000    291.79
4961000    291.39
4962000   292.919
4963000   293.593
4964000   293.212
4965000   295.121
4966000   294.327
4967000   293.637
4968000   295.623
4969000   295.332
4970000   298.392
4971000   293.971
4972000   297.935
4973000   304.552
4974000   307.177
4975000   303.661
4976000    299.93
4977000   302.837
4978000   296.559
4979000   295.606
4980000   298.878
4981000   299.491
4982000   299.312
4983000   297.726
4984000   300.939
4985000   297.604
4986000   303.281
4987000   293.472
4988000   299.423
4989000    302.65
4990000   299.323
4991000   298.684
4992000   296.052
4993000   293.863
4994000   293.015
4995000   295.329
4996000   297.396
4997000   297.415
4998000   297.101
4999000   294.928
5000000   293.489
