1000   296.331
2000   300.842
3000   296.117
4000   299.709
5000   298.323
6000   299.725
7000   303.679
8000   302.221
9000    301.47
10000    299.75
11000   296.858
12000   297.612
13000   298.222
14000   301.332
15000   296.242
16000   298.235
17000   294.701
18000   301.521
19000   305.382
20000   304.401
21000   301.343
22000   297.821
23000   294.546
24000   305.617
25000   308.552
26000   302.153
27000   302.179
28000   303.743
29000   304.494
30000   302.962
31000   291.095
32000   294.245
33000   292.963
34000   295.984
35000   295.471
36000   292.137
37000   296.008
38000   299.576
39000   297.678
40000   293.368
41000   295.159
42000   296.608
43000   297.124
44000   291.559
45000   292.918
46000   288.978
47000   288.311
48000   292.994
49000   293.499
50000   301.087
51000   298.515
52000   300.271
53000   292.857
54000   297.139
55000   296.474
56000   296.584
57000   298.197
58000   292.385
59000   298.757
60000   302.345
61000   305.735
62000    311.02
63000   305.633
64000   302.145
65000   306.971
66000   300.982
67000     300.3
68000   301.436
69000   305.897
70000   302.055
71000   300.993
72000   294.373
73000   296.183
74000   295.239
75000   301.033
76000   298.272
77000   294.982
78000   294.435
79000   299.111
80000   308.897
81000   302.772
82000   302.995
83000   299.871
84000   301.514
85000   302.778
86000   301.461
87000   295.529
88000   295.133
89000   296.074
90000   296.324
91000   301.289
92000   308.401
93000   307.887
94000   306.105
95000    304.43
96000   309.182
97000   305.327
98000   305.598
99000   307.024
100000   304.616
101000   302.751
102000   300.732
103000   296.795
104000   292.889
105000   296.162
106000   295.128
107000   296.717
108000   297.373
109000    304.75
110000   300.111
111000   296.437
112000   293.214
113000   296.088
114000   295.668
115000   292.898
116000   302.209
117000   300.966
118000   300.295
119000   300.069
120000   302.387
121000   296.529
122000   298.854
123000   296.588
124000   295.839
125000   292.614
126000   294.959
127000   292.053
128000   292.388
129000   293.462
130000   295.679
131000   297.129
132000    295.67
133000    293.47
134000   298.304
135000   297.838
136000    301.94
137000   300.651
138000   301.335
139000   298.368
140000   300.927
141000   299.754
142000   298.415
143000   293.681
144000   295.734
145000   293.049
146000   302.916
147000   298.381
148000   296.451
149000   292.218
150000   291.166
151000   296.619
152000   296.423
153000   296.804
154000   302.114
155000   304.008
156000   300.616
157000    304.86
158000    300.85
159000   297.749
160000     300.1
161000    298.75
162000   299.663
163000   300.217
164000    300.79
165000   298.142
166000   302.388
167000   301.619
168000   304.094
169000   300.908
170000   296.724
171000   299.316
172000   299.945
173000     305.8
174000   301.548
175000   301.685
176000   299.194
177000   306.237
178000   303.062
179000   298.086
180000    295.61
181000   295.838
182000   296.805
183000   294.874
184000   290.923
185000   302.926
186000     295.9
187000   295.197
188000   298.075
189000   296.839
190000    299.24
191000   299.203
192000   296.873
193000   296.776
194000   296.034
195000   296.962
196000   296.804
197000   299.205
198000   299.578
199000   296.059
200000   298.643
201000   302.346
202000   303.523
203000   305.762
204000   308.968
205000   306.817
206000   308.905
207000   305.094
208000   305.103
209000   300.284
210000    300.17
211000   301.451
212000    301.41
213000   298.295
214000   299.174
215000   307.083
216000   306.657
217000   301.444
218000   305.724
219000   307.128
220000   301.147
221000   298.465
222000   298.878
223000    296.12
224000   299.801
225000   300.475
226000   306.519
227000   304.762
228000   305.128
229000   304.908
230000    304.16
231000   306.673
232000   306.436
233000    305.92
234000   303.166
235000   299.157
236000   293.407
237000   297.644
238000   296.307
239000   298.944
240000   305.523
241000   301.058
242000   298.848
243000   298.436
244000   301.057
245000    296.12
246000   296.144
247000   298.672
248000     298.8
249000    294.75
250000   299.582
251000   306.084
252000   304.412
253000   303.784
254000   301.098
255000   299.086
256000   292.202
257000   299.807
258000   298.377
259000   300.675
260000   299.282
261000    296.57
262000    300.59
263000   293.527
264000   295.706
265000    297.84
266000   300.668
267000   300.689
268000   299.911
269000    292.67
270000   295.541
271000   298.675
272000   294.134
273000   292.741
274000   296.757
275000   307.024
276000   307.043
277000   304.349
278000   297.695
279000   298.344
280000   296.997
281000   293.561
282000   299.725
283000   296.951
284000   298.857
285000   296.766
286000   297.162
287000    296.25
288000    301.93
289000   306.012
290000    300.88
291000   300.311
292000   297.391
293000   292.162
294000   293.503
295000   299.143
296000   293.981
297000   299.939
298000   303.821
299000   298.742
300000   299.352
301000   299.893
302000   294.149
303000   298.629
304000   304.254
305000   300.225
306000   298.691
307000   296.663
308000   301.298
309000   299.034
310000   301.093
311000   300.934
312000   296.947
313000   299.241
314000   302.294
315000   301.687
316000   299.768
317000    297.55
318000   300.953
319000   299.467
320000   299.236
321000   302.824
322000   297.861
323000    294.02
324000    289.03
325000   289.903
326000   289.883
327000   293.849
328000   291.694
329000    291.21
330000   294.004
331000   291.369
332000   298.108
333000   301.897
334000   298.323
335000   299.426
336000    299.53
337000   296.235
338000   299.181
339000   291.295
340000   288.346
341000   294.678
342000   295.255
343000   303.687
344000   305.492
345000   297.514
346000   300.235
347000   295.454
348000   297.415
349000   290.185
350000   289.193
351000   292.077
352000   292.736
353000   288.811
354000   288.716
355000   290.629
356000   293.065
357000   295.924
358000   293.019
359000   292.566
360000   304.053
361000   295.323
362000   299.498
363000   298.645
364000   297.146
365000   294.617
366000   291.839
367000   298.775
368000   298.205
369000   297.731
370000   298.775
371000   304.506
372000   299.717
373000   303.632
374000   300.716
375000    295.37
376000   295.719
377000   295.215
378000   293.627
379000   297.122
380000   301.198
381000   299.026
382000   297.863
383000   297.161
384000   301.799
385000   310.202
386000   304.322
387000   300.999
388000   292.468
389000   297.891
390000   297.145
391000   304.219
392000   285.935
393000   293.039
394000   300.461
395000   295.505
396000   292.168
397000   289.864
398000   294.983
399000   299.846
400000   294.719
401000   303.763
402000   302.198
403000   301.982
404000   310.493
405000   304.506
406000    301.17
407000   300.639
408000   300.954
409000   306.132
410000    304.13
411000   302.087
412000   300.969
413000   304.848
414000   302.479
415000   299.164
416000   299.683
417000   299.313
418000   306.508
419000    307.63
420000   301.529
421000   302.351
422000   305.945
423000   304.117
424000   303.681
425000   298.766
426000   303.575
427000   304.285
428000   294.107
429000    299.22
430000    294.92
431000   298.223
432000   303.046
433000   302.326
434000   300.946
435000   299.569
436000   296.474
437000   292.633
438000   295.404
439000   295.135
440000   296.599
441000   293.837
442000   290.842
443000   292.132
444000   284.751
445000   287.797
446000   292.163
447000   293.445
448000   299.067
449000   295.191
450000   294.882
451000   294.152
452000   295.002
453000   295.932
454000   294.736
455000   296.462
456000    302.27
457000   299.803
458000   298.342
459000   296.729
460000   291.136
461000   290.326
462000   288.839
463000   289.169
464000   290.479
465000   292.047
466000   293.422
467000   296.508
468000   301.011
469000   301.057
470000   297.631
471000   299.336
472000    295.66
473000   299.485
474000    298.24
475000   299.815
476000   300.437
477000   300.161
478000   295.784
479000    294.76
480000   298.707
481000   297.565
482000   295.789
483000   299.994
484000   302.678
485000   304.069
486000   304.143
487000   307.313
488000       304
489000   303.079
490000   300.738
491000   301.691
492000   296.579
493000   297.946
494000    298.58
495000   299.894
496000   301.516
497000   295.033
498000   299.435
499000   301.814
500000   304.511
501000   301.788
502000   299.018
503000   303.881
504000   300.502
505000   298.599
506000   302.965
507000   305.341
508000    302.26
509000   302.299
510000   306.707
511000   307.734
512000   310.308
513000   306.946
514000    303.19
515000   300.313
516000   304.597
517000   302.313
518000   297.629
519000   299.315
520000   312.101
521000   310.528
522000   308.564
523000    309.34
524000   298.537
525000   297.415
526000   300.754
527000   303.602
528000    304.67
529000   300.853
530000   295.312
531000   293.941
532000   297.886
533000   297.888
534000   296.559
535000   300.688
536000   297.324
537000   301.011
538000   295.848
539000   296.625
540000   298.182
541000   299.779
542000   302.612
543000   297.847
544000   300.208
545000   296.946
546000   297.674
547000   293.824
548000   295.451
549000   294.785
550000   296.882
551000   300.338
552000   299.875
553000   298.868
554000   297.802
555000   300.146
556000   301.852
557000   298.861
558000   303.916
559000   289.065
560000   296.606
561000   299.412
562000   302.284
563000   295.977
564000   298.398
565000   310.381
566000   305.671
567000   298.582
568000   296.963
569000   294.507
570000     294.1
571000   298.525
572000   301.236
573000   302.083
574000   294.109
575000   296.969
576000   298.267
577000   298.373
578000   298.404
579000   301.553
580000   307.807
581000    304.72
582000   302.146
583000   304.093
584000   304.404
585000   305.014
586000   301.774
587000   299.369
588000    298.69
589000   296.534
590000   298.733
591000   297.579
592000   294.982
593000    296.63
594000   295.581
595000   295.977
596000   292.682
597000   299.794
598000   294.704
599000   285.314
600000   293.492
601000   294.404
602000   297.366
603000   295.697
604000   296.964
605000   295.387
606000   296.959
607000   292.573
608000   298.112
609000   292.293
610000   291.948
611000   297.654
612000   299.925
613000   302.797
614000   296.654
615000   296.449
616000   299.294
617000   299.366
618000   297.724
619000   291.743
620000   294.218
621000    292.97
622000   294.712
623000   304.995
624000   294.117
625000   295.985
626000   298.271
627000   295.642
628000   293.727
629000   290.466
630000    290.05
631000   297.281
632000   298.526
633000   291.981
634000   295.843
635000   296.228
636000   295.844
637000   296.809
638000    294.13
639000   299.702
640000   297.739
641000   297.503
642000   298.229
643000   295.709
644000   296.489
645000   293.281
646000   296.047
647000   294.789
648000   299.486
649000   300.768
650000   301.792
651000   298.876
652000   297.253
653000   298.998
654000   299.148
655000   301.523
656000   304.958
657000   303.379
658000   307.106
659000   302.966
660000   303.944
661000    301.41
662000    303.74
663000   297.824
664000   298.233
665000   295.412
666000   297.352
667000   299.633
668000   296.217
669000    300.34
670000   295.796
671000   295.227
672000   302.616
673000   297.923
674000   300.269
675000   299.629
676000   295.328
677000   299.535
678000   300.197
679000   302.532
680000   301.205
681000   299.024
682000   309.947
683000   310.504
684000   311.159
685000   316.446
686000   309.635
687000   304.607
688000   304.309
689000   303.629
690000   300.014
691000   301.485
692000   297.507
693000   297.231
694000   301.872
695000   294.288
696000   291.446
697000   296.795
698000   297.255
699000   297.242
700000   301.894
701000   297.968
702000   295.615
703000   301.941
704000    300.76
705000   305.262
706000    301.97
707000   309.928
708000   311.071
709000   306.459
710000   303.661
711000   301.021
712000   298.637
713000   299.483
714000   300.316
715000   301.824
716000   304.014
717000   304.798
718000   296.602
719000   302.425
720000   305.056
721000   305.807
722000   303.173
723000   304.317
724000   296.875
725000   298.955
726000   303.507
727000   305.994
728000   308.766
729000   302.969
730000   294.066
731000   294.552
732000   298.045
733000   302.365
734000   302.195
735000   301.656
736000   303.837
737000   300.841
738000   305.962
739000   305.117
740000   300.495
741000   302.091
742000   302.407
743000   302.624
744000   301.322
745000   301.142
746000   301.145
747000   302.995
748000   299.612
749000   295.002
750000   292.104
751000   289.408
752000   295.635
753000   300.672
754000   302.134
755000   303.247
756000   304.496
757000   305.567
758000   304.684
759000   302.076
760000   301.001
761000   298.823
762000   299.222
763000   305.998
764000   307.578
765000   306.872
766000   306.421
767000   303.124
768000   305.921
769000   309.063
770000   308.076
771000   306.853
772000   298.719
773000   302.476
774000   302.545
775000   297.493
776000   296.764
777000   297.916
778000   299.857
779000   302.094
780000   297.708
781000   303.695
782000   304.684
783000   301.449
784000   298.792
785000   304.205
786000   309.708
787000   305.638
788000   298.461
789000   298.068
790000   298.928
791000   296.785
792000   295.297
793000   293.685
794000   298.852
795000   297.483
796000   293.315
797000   291.731
798000   298.663
799000   296.982
800000   292.429
801000   290.418
802000   292.903
803000   295.232
804000   296.491
805000   302.332
806000   293.644
807000   296.799
808000   299.782
809000   293.764
810000   300.654
811000   299.065
812000   295.421
813000   302.516
814000   298.413
815000   292.173
816000   291.462
817000   290.577
818000   295.355
819000    295.65
820000   298.931
821000   296.023
822000    302.74
823000   306.423
824000   302.326
825000   295.256
826000   297.977
827000    297.48
828000   307.647
829000   303.539
830000   297.503
831000   295.936
832000   293.916
833000   295.672
834000    302.99
835000   300.207
836000   299.859
837000   297.036
838000   301.214
839000   300.311
840000   295.239
841000   294.541
842000   291.577
843000   294.803
844000   291.693
845000   298.069
846000   291.347
847000   291.874
848000   293.663
849000   292.656
850000   293.288
851000   291.445
852000   292.885
853000    296.19
854000   296.129
855000   292.997
856000   290.923
857000   292.276
858000   300.022
859000   294.791
860000   298.487
861000   300.223
862000   294.249
863000   299.154
864000   295.649
865000   298.167
866000   302.428
867000   302.705
868000   303.662
869000   300.471
870000   300.108
871000   306.292
872000   309.276
873000    300.88
874000   300.744
875000   298.435
876000   297.344
877000   295.084
878000    293.31
879000   294.648
880000   294.328
881000   297.227
882000   298.456
883000   300.685
884000    303.55
885000   297.188
886000   294.264
887000   299.329
888000   300.396
889000   296.441
890000   299.519
891000   300.509
892000   299.254
893000   293.334
894000   298.132
895000   297.777
896000   291.611
897000     296.2
898000   299.867
899000   304.132
900000   303.839
901000    301.82
902000   291.969
903000   296.924
904000   290.469
905000   295.442
906000    295.54
907000    291.44
908000   291.018
909000    292.37
910000   295.067
911000   295.277
912000   300.026
913000   300.869
914000   295.901
915000   303.881
916000   296.915
917000   295.461
918000   301.318
919000   301.194
920000   292.275
921000   297.219
922000   300.689
923000   292.933
924000   288.074
925000   292.848
926000   288.454
927000   298.215
928000   298.738
929000   297.008
930000   296.394
931000   293.451
932000   297.024
933000   295.533
934000   293.471
935000   291.164
936000   286.113
937000   293.457
938000   294.451
939000   297.387
940000   294.961
941000   295.189
942000   293.494
943000   292.518
944000   291.978
945000   291.977
946000   293.622
947000   299.548
948000   301.124
949000    294.93
950000   301.036
951000   294.875
952000   290.457
953000   293.649
954000   298.527
955000   293.296
956000   295.182
957000   298.957
958000   298.966
959000   303.508
960000   297.352
961000   294.692
962000   288.931
963000   294.972
964000   297.975
965000   300.285
966000   302.181
967000   304.441
968000   304.315
969000   302.066
970000   302.956
971000    304.34
972000   307.257
973000   308.553
974000   300.982
975000   295.952
976000   297.529
977000    297.95
978000    306.36
979000   308.798
980000   302.301
981000   303.092
982000   298.591
983000   300.402
984000   303.854
985000   301.628
986000   296.565
987000   301.195
988000   304.553
989000   303.089
990000    298.78
991000   297.023
992000   293.801
993000   295.246
994000   300.624
995000   300.877
996000   302.245
997000   298.517
998000    294.37
999000   299.831
1000000   305.312
1001000   310.372
1002000   300.632
1003000   301.369
1004000   299.726
1005000   297.351
1006000   298.864
1007000   292.538
1008000   294.008
1009000   292.596
1010000   299.191
1011000   298.716
1012000   295.705
1013000   296.197
1014000     294.4
1015000   296.507
1016000   291.173
1017000   295.501
1018000   298.808
1019000   291.912
1020000   296.631
1021000   291.855
1022000    294.23
1023000   295.006
1024000    292.42
1025000   302.716
1026000   300.421
1027000   300.174
1028000   296.074
1029000   301.472
1030000   306.552
1031000   302.731
1032000   301.536
1033000   300.761
1034000   303.747
1035000   305.076
1036000    300.93
1037000    300.06
1038000   298.894
1039000   302.177
1040000    306.23
1041000   300.696
1042000    304.23
1043000   293.425
1044000   295.786
1045000   293.049
1046000   291.459
1047000   290.662
1048000   289.671
1049000   295.163
1050000   301.055
1051000    297.47
1052000   295.019
1053000   299.453
1054000   297.624
1055000   298.332
1056000   291.258
1057000    299.13
1058000   298.099
1059000   304.379
1060000   300.882
1061000   298.224
1062000   301.861
1063000   296.439
1064000   299.219
1065000   295.736
1066000   305.058
1067000    305.44
1068000   302.417
1069000   294.342
1070000   301.923
1071000   300.231
1072000   298.571
1073000   300.916
1074000   304.229
1075000   305.608
1076000   307.305
1077000   303.612
1078000   296.765
1079000   301.094
1080000   296.353
1081000   292.806
1082000   294.389
1083000   296.849
1084000   295.003
1085000   297.049
1086000   294.688
1087000   294.445
1088000   291.291
1089000   290.052
1090000   291.301
1091000   297.532
1092000   295.668
1093000   300.499
1094000   300.717
1095000   298.942
1096000   292.667
1097000   293.211
1098000   294.286
1099000   299.083
1100000   295.221
1101000   297.586
1102000   298.088
1103000    295.24
1104000   299.483
1105000   309.112
1106000   305.379
1107000   304.767
1108000   301.985
1109000   300.891
1110000   306.724
1111000   297.042
1112000   300.253
1113000   304.053
1114000   305.219
1115000   307.549
1116000    307.58
1117000   302.812
1118000   301.953
1119000   303.928
1120000   303.883
1121000   297.055
1122000   301.779
1123000   306.119
1124000   306.947
1125000   308.576
1126000   305.609
1127000   302.589
1128000   307.334
1129000   308.044
1130000   308.141
1131000    302.39
1132000   298.145
1133000   299.697
1134000   302.502
1135000   296.907
1136000   297.537
1137000   304.253
1138000   305.876
1139000   303.547
1140000   299.057
1141000   300.279
1142000   305.782
1143000   301.482
1144000   298.734
1145000   300.623
1146000   296.806
1147000   297.918
1148000    295.94
1149000    299.41
1150000   299.487
1151000   299.036
1152000    298.78
1153000   296.443
1154000   302.134
1155000   298.432
1156000    301.73
1157000    302.25
1158000   299.295
1159000   301.706
1160000   306.348
1161000   300.812
1162000     299.8
1163000   301.797
1164000   302.748
1165000   300.331
1166000   302.877
1167000   305.915
1168000   299.721
1169000   302.153
1170000   303.285
1171000   302.771
1172000   297.855
1173000   301.909
1174000   302.956
1175000   301.054
1176000   299.063
1177000   301.998
1178000   302.818
1179000   304.037
1180000    302.48
1181000   301.453
1182000   301.223
1183000   302.493
1184000   295.869
1185000    302.59
1186000   299.968
1187000   299.319
1188000   302.293
1189000   302.007
1190000   301.711
1191000   300.493
1192000   300.051
1193000    303.17
1194000   303.165
1195000   302.782
1196000   304.125
1197000   301.522
1198000   297.846
1199000   298.866
1200000   304.735
1201000   303.666
1202000   297.629
1203000   300.729
1204000   302.756
1205000   296.294
1206000   295.682
1207000   298.152
1208000     293.3
1209000   290.915
1210000   295.572
1211000   300.695
1212000   299.003
1213000   293.961
1214000   298.567
1215000   293.719
1216000    293.64
1217000   295.741
1218000   294.651
1219000   298.888
1220000   297.657
1221000       296
1222000   292.976
1223000   295.252
1224000   290.195
1225000   294.574
1226000   300.758
1227000   299.911
1228000   299.174
1229000   299.925
1230000   297.651
1231000   293.308
1232000   296.666
1233000   299.767
1234000   295.966
1235000   298.966
1236000   296.165
1237000   294.431
1238000   299.606
1239000   297.691
1240000   295.468
1241000   295.064
1242000   292.851
1243000   299.836
1244000   299.613
1245000    297.45
1246000   292.661
1247000   292.268
1248000   294.283
1249000   294.214
1250000   293.355
1251000   295.424
1252000   293.431
1253000   298.882
1254000   298.861
1255000   299.022
1256000   295.607
1257000   296.272
1258000   295.036
1259000   302.678
1260000   305.189
1261000   303.099
1262000   297.623
1263000   296.726
1264000    300.33
1265000   295.383
1266000   296.339
1267000   294.568
1268000   301.073
1269000   298.296
1270000   296.355
1271000   297.679
1272000   294.741
1273000    295.02
1274000   292.822
1275000   288.572
1276000   296.124
1277000   294.665
1278000   292.227
1279000   293.014
1280000   301.815
1281000   297.223
1282000   300.475
1283000   294.926
1284000    295.14
1285000   292.847
1286000   293.004
1287000   303.045
1288000   300.605
1289000   301.164
1290000   301.483
1291000    296.64
1292000   295.413
1293000   291.978
1294000   293.111
1295000   294.275
1296000   298.493
1297000   303.175
1298000   300.418
1299000   302.861
1300000   297.216
1301000   295.568
1302000   296.696
1303000   297.457
1304000   301.321
1305000   302.505
1306000    303.27
1307000    301.91
1308000   300.438
1309000   296.542
1310000    298.74
1311000   293.169
1312000   294.636
1313000   295.134
1314000   296.289
1315000   299.131
1316000   299.361
1317000   294.732
1318000   292.474
1319000   295.232
1320000   295.559
1321000   291.406
1322000   298.903
1323000   291.578
1324000   291.421
1325000   290.143
1326000   288.759
1327000   290.216
1328000   296.527
1329000   295.725
1330000   294.152
1331000   295.329
1332000   297.403
1333000   298.302
1334000   295.034
1335000   295.454
1336000   296.489
1337000   299.943
1338000   297.386
1339000   294.842
1340000   294.425
1341000   296.847
1342000   299.878
1343000   294.184
1344000   295.332
1345000   301.211
1346000   302.257
1347000   301.562
1348000   291.655
1349000   290.193
1350000   287.791
1351000   291.987
1352000    290.28
1353000    292.22
1354000   297.497
1355000   299.787
1356000   297.045
1357000   297.254
1358000   298.723
1359000   296.398
1360000   300.062
1361000   296.804
1362000   296.314
1363000   291.812
1364000   293.438
1365000   293.383
1366000   295.884
1367000   293.879
1368000   296.353
1369000   296.684
1370000   293.644
1371000   293.817
1372000   295.703
1373000   294.989
1374000   295.444
1375000     294.8
1376000   298.629
1377000   292.889
1378000   296.186
1379000   291.521
1380000   292.054
1381000   293.088
1382000   295.948
1383000   295.631
1384000   292.386
1385000   294.085
1386000   297.554
1387000    298.28
1388000    293.24
1389000   297.396
1390000   301.179
1391000   297.335
1392000   297.404
1393000   298.254
1394000   297.042
1395000   297.753
1396000   295.558
1397000   291.687
1398000   294.457
1399000   299.201
1400000   298.859
1401000   302.636
1402000   295.795
1403000   302.214
1404000   300.284
1405000   304.573
1406000   302.687
1407000   299.966
1408000    302.28
1409000   299.411
1410000   303.312
1411000   297.387
1412000   294.429
1413000   295.002
1414000   290.058
1415000    294.29
1416000   297.988
1417000   297.131
1418000   295.284
1419000   294.145
1420000   294.677
1421000   289.264
1422000   289.285
1423000    295.46
1424000   296.148
1425000   296.368
1426000   293.042
1427000   294.645
1428000   299.716
1429000   300.708
1430000   297.837
1431000   294.676
1432000   294.318
1433000   296.421
1434000   299.819
1435000   295.764
1436000    299.11
1437000   299.889
1438000   295.615
1439000   297.999
1440000   301.675
1441000   294.847
1442000   294.415
1443000   297.674
1444000    300.63
1445000   304.074
1446000   295.571
1447000   297.494
1448000   302.003
1449000    296.59
1450000   297.185
1451000   300.209
1452000   295.822
1453000    297.02
1454000   299.158
1455000   295.381
1456000   294.015
1457000    297.08
1458000     300.8
1459000    305.43
1460000   297.839
1461000   303.494
1462000   297.807
1463000    297.12
1464000   297.864
1465000    296.02
1466000   294.791
1467000   293.639
1468000   289.827
1469000   298.772
1470000   300.709
1471000   299.142
1472000   296.025
1473000   298.021
1474000    293.17
1475000   292.672
1476000   296.266
1477000   298.733
1478000   295.618
1479000   292.489
1480000   296.406
1481000   298.488
1482000   302.235
1483000   301.246
1484000   290.635
1485000   295.363
1486000    293.51
1487000   295.873
1488000   293.657
1489000   291.688
1490000   298.762
1491000   290.846
1492000   289.057
1493000   293.159
1494000    297.55
1495000   292.826
1496000   293.124
1497000   292.997
1498000   295.942
1499000   298.786
1500000    302.12
1501000   304.164
1502000   304.481
1503000   302.803
1504000   305.649
1505000    305.05
1506000    305.92
1507000   296.963
1508000   294.861
1509000   293.773
1510000    296.55
1511000   293.508
1512000   293.912
1513000   293.929
1514000   294.458
1515000   292.329
1516000   290.182
1517000   289.252
1518000   293.543
1519000   288.721
1520000   286.512
1521000   285.007
1522000   289.251
1523000   287.974
1524000   289.611
1525000   288.889
1526000   291.031
1527000   293.803
1528000   291.645
1529000   292.027
1530000   294.854
1531000   293.027
1532000   294.834
1533000   296.736
1534000   300.974
1535000   299.303
1536000   303.765
1537000    302.21
1538000   299.094
1539000    297.92
1540000    296.72
1541000   294.001
1542000   292.395
1543000   292.565
1544000   289.039
1545000   287.996
1546000   288.311
1547000   294.934
1548000   301.802
1549000   299.965
1550000   304.115
1551000   298.362
1552000    303.42
1553000   294.252
1554000   295.038
1555000   294.019
1556000   292.022
1557000   290.267
1558000   295.968
1559000   295.726
1560000   293.224
1561000   299.246
1562000    300.11
1563000   306.948
1564000   304.392
1565000   297.054
1566000   301.637
1567000   299.599
1568000   294.397
1569000    295.04
1570000    295.06
1571000   299.168
1572000   300.427
1573000   294.992
1574000   299.271
1575000   301.103
1576000   296.639
1577000   294.063
1578000    297.61
1579000   296.353
1580000   296.858
1581000   300.535
1582000    302.08
1583000   303.955
1584000   299.379
1585000    296.42
1586000   293.918
1587000   298.516
1588000   299.488
1589000    302.57
1590000   303.158
1591000   302.673
1592000   296.116
1593000   294.202
1594000   297.818
1595000   297.212
1596000   294.026
1597000    299.93
1598000   299.802
1599000   298.082
1600000    300.23
1601000   294.345
1602000   302.359
1603000   299.842
1604000   296.732
1605000   295.227
1606000   294.331
1607000   296.763
1608000   298.033
1609000   295.686
1610000   299.378
1611000   304.183
1612000   300.735
1613000   298.841
1614000   305.625
1615000   304.516
1616000   306.495
1617000   303.507
1618000   299.786
1619000   299.652
1620000   297.636
1621000   303.598
1622000   303.572
1623000   299.394
1624000   306.195
1625000   305.298
1626000   303.751
1627000   302.195
1628000   301.439
1629000   296.857
1630000   293.283
1631000   300.771
1632000   299.237
1633000   300.159
1634000   299.092
1635000   298.066
1636000   302.918
1637000   295.157
1638000   295.343
1639000   299.496
1640000   297.987
1641000   298.819
1642000   296.125
1643000   294.006
1644000   286.272
1645000   294.868
1646000   296.224
1647000   296.902
1648000   293.647
1649000   293.701
1650000   298.069
1651000   296.218
1652000    299.12
1653000   295.091
1654000    293.86
1655000   295.182
1656000   295.731
1657000   293.929
1658000   290.215
1659000   289.137
1660000   282.106
1661000   285.778
1662000   288.005
1663000    294.75
1664000   297.354
1665000    301.09
1666000   292.713
1667000   292.659
1668000   298.488
1669000   295.184
1670000   295.998
1671000   303.125
1672000   299.959
1673000   303.069
1674000   296.259
1675000   292.252
1676000   294.219
1677000   298.554
1678000   294.733
1679000   299.238
1680000   293.514
1681000   294.393
1682000   294.651
1683000    294.96
1684000   298.159
1685000   299.557
1686000   303.372
1687000   300.333
1688000   296.401
1689000    299.17
1690000   299.411
1691000   303.904
1692000   301.484
1693000   303.358
1694000   304.939
1695000    299.83
1696000   298.741
1697000   295.371
1698000   304.377
1699000   297.456
1700000   298.541
1701000   303.581
1702000   303.082
1703000   298.961
1704000   298.178
1705000   298.915
1706000   297.235
1707000   292.614
1708000   291.138
1709000    295.81
1710000   292.305
1711000   294.796
1712000   292.491
1713000   291.216
1714000   293.881
1715000    294.13
1716000   291.879
1717000   293.415
1718000   291.954
1719000   296.769
1720000   294.045
1721000   296.172
1722000   295.475
1723000   300.423
1724000   301.914
1725000   301.041
1726000   302.662
1727000   301.233
1728000    302.85
1729000   305.725
1730000   296.137
1731000   295.784
1732000   301.238
1733000   304.804
1734000   304.001
1735000   301.044
1736000   298.178
1737000   305.184
1738000   295.873
1739000   299.608
1740000    298.19
1741000   294.534
1742000   298.084
1743000   295.941
1744000   301.877
1745000   299.291
1746000   303.995
1747000   301.127
1748000   297.345
1749000   298.414
1750000   300.164
1751000   297.383
1752000   302.444
1753000   298.838
1754000   301.886
1755000    303.19
1756000   304.723
1757000   309.894
1758000   307.366
1759000   300.665
1760000   303.175
1761000   300.404
1762000   301.834
1763000   303.488
1764000   306.027
1765000   302.873
1766000   313.876
1767000   307.776
1768000     297.7
1769000    298.58
1770000   299.905
1771000    297.62
1772000   299.155
1773000   298.935
1774000   297.879
1775000   299.475
1776000   300.462
1777000   301.453
1778000    303.96
1779000   306.115
1780000   303.895
1781000   299.014
1782000   303.064
1783000   300.086
1784000   298.456
1785000   298.794
1786000   302.775
1787000   302.093
1788000   302.279
1789000   304.567
1790000   305.326
1791000   298.567
1792000    301.39
1793000   302.903
1794000   294.325
1795000   298.903
1796000   296.574
1797000     295.4
1798000   296.968
1799000    301.88
1800000   299.231
1801000    303.79
1802000   301.214
1803000   303.504
1804000   306.971
1805000   299.791
1806000   302.679
1807000   301.128
1808000   301.636
1809000   298.175
1810000   302.942
1811000   298.519
1812000   307.888
1813000   299.085
1814000   300.704
1815000   293.146
1816000   301.016
1817000   298.649
1818000   301.927
1819000   294.856
1820000   295.279
1821000   290.457
1822000   299.772
1823000    300.57
1824000   294.753
1825000   297.081
1826000   296.315
1827000   299.399
1828000   299.772
1829000   292.841
1830000   297.495
1831000   297.856
1832000   293.566
1833000   298.111
1834000   298.561
1835000   300.521
1836000   296.983
1837000   292.962
1838000   292.167
1839000   289.388
1840000   291.007
1841000   290.379
1842000   287.129
1843000   295.243
1844000   297.732
1845000     291.1
1846000   289.452
1847000   292.213
1848000   292.498
1849000   295.863
1850000   293.816
1851000   295.326
1852000   300.985
1853000   297.993
1854000   294.263
1855000   298.922
1856000   300.487
1857000   294.764
1858000     295.5
1859000   296.848
1860000   294.257
1861000   299.392
1862000   298.293
1863000   297.735
1864000   293.368
1865000   293.889
1866000   294.229
1867000   294.744
1868000   299.079
1869000   287.929
1870000   288.482
1871000   292.691
1872000   291.064
1873000   291.195
1874000   286.206
1875000   292.423
1876000   292.779
1877000   294.693
1878000   294.415
1879000   298.561
1880000    297.44
1881000   293.728
1882000   291.582
1883000   295.074
1884000    295.95
1885000   295.363
1886000    296.84
1887000   300.307
1888000   303.466
1889000   299.264
1890000   291.116
1891000   293.258
1892000   297.963
1893000   299.469
1894000   297.681
1895000   293.745
1896000   300.724
1897000   296.657
1898000   298.946
1899000   295.724
1900000   299.484
1901000   300.858
1902000   295.135
1903000   295.623
1904000    297.79
1905000   296.852
1906000   300.371
1907000   296.634
1908000   297.037
1909000   300.183
1910000   305.395
1911000   307.184
1912000   298.746
1913000   298.764
1914000   299.546
1915000   295.738
1916000   296.419
1917000   296.954
1918000    293.01
1919000   291.702
1920000   294.986
1921000   297.661
1922000    301.15
1923000   305.498
1924000   304.739
1925000   299.475
1926000   298.486
1927000   298.856
1928000       295
1929000   299.584
1930000   300.561
1931000   298.735
1932000   297.417
1933000   296.369
1934000   300.991
1935000   305.361
1936000   304.703
1937000   301.374
1938000   295.932
1939000   293.929
1940000   299.106
1941000   298.154
1942000   302.737
1943000   302.329
1944000   296.448
1945000   295.732
1946000   300.319
1947000    304.76
1948000   301.892
1949000   305.714
1950000   302.493
1951000   298.301
1952000   297.021
1953000   300.378
1954000    300.31
1955000   297.224
1956000   300.512
1957000   300.296
1958000    299.41
1959000   301.507
1960000   301.644
1961000   305.033
1962000   304.466
1963000   304.126
1964000   304.923
1965000   301.145
1966000   298.159
1967000   299.854
1968000   306.943
1969000   297.137
1970000   305.043
1971000   305.567
1972000   304.567
1973000    304.59
1974000   301.078
1975000   302.993
1976000   305.744
1977000   304.296
1978000   302.569
1979000   299.365
1980000   305.016
1981000   308.324
1982000     302.7
1983000   297.014
1984000   294.022
1985000   301.111
1986000   296.709
1987000    295.23
1988000   297.022
1989000   294.444
1990000   297.974
1991000   299.369
1992000   298.587
1993000   301.783
1994000   301.498
1995000   297.956
1996000   297.599
1997000   300.322
1998000   297.003
1999000   302.867
2000000   299.215
2001000    300.67
2002000   295.171
2003000   294.051
2004000   298.265
2005000   298.969
2006000   303.175
2007000   307.465
2008000   300.898
2009000   301.732
2010000   299.505
2011000   290.978
2012000   296.734
2013000   294.927
2014000   299.406
2015000    292.47
2016000   296.526
2017000   295.845
2018000   298.058
2019000   297.493
2020000   291.805
2021000   294.249
2022000   298.099
2023000   293.704
2024000   293.337
2025000   296.243
2026000   296.772
2027000   291.553
2028000   293.819
2029000   297.832
2030000   297.523
2031000   297.297
2032000   302.379
2033000   304.262
2034000   300.502
2035000   296.505
2036000   293.796
2037000   291.789
2038000   296.524
2039000   298.233
2040000   295.829
2041000   298.609
2042000   301.479
2043000   295.887
2044000    303.44
2045000   301.495
2046000   304.215
2047000   308.598
2048000   302.217
2049000   304.135
2050000   302.265
2051000   301.388
2052000    300.68
2053000   299.385
2054000   299.336
2055000   302.544
2056000   308.993
2057000   305.096
2058000   306.408
2059000   305.717
2060000   309.042
2061000   301.696
2062000   297.102
2063000   300.391
2064000    304.18
2065000   299.695
2066000   298.841
2067000    303.87
2068000   300.722
2069000   300.662
2070000   298.486
2071000   298.215
2072000   295.295
2073000   292.818
2074000   296.463
2075000   296.851
2076000   300.917
2077000   296.879
2078000     297.8
2079000   290.464
2080000   289.208
2081000   292.084
2082000   298.467
2083000   296.637
2084000   290.128
2085000   291.447
2086000   293.488
2087000   297.074
2088000   298.765
2089000   304.219
2090000   296.447
2091000   294.343
2092000   293.795
2093000   287.635
2094000   290.225
2095000   284.799
2096000    287.95
2097000   290.143
2098000   293.079
2099000   298.241
2100000   296.955
2101000   292.851
2102000   292.093
2103000    292.75
2104000   294.422
2105000   298.445
2106000   298.777
2107000   296.903
2108000   295.663
2109000   297.126
2110000   299.713
2111000    300.19
2112000   295.313
2113000   294.685
2114000   300.159
2115000    298.27
2116000   299.757
2117000   300.113
2118000   296.094
2119000   297.504
2120000   296.159
2121000   298.042
2122000   296.081
2123000     293.7
2124000   298.405
2125000   298.483
2126000   302.104
2127000   300.272
2128000   302.511
2129000   299.815
2130000   304.794
2131000   304.705
2132000   296.615
2133000   297.373
2134000    295.78
2135000   301.459
2136000    306.93
2137000   300.242
2138000   297.168
2139000    293.01
2140000   293.998
2141000   288.784
2142000   292.722
2143000   298.089
2144000   297.459
2145000   300.831
2146000   299.536
2147000   294.448
2148000   293.847
2149000   297.077
2150000    292.91
2151000   294.336
2152000   293.155
2153000   297.942
2154000    296.39
2155000   298.297
2156000   299.644
2157000   298.751
2158000   299.127
2159000   303.633
2160000   301.722
2161000   299.228
2162000   296.204
2163000    296.79
2164000   298.294
2165000   292.012
2166000   303.632
2167000   297.496
2168000   292.766
2169000   295.941
2170000   291.703
2171000   294.611
2172000   297.591
2173000   293.847
2174000    294.61
2175000   295.639
2176000   299.315
2177000   302.674
2178000   297.392
2179000   298.764
2180000   294.388
2181000    297.83
2182000    299.04
2183000   296.252
2184000   300.932
2185000    297.08
2186000   298.791
2187000   305.267
2188000   302.923
2189000   296.617
2190000   296.186
2191000   299.531
2192000   293.913
2193000   299.892
2194000   300.243
2195000   299.017
2196000   293.254
2197000   296.038
2198000   293.988
2199000   302.607
2200000   298.283
2201000   305.526
2202000   306.333
2203000   313.279
2204000   311.616
2205000   306.799
2206000   301.733
2207000   296.147
2208000   298.243
2209000   294.515
2210000   293.075
2211000   293.862
2212000   297.178
2213000   298.395
2214000   295.014
2215000   299.212
2216000   291.636
2217000   287.727
2218000    286.11
2219000   290.739
2220000   293.975
2221000    293.47
2222000   302.956
2223000   301.129
2224000   303.298
2225000   300.747
2226000   300.058
2227000   296.838
2228000   298.462
2229000   295.918
2230000   294.801
2231000   289.698
2232000   294.665
2233000   294.298
2234000   294.954
2235000    298.73
2236000   293.134
2237000   293.079
2238000   296.359
2239000   296.591
2240000   297.346
2241000   295.671
2242000   300.119
2243000   298.226
2244000   298.732
2245000   297.809
2246000   297.687
2247000   300.658
2248000   295.272
2249000   294.574
2250000   297.986
2251000   296.806
2252000   295.487
2253000   295.519
2254000   293.838
2255000   296.964
2256000   299.266
2257000   303.105
2258000   300.767
2259000   299.158
2260000   300.911
2261000   297.273
2262000   301.803
2263000    304.82
2264000   301.136
2265000   299.757
2266000   301.359
2267000   297.705
2268000   299.528
2269000    298.08
2270000   303.579
2271000    305.11
2272000   301.446
2273000   301.259
2274000   299.492
2275000   298.311
2276000   290.218
2277000   294.972
2278000   295.932
2279000    296.08
2280000   291.652
2281000   295.533
2282000   291.911
2283000   292.497
2284000   292.722
2285000   300.364
2286000   302.222
2287000   299.263
2288000   295.745
2289000   294.627
2290000   295.522
2291000   298.947
2292000   305.605
2293000   305.548
2294000   297.046
2295000   299.757
2296000   292.495
2297000   297.562
2298000    300.26
2299000   297.771
2300000   300.514
2301000   296.075
2302000   290.419
2303000   295.046
2304000   298.517
2305000   297.032
2306000   297.788
2307000   299.656
2308000   305.272
2309000   307.249
2310000   303.358
2311000   298.697
2312000   300.338
2313000   306.424
2314000   306.505
2315000   308.997
2316000   307.389
2317000   309.627
2318000   304.265
2319000   300.094
2320000   300.056
2321000   305.379
2322000    309.74
2323000   300.966
2324000   298.128
2325000   298.441
2326000   299.184
2327000   301.409
2328000   300.145
2329000   297.713
2330000   305.859
2331000   301.795
2332000   303.457
2333000   309.095
2334000   303.265
2335000   299.614
2336000   295.409
2337000   297.888
2338000   303.586
2339000   303.723
2340000   309.208
2341000   306.977
2342000   303.711
2343000   298.952
2344000   293.372
2345000   293.073
2346000   295.916
2347000   290.227
2348000   290.673
2349000   296.533
2350000    292.77
2351000   291.734
2352000   293.633
2353000   298.527
2354000   294.817
2355000    294.74
2356000   294.437
2357000   290.274
2358000   296.518
2359000   303.243
2360000   300.331
2361000   291.984
2362000   296.306
2363000   297.647
2364000    300.51
2365000   295.014
2366000   303.832
2367000   297.916
2368000   302.549
2369000   298.331
2370000    303.03
2371000   295.648
2372000   291.504
2373000   297.446
2374000   301.283
2375000   307.697
2376000   300.347
2377000   297.769
2378000   298.908
2379000   300.809
2380000   300.531
2381000   301.191
2382000   295.267
2383000   291.685
2384000   295.168
2385000   297.538
2386000   292.604
2387000   292.774
2388000   295.629
2389000   294.883
2390000   297.927
2391000    305.75
2392000   303.416
2393000   304.742
2394000   303.189
2395000   297.315
2396000   303.101
2397000   300.678
2398000   306.823
2399000   306.865
2400000    299.88
2401000   303.259
2402000   304.323
2403000   301.888
2404000   302.732
2405000   300.197
2406000   299.254
2407000   300.093
2408000   295.265
2409000   292.689
2410000    292.71
2411000   297.077
2412000   297.825
2413000   296.041
2414000   298.892
2415000   298.977
2416000   300.012
2417000   298.138
2418000   295.598
2419000   296.161
2420000   298.886
2421000   295.762
2422000   297.562
2423000   289.878
2424000   290.366
2425000   289.567
2426000   297.158
2427000   296.903
2428000   297.562
2429000   293.223
2430000   290.313
2431000   287.803
2432000   292.609
2433000   294.758
2434000   293.518
2435000   296.378
2436000   302.347
2437000   296.025
2438000   293.919
2439000   299.618
2440000   301.397
2441000   295.072
2442000   296.564
2443000   300.639
2444000     297.4
2445000   300.063
2446000   299.373
2447000   300.332
2448000   299.354
2449000   304.857
2450000   303.856
2451000   299.077
2452000   298.981
2453000   301.755
2454000   304.231
2455000   299.272
2456000   300.777
2457000   296.695
2458000   298.775
2459000   300.785
2460000    304.86
2461000   308.501
2462000   299.304
2463000   300.652
2464000   303.915
2465000   298.874
2466000    301.23
2467000   300.134
2468000   298.831
2469000   303.321
2470000   299.328
2471000   299.927
2472000   299.207
2473000   306.244
2474000   308.832
2475000   302.821
2476000   303.136
2477000   301.574
2478000   299.795
2479000   295.685
2480000   295.572
2481000    295.96
2482000    300.92
2483000   298.242
2484000   296.555
2485000   294.678
2486000   305.202
2487000   298.433
2488000   297.405
2489000   294.275
2490000   302.916
2491000   303.732
2492000   307.804
2493000   307.445
2494000   305.168
2495000   305.525
2496000   300.129
2497000   297.989
2498000   301.233
2499000   307.569
2500000    304.84
2501000   301.734
2502000   307.717
2503000   304.691
2504000   300.462
2505000   302.644
2506000   300.211
2507000   300.734
2508000   298.623
2509000   308.083
2510000   304.365
2511000   309.698
2512000   303.558
2513000   304.154
2514000   303.346
2515000   300.758
2516000   294.604
2517000   290.459
2518000   289.875
2519000   293.278
2520000   292.615
2521000   289.685
2522000   290.735
2523000   289.539
2524000   294.117
2525000    300.68
2526000   299.081
2527000   299.743
2528000   294.149
2529000   299.214
2530000   296.623
2531000   296.202
2532000   297.349
2533000   296.064
2534000    295.62
2535000   301.085
2536000   299.643
2537000   302.123
2538000   301.066
2539000   298.138
2540000   310.416
2541000   305.268
2542000   305.271
2543000   299.328
2544000   298.675
2545000   298.134
2546000   305.074
2547000   305.709
2548000   305.662
2549000   302.348
2550000   305.338
2551000   305.005
2552000   307.314
2553000   301.493
2554000   301.093
2555000   303.083
2556000   301.205
2557000   301.547
2558000   300.101
2559000   302.801
2560000   301.453
2561000   304.328
2562000   304.864
2563000    301.87
2564000   303.481
2565000   299.638
2566000   300.515
2567000   297.726
2568000   298.744
2569000     294.5
2570000   295.083
2571000   299.268
2572000   299.918
2573000   302.185
2574000   304.973
2575000   304.357
2576000   307.416
2577000   303.834
2578000   306.966
2579000   309.269
2580000   310.374
2581000   300.483
2582000   303.995
2583000   302.388
2584000   302.009
2585000   301.841
2586000   297.706
2587000   302.054
2588000   296.102
2589000   299.492
2590000   299.995
2591000   299.609
2592000   298.494
2593000   297.262
2594000    297.22
2595000   298.191
2596000   300.819
2597000   302.554
2598000   303.433
2599000   301.494
2600000   301.995
2601000   299.597
2602000   302.004
2603000   302.925
2604000     300.5
2605000   293.549
2606000   300.567
2607000   295.994
2608000   299.099
2609000    296.54
2610000   298.811
2611000   296.792
2612000   301.622
2613000   294.462
2614000   294.992
2615000    289.79
2616000    292.79
2617000   288.131
2618000   293.323
2619000   294.216
2620000   291.171
2621000   292.561
2622000   293.698
2623000    293.48
2624000   294.017
2625000   290.662
2626000   289.006
2627000   292.176
2628000   293.168
2629000   298.524
2630000   300.524
2631000   294.427
2632000    297.53
2633000   291.191
2634000   294.119
2635000   296.869
2636000   296.244
2637000   297.414
2638000   296.601
2639000   288.367
2640000   295.446
2641000   293.227
2642000   292.171
2643000   292.351
2644000   296.395
2645000   299.248
2646000   297.703
2647000   302.927
2648000    301.14
2649000   297.488
2650000   298.654
2651000   300.782
2652000   298.739
2653000   297.503
2654000   300.116
2655000   303.633
2656000   302.508
2657000   304.396
2658000   303.649
2659000   298.121
2660000   302.698
2661000   304.919
2662000   308.079
2663000   303.143
2664000   302.903
2665000   299.701
2666000   297.041
2667000   299.841
2668000   299.072
2669000   303.787
2670000   298.159
2671000   301.724
2672000   300.357
2673000   300.054
2674000   299.669
2675000   302.201
2676000   302.591
2677000   302.981
2678000   300.927
2679000   303.335
2680000   299.586
2681000    301.61
2682000   300.901
2683000   299.982
2684000   304.861
2685000   307.289
2686000   297.785
2687000   290.728
2688000   296.176
2689000   298.734
2690000   302.335
2691000   299.795
2692000   295.461
2693000   295.628
2694000   291.728
2695000   299.285
2696000   295.517
2697000   294.257
2698000   293.706
2699000   301.612
2700000   302.176
2701000    304.18
2702000   300.437
2703000   296.957
2704000   295.204
2705000   298.847
2706000   295.469
2707000   298.149
2708000   299.035
2709000   295.942
2710000   299.053
2711000   293.933
2712000   300.202
2713000   304.184
2714000   299.329
2715000   299.917
2716000   300.299
2717000   301.254
2718000   298.066
2719000   296.464
2720000   299.205
2721000   298.959
2722000   301.017
2723000   295.523
2724000   295.548
2725000   292.386
2726000   295.252
2727000   296.291
2728000   296.072
2729000   296.779
2730000   302.184
2731000   305.388
2732000   306.598
2733000   301.096
2734000    301.59
2735000   300.313
2736000   297.353
2737000   299.361
2738000   296.798
2739000   294.746
2740000    290.74
2741000   295.104
2742000   296.906
2743000   298.229
2744000   301.001
2745000   295.598
2746000   297.302
2747000   301.343
2748000   303.481
2749000   303.028
2750000   305.881
2751000   304.529
2752000   305.867
2753000   305.135
2754000   306.656
2755000   302.042
2756000   301.115
2757000   299.318
2758000   295.338
2759000   303.516
2760000   302.602
2761000   301.214
2762000    301.18
2763000   294.551
2764000   289.128
2765000   298.268
2766000   297.633
2767000   303.384
2768000   296.618
2769000   299.201
2770000   297.929
2771000   300.591
2772000   303.315
2773000   299.787
2774000   294.104
2775000    296.45
2776000   295.161
2777000   290.972
2778000   292.133
2779000    294.83
2780000    290.11
2781000   292.924
2782000   293.706
2783000   296.023
2784000   296.552
2785000   301.759
2786000   294.026
2787000   293.515
2788000   291.227
2789000   291.957
2790000   287.178
2791000   286.533
2792000   286.632
2793000   289.337
2794000   290.567
2795000   295.057
2796000   295.244
2797000   288.809
2798000   294.029
2799000   292.195
2800000   290.615
2801000     298.4
2802000   301.283
2803000   303.447
2804000   298.627
2805000   292.056
2806000       294
2807000   300.706
2808000   296.419
2809000   296.789
2810000   302.395
2811000   300.309
2812000   299.517
2813000   297.612
2814000   297.173
2815000   294.405
2816000   298.418
2817000   304.208
2818000   296.937
2819000   300.057
2820000    296.49
2821000   296.878
2822000   298.757
2823000   297.883
2824000   297.849
2825000   300.294
2826000   295.441
2827000   296.397
2828000   296.081
2829000   300.384
2830000   296.157
2831000   297.959
2832000   297.212
2833000   292.947
2834000   292.614
2835000   294.853
2836000    298.09
2837000   297.448
2838000   299.454
2839000   296.921
2840000   297.547
2841000   296.994
2842000   300.564
2843000   301.914
2844000   299.335
2845000   292.118
2846000   295.589
2847000   297.504
2848000   301.935
2849000   297.291
2850000   302.384
2851000    298.73
2852000   296.543
2853000   298.756
2854000   303.718
2855000   304.943
2856000   302.406
2857000   306.427
2858000   299.205
2859000   300.215
2860000   298.716
2861000    300.47
2862000   300.747
2863000   300.777
2864000   304.019
2865000   295.155
2866000    301.78
2867000   302.388
2868000   301.996
2869000   298.219
2870000   300.142
2871000   296.409
2872000   297.297
2873000   300.013
2874000   297.217
2875000   296.028
2876000   297.684
2877000   302.144
2878000   301.318
2879000   301.896
2880000   299.841
2881000    304.31
2882000   300.209
2883000   294.826
2884000    295.49
2885000   292.601
2886000   287.133
2887000   296.187
2888000   297.721
2889000   295.289
2890000   295.902
2891000   294.281
2892000   291.707
2893000   294.504
2894000    291.24
2895000   295.071
2896000   295.395
2897000   289.688
2898000   289.388
2899000   291.143
2900000    288.86
2901000   291.809
2902000   290.293
2903000   292.096
2904000   289.478
2905000   295.809
2906000   297.293
2907000    297.22
2908000   299.663
2909000   295.209
2910000   294.797
2911000   291.233
2912000   297.278
2913000    295.79
2914000   296.883
2915000   298.043
2916000   304.731
2917000   302.607
2918000   298.569
2919000   296.943
2920000   300.055
2921000   303.597
2922000   305.584
2923000   307.548
2924000   303.942
2925000   303.936
2926000   304.102
2927000   307.581
2928000   303.958
2929000   300.266
2930000   301.676
2931000   302.955
2932000   301.745
2933000   299.496
2934000   301.255
2935000   298.623
2936000   300.299
2937000    301.05
2938000   304.264
2939000   301.099
2940000   302.156
2941000   305.529
2942000   309.586
2943000    303.73
2944000   301.368
2945000   306.751
2946000   301.628
2947000   301.241
2948000   300.893
2949000   302.886
2950000   301.926
2951000   301.834
2952000   299.189
2953000   302.395
2954000   304.276
2955000   299.317
2956000   302.837
2957000   301.335
2958000   299.174
2959000   299.361
2960000   297.246
2961000   292.572
2962000   299.578
2963000   300.763
2964000   298.725
2965000   298.219
2966000   294.556
2967000    301.37
2968000   298.986
2969000   299.908
2970000   301.165
2971000   298.619
2972000    302.27
2973000   293.564
2974000   292.061
2975000   297.977
2976000   294.958
2977000   300.768
2978000   299.953
2979000   295.918
2980000   292.848
2981000   292.045
2982000   291.104
2983000   293.068
2984000   298.821
2985000   295.752
2986000   297.846
2987000   299.267
2988000   296.797
2989000    295.11
2990000   298.914
2991000   295.156
2992000    297.49
2993000   297.007
2994000   300.822
2995000   295.082
2996000   290.253
2997000   290.312
2998000   290.571
2999000   295.476
3000000   296.825
3001000    297.19
3002000   292.417
3003000   296.056
3004000   298.357
3005000    299.79
3006000    294.24
3007000   295.734
3008000   296.144
3009000   297.333
3010000   301.571
3011000   303.731
3012000   298.298
3013000    296.83
3014000   295.267
3015000   302.669
3016000   305.225
3017000   297.311
3018000   301.749
3019000    302.86
3020000   295.168
3021000   298.215
3022000   289.111
3023000   294.873
3024000   291.958
3025000   291.665
3026000   293.462
3027000   293.718
3028000   291.475
3029000   292.667
3030000   297.647
3031000   292.401
3032000   297.516
3033000   292.621
3034000   297.615
3035000   297.006
3036000   295.301
3037000   300.924
3038000   301.542
3039000   310.344
3040000   302.951
3041000   306.907
3042000    297.36
3043000   295.089
3044000   302.897
3045000   303.205
3046000    302.41
3047000   296.233
3048000   299.962
3049000   304.504
3050000   302.466
3051000     297.3
3052000   297.437
3053000   297.142
3054000   297.361
3055000   293.641
3056000   294.131
3057000   291.639
3058000   291.247
3059000     298.1
3060000     301.6
3061000   298.686
3062000    302.77
3063000   304.292
3064000   309.068
3065000   302.413
3066000   299.119
3067000   290.168
3068000    289.32
3069000   290.303
3070000   290.293
3071000   294.792
3072000   303.775
3073000   304.257
3074000   303.559
3075000   297.923
3076000   299.084
3077000   302.386
3078000   301.378
3079000    293.35
3080000   293.721
3081000   289.255
3082000   290.556
3083000   292.538
3084000   292.422
3085000   295.695
3086000   293.774
3087000   286.496
3088000   295.022
3089000    292.76
3090000   297.569
3091000   300.582
3092000   301.728
3093000   298.274
3094000   297.776
3095000   297.711
3096000   292.813
3097000   299.712
3098000   293.416
3099000   297.452
3100000   307.907
3101000   308.288
3102000   303.782
3103000   309.372
3104000   309.612
3105000   309.589
3106000   306.175
3107000   307.557
3108000   304.537
3109000    302.92
3110000   298.884
3111000   309.386
3112000   305.561
3113000   306.561
3114000   306.368
3115000   297.726
3116000   295.021
3117000   300.327
3118000   292.738
3119000   296.401
3120000   294.736
3121000   298.582
3122000   293.766
3123000   292.451
3124000   294.116
3125000   294.999
3126000    296.74
3127000   294.329
3128000   295.737
3129000   299.273
3130000   294.922
3131000   295.615
3132000   293.184
3133000   296.342
3134000   294.495
3135000   299.944
3136000    298.62
3137000   302.322
3138000   300.129
3139000   302.997
3140000   303.519
3141000    302.01
3142000   304.216
3143000   302.766
3144000   298.736
3145000   299.994
3146000   301.008
3147000   297.615
3148000   296.312
3149000   299.346
3150000   301.532
3151000   296.306
3152000    298.89
3153000   293.591
3154000   295.942
3155000   291.636
3156000   292.783
3157000    296.78
3158000   294.123
3159000   291.293
3160000   292.395
3161000   292.132
3162000   292.294
3163000   294.632
3164000   294.937
3165000   290.086
3166000    294.05
3167000   297.549
3168000   297.033
3169000   298.388
3170000   291.391
3171000   297.817
3172000    300.48
3173000   299.554
3174000   302.129
3175000   298.895
3176000   293.925
3177000   295.396
3178000   292.072
3179000   294.033
3180000   294.139
3181000   293.368
3182000    292.26
3183000   294.919
3184000   296.073
3185000   292.069
3186000   289.085
3187000   284.962
3188000   286.219
3189000   295.943
3190000   298.449
3191000   295.847
3192000   296.311
3193000   299.014
3194000   290.518
3195000   290.793
3196000   291.608
3197000   294.905
3198000   295.884
3199000   291.856
3200000   290.948
3201000   294.016
3202000   291.911
3203000   296.949
3204000   298.949
3205000    299.97
3206000   297.278
3207000   297.642
3208000   293.157
3209000   298.617
3210000    292.64
3211000   288.483
3212000   294.577
3213000   293.454
3214000   293.248
3215000   293.311
3216000   291.625
3217000   294.476
3218000   294.323
3219000   288.652
3220000   286.705
3221000   284.797
3222000   287.742
3223000   289.017
3224000   290.011
3225000   288.245
3226000   290.869
3227000   291.455
3228000   293.698
3229000   297.718
3230000   291.268
3231000   294.276
3232000   296.405
3233000   301.096
3234000   298.157
3235000   294.517
3236000   289.213
3237000   293.285
3238000   301.905
3239000   295.644
3240000   289.644
3241000   295.605
3242000   293.567
3243000   292.635
3244000   294.813
3245000   293.551
3246000   298.536
3247000   296.146
3248000   291.256
3249000   294.944
3250000   291.846
3251000   295.058
3252000   294.895
3253000   297.913
3254000   299.315
3255000   300.599
3256000   301.325
3257000   292.087
3258000   298.651
3259000   298.724
3260000   293.479
3261000   291.847
3262000   299.794
3263000   297.599
3264000   301.241
3265000   298.302
3266000   298.936
3267000   295.908
3268000   298.763
3269000   302.932
3270000   298.886
3271000   300.351
3272000   304.786
3273000   307.647
3274000   301.604
3275000    300.11
3276000    302.53
3277000   291.276
3278000   295.113
3279000   290.633
3280000   292.491
3281000   291.623
3282000   294.822
3283000   293.905
3284000   299.093
3285000   295.009
3286000   295.082
3287000   302.014
3288000   297.028
3289000    301.08
3290000   301.502
3291000   297.874
3292000   301.007
3293000   302.579
3294000   302.709
3295000   304.437
3296000   310.771
3297000   305.641
3298000   294.149
3299000   293.144
3300000   296.504
3301000   301.411
3302000   301.635
3303000    294.84
3304000   304.836
3305000   304.672
3306000   306.203
3307000   308.893
3308000   308.197
3309000   299.049
3310000    296.99
3311000   303.822
3312000   302.614
3313000   299.904
3314000   300.562
3315000   303.197
3316000   301.595
3317000   299.122
3318000   298.756
3319000    296.13
3320000   296.344
3321000   299.217
3322000   299.788
3323000   298.139
3324000   307.457
3325000    308.49
3326000    305.63
3327000    298.14
3328000   297.107
3329000   297.585
3330000   299.598
3331000   301.574
3332000   294.961
3333000   295.373
3334000   297.342
3335000   298.256
3336000   304.859
3337000   303.653
3338000   301.411
3339000   301.831
3340000   302.735
3341000     296.9
3342000   298.933
3343000   297.503
3344000   300.765
3345000   300.002
3346000   303.124
3347000   303.783
3348000   304.772
3349000   312.468
3350000   301.537
3351000   298.976
3352000   298.156
3353000   297.382
3354000   298.404
3355000   300.121
3356000   298.848
3357000   297.883
3358000   294.437
3359000    294.94
3360000   299.502
3361000   299.426
3362000   295.923
3363000   292.199
3364000   296.668
3365000   297.012
3366000   298.312
3367000   298.725
3368000    302.95
3369000   305.845
3370000   306.771
3371000   300.561
3372000   303.317
3373000   303.468
3374000    302.65
3375000   302.871
3376000   295.649
3377000    294.37
3378000   293.128
3379000   294.506
3380000   296.857
3381000   295.811
3382000   296.667
3383000   296.292
3384000   300.137
3385000   300.749
3386000   302.041
3387000   299.226
3388000   299.752
3389000   303.596
3390000   306.786
3391000   312.935
3392000   307.007
3393000   304.559
3394000   300.588
3395000   300.774
3396000   301.069
3397000   301.067
3398000   304.878
3399000   300.179
3400000   303.018
3401000   300.387
3402000    301.56
3403000   298.949
3404000   296.252
3405000   299.102
3406000   295.566
3407000   290.809
3408000   299.699
3409000   308.321
3410000   301.373
3411000   301.179
3412000   303.124
3413000    306.45
3414000   301.427
3415000    306.98
3416000   299.367
3417000   298.871
3418000    300.07
3419000   292.605
3420000   295.293
3421000   294.111
3422000   294.724
3423000   295.561
3424000   300.652
3425000   301.365
3426000   302.067
3427000   293.825
3428000   292.199
3429000   289.526
3430000   289.051
3431000   289.801
3432000   292.477
3433000   295.227
3434000    293.64
3435000   290.853
3436000   289.659
3437000   290.557
3438000   296.876
3439000   291.537
3440000     291.3
3441000   291.536
3442000   286.361
3443000   294.202
3444000   293.437
3445000   296.201
3446000   298.039
3447000   296.836
3448000   297.713
3449000   298.441
3450000   302.342
3451000   300.992
3452000   295.306
3453000   295.894
3454000   294.398
3455000   299.677
3456000   297.422
3457000   298.624
3458000   298.345
3459000   298.993
3460000   296.021
3461000   291.372
3462000   300.006
3463000     297.5
3464000   297.426
3465000   304.256
3466000    305.61
3467000   305.923
3468000   303.422
3469000   299.936
3470000   300.767
3471000   314.937
3472000   307.085
3473000   304.309
3474000   303.971
3475000   307.283
3476000   312.411
3477000   305.958
3478000   306.794
3479000   302.699
3480000   304.871
3481000   304.058
3482000   309.299
3483000   305.073
3484000   303.798
3485000   296.863
3486000   299.597
3487000   299.345
3488000   302.397
3489000   303.316
3490000   301.406
3491000   298.972
3492000   301.482
3493000   298.933
3494000   296.807
3495000   299.815
3496000   305.181
3497000   303.871
3498000   301.465
3499000   306.178
3500000   303.484
3501000    304.17
3502000   299.319
3503000   303.343
3504000   304.999
3505000   293.462
3506000   294.967
3507000   302.198
3508000   294.809
3509000   302.071
3510000   302.183
3511000   298.721
3512000   297.757
3513000   296.354
3514000   302.993
3515000   300.598
3516000   297.843
3517000   304.682
3518000   301.701
3519000   297.773
3520000   296.472
3521000   297.002
3522000    293.35
3523000   288.857
3524000   287.086
3525000   288.986
3526000   292.809
3527000    293.53
3528000   295.736
3529000   295.645
3530000   296.242
3531000   296.856
3532000   299.192
3533000   300.071
3534000    297.82
3535000   294.684
3536000   294.886
3537000   298.316
3538000   298.651
3539000   297.172
3540000   297.305
3541000   294.222
3542000   294.501
3543000   295.632
3544000   290.386
3545000   292.465
3546000   302.552
3547000    304.18
3548000   301.738
3549000   299.943
3550000   304.292
3551000   313.227
3552000   306.442
3553000   301.677
3554000   302.234
3555000   297.854
3556000   300.505
3557000   301.267
3558000   299.058
3559000   300.795
3560000   303.785
3561000   299.988
3562000   302.981
3563000   303.172
3564000   303.357
3565000   302.387
3566000   304.125
3567000   298.531
3568000   294.459
3569000   303.426
3570000   312.018
3571000   308.982
3572000   304.239
3573000   306.824
3574000   310.995
3575000   307.833
3576000   310.149
3577000   302.377
3578000     297.2
3579000    298.47
3580000   295.141
3581000   301.219
3582000   300.365
3583000   298.176
3584000   291.937
3585000   290.838
3586000   293.938
3587000   301.434
3588000   303.536
3589000   299.809
3590000   296.104
3591000   298.852
3592000   296.821
3593000   299.377
3594000   295.252
3595000    298.49
3596000   302.696
3597000   296.396
3598000   297.321
3599000   299.951
3600000   301.067
3601000   304.929
3602000   304.093
3603000   298.431
3604000   297.932
3605000   296.913
3606000   295.114
3607000   290.838
3608000   299.287
3609000   301.478
3610000   295.619
3611000   302.481
3612000   299.478
3613000   299.478
3614000   295.694
3615000   297.433
3616000   299.662
3617000   299.536
3618000   296.236
3619000   291.744
3620000   294.064
3621000   294.528
3622000   300.786
3623000   296.409
3624000   300.717
3625000   298.309
3626000   297.848
3627000   299.135
3628000   303.795
3629000   298.359
3630000   296.128
3631000   298.546
3632000    299.42
3633000   301.861
3634000   302.716
3635000   302.087
3636000   302.895
3637000   306.218
3638000   305.795
3639000   298.203
3640000   303.259
3641000   302.133
3642000   302.705
3643000   300.165
3644000   303.598
3645000   298.301
3646000   301.294
3647000   304.987
3648000   305.118
3649000    304.63
3650000   303.613
3651000   302.249
3652000   298.665
3653000   296.222
3654000    297.98
3655000   300.985
3656000   302.268
3657000   299.712
3658000   300.608
3659000   298.446
3660000   295.664
3661000   298.721
3662000   293.544
3663000    295.04
3664000    296.72
3665000    301.28
3666000   302.038
3667000   299.141
3668000   297.789
3669000   298.701
3670000   294.695
3671000   295.894
3672000   295.204
3673000   290.051
3674000   294.672
3675000   291.048
3676000   291.407
3677000   292.057
3678000   295.091
3679000   302.583
3680000   299.474
3681000   300.813
3682000   299.437
3683000   298.705
3684000   293.382
3685000   293.002
3686000   298.385
3687000   295.347
3688000   292.589
3689000   299.891
3690000   304.148
3691000   300.745
3692000   301.188
3693000   301.848
3694000   301.803
3695000   301.691
3696000   302.798
3697000   299.705
3698000   298.565
3699000   303.579
3700000   303.342
3701000   302.044
3702000   305.338
3703000   307.181
3704000   304.536
3705000   300.385
3706000   300.923
3707000   302.165
3708000   299.368
3709000   306.263
3710000   303.756
3711000   304.793
3712000   301.884
3713000   305.867
3714000   307.965
3715000   305.871
3716000   305.814
3717000    301.06
3718000   305.509
3719000   304.272
3720000   303.683
3721000   298.703
3722000   300.192
3723000   299.044
3724000   300.963
3725000   300.684
3726000   305.194
3727000   302.077
3728000   308.061
3729000   303.788
3730000   300.516
3731000   301.962
3732000   298.084
3733000   302.451
3734000   300.463
3735000   304.305
3736000   312.974
3737000   310.252
3738000   301.313
3739000   293.899
3740000   302.401
3741000   301.464
3742000   298.839
3743000   305.025
3744000    303.36
3745000   304.908
3746000   308.281
3747000   305.505
3748000   300.201
3749000    301.48
3750000    304.15
3751000   300.149
3752000   298.427
3753000    299.49
3754000   301.264
3755000   307.696
3756000   302.782
3757000   308.878
3758000   297.389
3759000   298.556
3760000   304.757
3761000   298.417
3762000   298.622
3763000   299.158
3764000   311.297
3765000   308.135
3766000   299.812
3767000   299.841
3768000   302.489
3769000    305.19
3770000   298.866
3771000   297.679
3772000       293
3773000   298.258
3774000   304.996
3775000   299.695
3776000   306.051
3777000   306.139
3778000   295.273
3779000   299.785
3780000   303.656
3781000   301.748
3782000   301.054
3783000   299.941
3784000   300.855
3785000   307.404
3786000   307.118
3787000   303.515
3788000   304.694
3789000   302.466
3790000   301.595
3791000    298.78
3792000   300.588
3793000   301.005
3794000   306.212
3795000   304.147
3796000   303.153
3797000   306.856
3798000   300.943
3799000   298.694
3800000   298.043
3801000   300.712
3802000   300.188
3803000   296.675
3804000   295.536
3805000   294.881
3806000   297.334
3807000   293.262
3808000   295.716
3809000   294.138
3810000   297.458
3811000   301.605
3812000   298.458
3813000   299.631
3814000   298.067
3815000    300.81
3816000   307.065
3817000   306.364
3818000    305.49
3819000   304.132
3820000   299.184
3821000   289.546
3822000   295.085
3823000   292.005
3824000   295.762
3825000   299.883
3826000   297.408
3827000   298.252
3828000   295.632
3829000   302.771
3830000   301.564
3831000   305.627
3832000   300.675
3833000   301.267
3834000   297.266
3835000   291.789
3836000   294.772
3837000    292.75
3838000   291.361
3839000   296.325
3840000   298.285
3841000   298.197
3842000   295.202
3843000     297.8
3844000   296.813
3845000   305.527
3846000   302.038
3847000   301.773
3848000   303.273
3849000   301.588
3850000   300.717
3851000   301.252
3852000   301.558
3853000   299.291
3854000   305.521
3855000   304.117
3856000   306.119
3857000   304.309
3858000   300.032
3859000   302.079
3860000   297.704
3861000   298.301
3862000   303.401
3863000   297.538
3864000   304.178
3865000   299.157
3866000   302.748
3867000   302.271
3868000   297.322
3869000   301.015
3870000   302.773
3871000   297.853
3872000   298.575
3873000   302.485
3874000   301.499
3875000   301.093
3876000   303.265
3877000   300.795
3878000   302.971
3879000   303.323
3880000   302.646
3881000    311.04
3882000   295.411
3883000   295.174
3884000   295.422
3885000   295.381
3886000   293.235
3887000   292.024
3888000   296.403
3889000   291.958
3890000   286.435
3891000   294.843
3892000   300.883
3893000   294.772
3894000   299.362
3895000   298.447
3896000   299.721
3897000   297.637
3898000   298.347
3899000    300.05
3900000   299.538
3901000   298.599
3902000   298.024
3903000    296.95
3904000   293.358
3905000   294.305
3906000   299.497
3907000   297.947
3908000   296.508
3909000   296.071
3910000   291.509
3911000   294.487
3912000    296.39
3913000   297.299
3914000   297.541
3915000   296.694
3916000   294.716
3917000   302.116
3918000   302.594
3919000   292.974
3920000   293.924
3921000   298.478
3922000    298.11
3923000   292.906
3924000   294.241
3925000   296.931
3926000   296.809
3927000   296.157
3928000   295.855
3929000   293.693
3930000   296.594
3931000   295.607
3932000   296.503
3933000   299.161
3934000   297.021
3935000    298.16
3936000   291.848
3937000   300.161
3938000   301.294
3939000    302.95
3940000   302.197
3941000   299.684
3942000    296.63
3943000   296.542
3944000   290.338
3945000    294.35
3946000   305.557
3947000    297.73
3948000   297.287
3949000   296.052
3950000   294.527
3951000   298.768
3952000   299.325
3953000   298.964
3954000   301.087
3955000   299.396
3956000   297.826
3957000   296.377
3958000   297.525
3959000   295.368
3960000   299.255
3961000   295.634
3962000   296.824
3963000   298.809
3964000   295.871
3965000   295.653
3966000   292.867
3967000    301.01
3968000   295.173
3969000   290.112
3970000   293.838
3971000   288.081
3972000   287.103
3973000    290.68
3974000   298.062
3975000   299.671
3976000   300.124
3977000   296.941
3978000   300.933
3979000   300.647
3980000   296.774
3981000   303.562
3982000   300.209
3983000   297.554
3984000   295.303
3985000   292.239
3986000   290.531
3987000   296.071
3988000   291.521
3989000   297.995
3990000   299.811
3991000   299.026
3992000   299.749
3993000   294.525
3994000    297.22
3995000   295.936
3996000   292.882
3997000   289.209
3998000   290.845
3999000   295.585
4000000   297.999
4001000   299.206
4002000   294.637
4003000   296.074
4004000   292.985
4005000   296.905
4006000   299.722
4007000    289.89
4008000   297.611
4009000   297.712
4010000   291.686
4011000   292.737
4012000   290.481
4013000   296.887
4014000   300.033
4015000   294.092
4016000   293.267
4017000   294.272
4018000   298.203
4019000   294.514
4020000   296.167
4021000   295.748
4022000   296.272
4023000   300.941
4024000   297.108
4025000   295.971
4026000   298.814
4027000   306.393
4028000   298.498
4029000   302.525
4030000   305.936
4031000   304.902
4032000    302.42
4033000   300.139
4034000   303.224
4035000   299.966
4036000   300.111
4037000   294.827
4038000   293.786
4039000   300.327
4040000   294.678
4041000   289.867
4042000   292.309
4043000   293.744
4044000   299.818
4045000   301.463
4046000   294.331
4047000   294.323
4048000   301.136
4049000   303.264
4050000   300.632
4051000   302.285
4052000   304.943
4053000   298.663
4054000   295.082
4055000   297.156
4056000   294.546
4057000    296.68
4058000   298.081
4059000   301.241
4060000   299.718
4061000   297.698
4062000   295.982
4063000   293.762
4064000   297.089
4065000   294.646
4066000   298.866
4067000   292.286
4068000   295.573
4069000   295.276
4070000   293.883
4071000   298.811
4072000   297.365
4073000   291.801
4074000   294.684
4075000   298.192
4076000   294.164
4077000   297.781
4078000   298.684
4079000   300.433
4080000   301.599
4081000   302.138
4082000   296.409
4083000   298.103
4084000   299.559
4085000   300.098
4086000   295.936
4087000   297.588
4088000   299.193
4089000   294.774
4090000   295.021
4091000   293.055
4092000     300.1
4093000    302.64
4094000   300.539
4095000   302.775
4096000   302.258
4097000   297.352
4098000   297.604
4099000   302.355
4100000   303.101
4101000   300.391
4102000   305.607
4103000   307.651
4104000   299.598
4105000   297.838
4106000    292.42
4107000   291.377
4108000   294.567
4109000   294.033
4110000    295.54
4111000   295.058
4112000   298.519
4113000   297.256
4114000   301.291
4115000   301.194
4116000   301.039
4117000   299.297
4118000   303.934
4119000   302.031
4120000   301.862
4121000   299.473
4122000   297.246
4123000   302.104
4124000   305.724
4125000   305.703
4126000   301.809
4127000   298.384
4128000   301.996
4129000   301.195
4130000   300.694
4131000   302.754
4132000    303.66
4133000   303.497
4134000   294.373
4135000   292.975
4136000   295.946
4137000   303.028
4138000   302.466
4139000   296.673
4140000    291.12
4141000   289.175
4142000   296.699
4143000   302.346
4144000   303.464
4145000   301.745
4146000   298.386
4147000   295.369
4148000   289.551
4149000   290.398
4150000   298.206
4151000   303.485
4152000   297.313
4153000   304.264
4154000   301.766
4155000   299.033
4156000   302.757
4157000   301.509
4158000   296.678
4159000   296.717
4160000   295.692
4161000   297.979
4162000   296.181
4163000   296.136
4164000    298.49
4165000   300.319
4166000   300.823
4167000   300.109
4168000   304.639
4169000   291.817
4170000   293.635
4171000   300.169
4172000   303.899
4173000   299.447
4174000   304.465
4175000   302.773
4176000   300.836
4177000   297.579
4178000   295.604
4179000    297.71
4180000   296.627
4181000   300.032
4182000    302.26
4183000   301.721
4184000   298.481
4185000    300.97
4186000   301.132
4187000   300.099
4188000   300.294
4189000   301.474
4190000    299.86
4191000   306.362
4192000   299.429
4193000   300.697
4194000   304.649
4195000   301.177
4196000   304.982
4197000   300.462
4198000   299.799
4199000   302.152
4200000   303.384
4201000   300.907
4202000   297.709
4203000   299.574
4204000   302.118
4205000   300.191
4206000    304.53
4207000   299.193
4208000   295.157
4209000   299.195
4210000   303.258
4211000   298.927
4212000   300.695
4213000   306.709
4214000   310.412
4215000    300.68
4216000    295.88
4217000   297.579
4218000   299.186
4219000   297.612
4220000   296.433
4221000   294.898
4222000   291.639
4223000   290.055
4224000   291.548
4225000   297.225
4226000   295.562
4227000   298.535
4228000   292.488
4229000   291.961
4230000   297.787
4231000   296.531
4232000   304.413
4233000   303.432
4234000   306.365
4235000   302.288
4236000   304.244
4237000   306.453
4238000   303.742
4239000   305.652
4240000   306.441
4241000   300.139
4242000     295.1
4243000   300.908
4244000   300.344
4245000   294.422
4246000     290.5
4247000   303.361
4248000    307.17
4249000   306.996
4250000   307.503
4251000   302.202
4252000   300.342
4253000   303.411
4254000   300.994
4255000   299.516
4256000   302.056
4257000   308.635
4258000   304.588
4259000   307.196
4260000   306.127
4261000   302.802
4262000   298.121
4263000   298.035
4264000   300.064
4265000   301.664
4266000   298.279
4267000   298.603
4268000   298.152
4269000   298.747
4270000   303.817
4271000   302.789
4272000   299.822
4273000   301.882
4274000   304.834
4275000   309.905
4276000    300.47
4277000   297.992
4278000   298.672
4279000   297.072
4280000   295.158
4281000   295.043
4282000    294.91
4283000   296.825
4284000   297.565
4285000   299.475
4286000   296.309
4287000   302.598
4288000   302.883
4289000   296.854
4290000   295.886
4291000   298.801
4292000   295.876
4293000   293.182
4294000   286.739
4295000   291.493
4296000   293.483
4297000    293.15
4298000   294.546
4299000   298.182
4300000   298.332
4301000   298.112
4302000   301.155
4303000   294.131
4304000   296.005
4305000   303.384
4306000   299.286
4307000   292.004
4308000   290.695
4309000   294.662
4310000   299.876
4311000   298.466
4312000   301.111
4313000   299.679
4314000   303.229
4315000   295.111
4316000   295.411
4317000   303.121
4318000   306.917
4319000   299.529
4320000   299.625
4321000    299.44
4322000   295.202
4323000   297.602
4324000   294.605
4325000   294.437
4326000   298.654
4327000    300.58
4328000   303.429
4329000   300.666
4330000   297.876
4331000   301.148
4332000    299.78
4333000   294.534
4334000   298.621
4335000   293.445
4336000   299.188
4337000   293.748
4338000   293.299
4339000   297.347
4340000    298.16
4341000   298.726
4342000   303.181
4343000   301.903
4344000   304.839
4345000   299.221
4346000   298.968
4347000   299.457
4348000   303.257
4349000   306.104
4350000    306.02
4351000   304.561
4352000    299.54
4353000   296.648
4354000   304.119
4355000   302.834
4356000   299.968
4357000   299.616
4358000   298.519
4359000   295.716
4360000   298.922
4361000   298.657
4362000   301.344
4363000   300.597
4364000   299.142
4365000   300.036
4366000   299.725
4367000   303.273
4368000   297.331
4369000   305.409
4370000   295.984
4371000   295.185
4372000   297.685
4373000   291.404
4374000   299.167
4375000   298.808
4376000   296.258
4377000   300.782
4378000   295.508
4379000   290.851
4380000   297.728
4381000   295.166
4382000   296.691
4383000   300.478
4384000   298.445
4385000   294.537
4386000    295.66
4387000   296.625
4388000   292.649
4389000   290.893
4390000   293.781
4391000   295.113
4392000   290.571
4393000   294.675
4394000   299.934
4395000     301.3
4396000   296.345
4397000   297.748
4398000   301.645
4399000   294.075
4400000   290.594
4401000   298.747
4402000   291.933
4403000   296.601
4404000   299.988
4405000   300.688
4406000    301.49
4407000   302.222
4408000   298.788
4409000   297.308
4410000   301.628
4411000   298.612
4412000   300.821
4413000   301.787
4414000   299.874
4415000   306.502
4416000    308.49
4417000   305.325
4418000     304.1
4419000   307.103
4420000   306.398
4421000   302.328
4422000     300.6
4423000   303.768
4424000   306.668
4425000   305.527
4426000   305.869
4427000   303.142
4428000    304.62
4429000   297.906
4430000   302.328
4431000   298.948
4432000   300.544
4433000   304.645
4434000   304.307
4435000    303.35
4436000   304.406
4437000   307.731
4438000   307.863
4439000   302.651
4440000   300.696
4441000   297.369
4442000   302.788
4443000   299.408
4444000   306.103
4445000   301.774
4446000   300.233
4447000   299.512
4448000   298.571
4449000   297.284
4450000   297.635
4451000   292.285
4452000    295.61
4453000   295.182
4454000   295.902
4455000   294.468
4456000   300.625
4457000   295.265
4458000    298.88
4459000   296.164
4460000   299.401
4461000   301.427
4462000   301.837
4463000   301.573
4464000   304.741
4465000   303.437
4466000     301.6
4467000    301.24
4468000   302.617
4469000   303.418
4470000    304.76
4471000   302.932
4472000   303.182
4473000   303.347
4474000   303.991
4475000   299.679
4476000   302.275
4477000   301.761
4478000   304.525
4479000    299.53
4480000   295.298
4481000   294.574
4482000   298.976
4483000   298.173
4484000   298.223
4485000   294.688
4486000   294.894
4487000   292.146
4488000    288.69
4489000   290.035
4490000   293.775
4491000    291.92
4492000   289.195
4493000   287.638
4494000     290.6
4495000   291.639
4496000   298.172
4497000   298.979
4498000   293.038
4499000   294.407
4500000   295.323
4501000   293.428
4502000   295.698
4503000    294.39
4504000   294.911
4505000   300.003
4506000   295.244
4507000   299.926
4508000   297.075
4509000   298.333
4510000   296.105
4511000   293.105
4512000   298.714
4513000   304.765
4514000   305.468
4515000   303.431
4516000   302.229
4517000   303.669
4518000   304.314
4519000   307.619
4520000    303.78
4521000   305.639
4522000   299.475
4523000   299.347
4524000   298.557
4525000   293.978
4526000   300.071
4527000   299.906
4528000   303.922
4529000    301.68
4530000   298.655
4531000   299.991
4532000   299.921
4533000    300.03
4534000   302.177
4535000   305.349
4536000   308.385
4537000   307.257
4538000   302.765
4539000   301.161
4540000   296.549
4541000   302.836
4542000   300.076
4543000   301.304
4544000   300.765
4545000    302.85
4546000   301.485
4547000   298.392
4548000   301.476
4549000   298.648
4550000   294.659
4551000   297.631
4552000   302.122
4553000   301.352
4554000   300.186
4555000   298.771
4556000   301.673
4557000   298.388
4558000   296.756
4559000   298.417
4560000   296.954
4561000   297.533
4562000   296.531
4563000   299.032
4564000   296.808
4565000    295.89
4566000   296.244
4567000   298.677
4568000   296.112
4569000   289.275
4570000   293.647
4571000   297.679
4572000   300.321
4573000    297.72
4574000   304.197
4575000   300.941
4576000   306.103
4577000   302.946
4578000    299.78
4579000   299.684
4580000   299.691
4581000   303.317
4582000   302.543
4583000   301.421
4584000   307.824
4585000   302.367
4586000   297.332
4587000   297.656
4588000   297.536
4589000   302.474
4590000   298.902
4591000   298.672
4592000   300.372
4593000   299.896
4594000   305.502
4595000   300.556
4596000   297.621
4597000   303.277
4598000   298.266
4599000   300.078
4600000   296.762
4601000   302.101
4602000   297.071
4603000   286.859
4604000   295.981
4605000   300.217
4606000   296.336
4607000   297.404
4608000   296.553
4609000   297.083
4610000   300.004
4611000   300.685
4612000   299.489
4613000   302.855
4614000   299.352
4615000   303.061
4616000   301.735
4617000    301.02
4618000    298.35
4619000   298.454
4620000   292.641
4621000   294.679
4622000   301.211
4623000   298.557
4624000   292.892
4625000   298.306
4626000   299.031
4627000   299.407
4628000   300.672
4629000   292.209
4630000   291.674
4631000   300.546
4632000   296.271
4633000   297.588
4634000    296.74
4635000   296.179
4636000   298.453
4637000   305.144
4638000   306.441
4639000   299.485
4640000   300.163
4641000   302.615
4642000   297.316
4643000   299.908
4644000   303.701
4645000   302.699
4646000   300.721
4647000   302.142
4648000   299.668
4649000   293.854
4650000   293.454
4651000   300.619
4652000   304.915
4653000   304.854
4654000   296.449
4655000   298.852
4656000   292.598
4657000   295.523
4658000   298.408
4659000    301.01
4660000   301.952
4661000    303.58
4662000   302.309
4663000   299.334
4664000   306.077
4665000   301.801
4666000     299.4
4667000   299.314
4668000   303.809
4669000   298.295
4670000   304.206
4671000    301.21
4672000   301.606
4673000   301.318
4674000   295.786
4675000    298.68
4676000   300.528
4677000   301.758
4678000   300.413
4679000   301.624
4680000   304.984
4681000   314.958
4682000   311.672
4683000   307.673
4684000   306.473
4685000   309.281
4686000   302.813
4687000   303.626
4688000   308.895
4689000   306.062
4690000   304.336
4691000   306.687
4692000   306.502
4693000   300.204
4694000   295.806
4695000   300.324
4696000   297.135
4697000   301.267
4698000   299.276
4699000   296.445
4700000   304.623
4701000   302.789
4702000   307.951
4703000   301.922
4704000   303.908
4705000   303.783
4706000   301.458
4707000   298.072
4708000   294.123
4709000   294.133
4710000   296.474
4711000   295.957
4712000   289.041
4713000   299.296
4714000   297.275
4715000   300.471
4716000   297.478
4717000    298.09
4718000   295.936
4719000   296.924
4720000   292.987
4721000    296.46
4722000   291.865
4723000   289.206
4724000   296.722
4725000   299.006
4726000   296.593
4727000   293.587
4728000   297.954
4729000   301.042
4730000   301.061
4731000   301.484
4732000   299.982
4733000   296.222
4734000   295.902
4735000   290.234
4736000   294.268
4737000    292.02
4738000   297.209
4739000   293.688
4740000   295.084
4741000   292.357
4742000   292.187
4743000   294.763
4744000   290.262
4745000   291.756
4746000   299.453
4747000   304.297
4748000   300.466
4749000   298.611
4750000   299.066
4751000   293.241
4752000   299.372
4753000   298.662
4754000    302.03
4755000   301.199
4756000   302.447
4757000   300.302
4758000   300.671
4759000     296.7
4760000   301.569
4761000   296.689
4762000   303.593
4763000   299.509
4764000   303.847
4765000   298.277
4766000   301.706
4767000     296.2
4768000   294.081
4769000   291.291
4770000   291.455
4771000   293.214
4772000   296.234
4773000   305.836
4774000   299.886
4775000   301.493
4776000   300.183
4777000   301.796
4778000   298.826
4779000   300.248
4780000   299.695
4781000   303.585
4782000   298.299
4783000   299.204
4784000   298.178
4785000   300.379
4786000   305.898
4787000   309.332
4788000   300.577
4789000   296.409
4790000   300.442
4791000   305.763
4792000   308.666
4793000   306.391
4794000   305.874
4795000   302.672
4796000   304.901
4797000   301.464
4798000   304.623
4799000   301.109
4800000   298.051
4801000   300.308
4802000   301.735
4803000   302.527
4804000   300.822
4805000   299.441
4806000   302.271
4807000   299.512
4808000   298.929
4809000   296.491
4810000    295.34
4811000   293.205
4812000   289.346
4813000   286.159
4814000   292.807
4815000   288.046
4816000   289.131
4817000   290.715
4818000   297.856
4819000   296.597
4820000   299.396
4821000   300.271
4822000   302.879
4823000   297.993
4824000   302.848
4825000   299.224
4826000    295.07
4827000   298.112
4828000    299.84
4829000   304.068
4830000   300.283
4831000   300.388
4832000   299.312
4833000   293.218
4834000   299.248
4835000    302.24
4836000   304.832
4837000   299.257
4838000   294.973
4839000   293.027
4840000   296.853
4841000   296.301
4842000   292.952
4843000   292.699
4844000   294.504
4845000    289.08
4846000   294.417
4847000    294.01
4848000   296.808
4849000   291.743
4850000   292.451
4851000   293.101
4852000   296.306
4853000   300.067
4854000   297.904
4855000   289.796
4856000   291.622
4857000   286.733
4858000   285.596
4859000    287.65
4860000   293.016
4861000   297.236
4862000   297.456
4863000   296.089
4864000   295.534
4865000   290.856
4866000   293.869
4867000   293.411
4868000   297.137
4869000    294.95
4870000   293.796
4871000   299.697
4872000   300.518
4873000   298.813
4874000   298.972
4875000   298.809
4876000   302.192
4877000   305.282
4878000    297.36
4879000   296.597
4880000   295.805
4881000   294.595
4882000   292.056
4883000   294.948
4884000   297.299
4885000   291.011
4886000   290.417
4887000   294.117
4888000   296.729
4889000   291.449
4890000    295.02
4891000   296.973
4892000   299.932
4893000   301.148
4894000   303.165
4895000   303.208
4896000   301.551
4897000   302.355
4898000   297.231
4899000   301.683
4900000   299.472
4901000   294.975
4902000    293.87
4903000   291.714
4904000   299.964
4905000   295.822
4906000   304.009
4907000   303.992
4908000   301.889
4909000   301.881
4910000    298.02
4911000   295.903
4912000   292.663
4913000   292.572
4914000   296.728
4915000   301.605
4916000   297.034
4917000    291.48
4918000   287.554
4919000    298.31
4920000   299.062
4921000   300.351
4922000   302.172
4923000     299.3
4924000   293.236
4925000   293.207
4926000   299.119
4927000   300.056
4928000   294.035
4929000   295.723
4930000   293.259
4931000    291.03
4932000   287.378
4933000   290.479
4934000    292.22
4935000   298.786
4936000   297.987
4937000   296.818
4938000   299.581
4939000    298.54
4940000   299.988
4941000   298.213
4942000   296.966
4943000   298.996
4944000   300.515
4945000   305.956
4946000    299.33
4947000   295.463
4948000   294.992
4949000   294.955
4950000   298.352
4951000   297.184
4952000   297.611
4953000   302.263
4954000   300.624
4955000   299.492
4956000   296.987
4957000   297.227
4958000   295.594
4959000   298.963
4960000    301.99
4961000   301.767
4962000   303.788
4963000   299.475
4964000   300.925
4965000   304.567
4966000   308.209
4967000   308.743
4968000   305.737
4969000   302.605
4970000   299.374
4971000   300.754
4972000   298.365
4973000   297.388
4974000   301.044
4975000   301.104
4976000   298.056
4977000   298.899
4978000   301.972
4979000   300.807
4980000   302.629
4981000   297.328
4982000   302.172
4983000   305.601
4984000   303.082
4985000   301.237
4986000   302.132
4987000   302.039
4988000   306.092
4989000   305.935
4990000   299.963
4991000   300.913
4992000   309.802
4993000   304.162
4994000   303.257
4995000   303.078
4996000    303.24
4997000   297.259
4998000   299.064
4999000   304.156
5000000    300.82
