1000   300.098
2000   303.774
3000   304.156
4000   307.386
5000   298.291
6000    301.39
7000   303.211
8000   302.506
9000   299.227
10000   307.079
11000    307.08
12000   306.707
13000   308.136
14000    304.62
15000    301.81
16000   304.113
17000   306.352
18000   309.499
19000   311.358
20000   311.511
21000   302.572
22000   299.438
23000   305.217
24000   306.139
25000   302.893
26000   310.309
27000   310.451
28000   305.966
29000   302.875
30000   303.276
31000   306.663
32000    305.89
33000   307.315
34000   305.184
35000   301.019
36000    299.97
37000   305.971
38000   303.048
39000   300.593
40000   305.546
41000    306.83
42000   312.161
43000   306.853
44000   309.988
45000   308.556
46000   306.114
47000   306.177
48000   308.974
49000   305.664
50000    305.54
51000    304.72
52000   302.789
53000   308.554
54000   310.786
55000   314.643
56000   309.844
57000   306.443
58000   306.128
59000   308.941
60000   305.492
61000    308.55
62000   309.319
63000   314.611
64000   312.555
65000   307.974
66000   305.084
67000   303.964
68000    306.55
69000   309.487
70000   313.771
71000   311.817
72000   314.596
73000   313.398
74000   310.278
75000   312.326
76000   310.713
77000   310.109
78000   311.351
79000   307.846
80000   307.161
81000   312.377
82000   315.653
83000   310.136
84000   310.582
85000   309.103
86000   308.614
87000   310.842
88000   314.391
89000   312.005
90000   312.185
91000   314.015
92000   311.303
93000   309.612
94000   313.151
95000   305.599
96000   304.575
97000   304.528
98000       309
99000    310.37
100000   307.522
101000   307.879
102000    305.52
103000   304.915
104000    302.43
105000   303.985
106000   303.037
107000   309.359
108000   306.363
109000   300.068
110000   306.347
111000   306.998
112000   308.894
113000   310.684
114000   309.028
115000   308.394
116000   302.448
117000   303.254
118000   311.501
119000   311.486
120000   309.843
121000   308.751
122000    313.66
123000   317.315
124000   316.799
125000   311.532
126000     311.2
127000   309.863
128000   313.163
129000   306.739
130000   303.241
131000   308.072
132000   311.295
133000    312.77
134000   311.944
135000   310.547
136000   303.505
137000    301.21
138000   302.476
139000   305.222
140000   310.316
141000   312.213
142000   309.196
143000   311.434
144000   313.326
145000   313.499
146000   311.378
147000   314.242
148000   305.196
149000   301.334
150000    301.72
151000   307.995
152000   307.331
153000   303.219
154000   301.857
155000   303.916
156000   309.075
157000    309.29
158000   303.725
159000   300.816
160000    306.05
161000   311.269
162000   311.948
163000   308.956
164000   309.079
165000   307.576
166000    306.35
167000   312.616
168000   312.714
169000   308.131
170000   306.816
171000   308.563
172000   308.792
173000   306.063
174000    313.51
175000   313.148
176000   308.707
177000   316.449
178000   314.413
179000   315.135
180000   314.794
181000   318.643
182000   316.724
183000   311.695
184000   313.234
185000   308.588
186000   312.681
187000   313.831
188000   315.597
189000   311.192
190000   314.443
191000   309.474
192000   309.192
193000   308.886
194000   305.589
195000   305.335
196000   313.098
197000   312.644
198000   312.363
199000   307.678
200000   306.876
201000   307.338
202000   307.506
203000   304.463
204000   303.356
205000   309.611
206000   307.567
207000   304.853
208000   308.981
209000   311.926
210000   304.377
211000   299.973
212000     302.3
213000   304.511
214000   301.321
215000   305.175
216000   311.142
217000   315.128
218000   309.794
219000   311.554
220000   310.139
221000   304.845
222000    310.03
223000   312.802
224000   315.013
225000   317.564
226000   316.433
227000   311.161
228000    312.11
229000   310.187
230000   309.131
231000   305.013
232000   302.363
233000   307.609
234000   304.252
235000   305.826
236000   308.216
237000   310.818
238000   315.845
239000   321.906
240000   318.352
241000    313.62
242000   310.005
243000   307.631
244000   312.416
245000   312.635
246000   313.534
247000    314.69
248000   312.523
249000   309.718
250000   309.134
251000   308.076
252000   308.901
253000   308.738
254000   307.765
255000   314.604
256000   310.006
257000   319.685
258000   315.291
259000   321.489
260000   314.175
261000   311.268
262000   311.381
263000   307.283
264000   317.446
265000   309.571
266000   308.227
267000   311.258
268000   308.216
269000   305.742
270000   312.241
271000   308.273
272000   309.698
273000   308.709
274000   304.503
275000   314.367
276000   305.179
277000   306.828
278000   310.718
279000   309.104
280000   308.371
281000    312.94
282000   304.718
283000   305.134
284000   309.634
285000   310.987
286000   312.126
287000   311.487
288000   310.978
289000    311.15
290000   301.302
291000   306.761
292000   307.685
293000   310.029
294000   313.654
295000   309.083
296000   308.407
297000   309.211
298000    311.86
299000   316.873
300000   312.822
301000   308.802
302000   305.405
303000   306.379
304000   306.882
305000    313.47
306000   306.681
307000   304.179
308000   305.733
309000   307.572
310000   308.764
311000       304
312000   304.871
313000   306.498
314000   311.812
315000   309.243
316000   308.862
317000    314.41
318000   308.488
319000   310.426
320000   308.149
321000   307.948
322000   312.452
323000   305.897
324000   312.505
325000   309.296
326000   308.926
327000   307.641
328000   307.685
329000   310.994
330000    311.93
331000   311.063
332000   311.509
333000   319.372
334000   309.184
335000   306.279
336000   310.212
337000   311.747
338000   315.044
339000   311.579
340000   309.886
341000   306.426
342000   306.019
343000    312.55
344000   313.944
345000   304.992
346000   315.072
347000   315.538
348000   308.222
349000   299.234
350000   306.078
351000   312.528
352000   306.984
353000   300.723
354000   300.687
355000   306.277
356000   306.416
357000   306.887
358000   312.131
359000   311.679
360000   312.581
361000   313.548
362000   311.635
363000   306.325
364000   310.556
365000    309.24
366000   311.642
367000   309.462
368000   312.397
369000   307.242
370000   314.477
371000   315.003
372000   306.506
373000   304.025
374000   306.209
375000   315.834
376000   310.371
377000   315.533
378000     313.8
379000   311.371
380000   308.701
381000   311.537
382000   309.041
383000   303.679
384000   303.243
385000   309.212
386000   308.018
387000   307.253
388000    310.04
389000   307.085
390000   305.528
391000   308.575
392000    314.65
393000   311.043
394000   311.234
395000   315.332
396000   318.658
397000   317.405
398000   315.231
399000   310.214
400000   308.003
401000   309.135
402000   310.445
403000   307.829
404000   307.051
405000    310.77
406000    317.73
407000   319.625
408000   318.342
409000   317.378
410000   316.856
411000   318.161
412000   316.374
413000   309.974
414000   307.198
415000   309.111
416000   309.332
417000   306.746
418000    307.57
419000   307.483
420000   311.592
421000   308.314
422000   304.852
423000   309.326
424000   308.962
425000   308.054
426000   309.088
427000    306.21
428000   313.813
429000   312.818
430000   314.532
431000   322.613
432000   319.795
433000   314.173
434000   309.808
435000   309.598
436000   306.979
437000    306.42
438000    303.37
439000   309.418
440000    305.47
441000   310.536
442000   314.192
443000   315.838
444000   315.581
445000   307.975
446000   305.711
447000   305.708
448000   308.289
449000   305.733
450000    304.16
451000   306.286
452000   307.208
453000   307.855
454000   314.836
455000   311.896
456000   315.264
457000   309.404
458000   310.841
459000   307.898
460000   308.309
461000   309.915
462000   317.028
463000    313.29
464000   313.738
465000    314.94
466000   308.136
467000   311.664
468000    310.15
469000   306.476
470000   313.935
471000   316.721
472000    318.69
473000   316.864
474000   315.981
475000   311.333
476000   313.355
477000    317.73
478000   317.066
479000    313.12
480000   314.035
481000   310.144
482000   311.827
483000   314.849
484000   312.483
485000    313.09
486000   306.311
487000    309.72
488000   309.206
489000   305.721
490000   315.344
491000   313.099
492000   312.502
493000   312.449
494000   319.036
495000   309.482
496000   314.072
497000   313.086
498000    312.67
499000   312.677
500000   311.818
501000   311.711
502000   313.064
503000   310.226
504000   311.418
505000   311.835
506000   309.228
507000   314.371
508000   306.912
509000   307.532
510000   304.359
511000   316.136
512000   309.634
513000   302.314
514000   301.868
515000    307.95
516000    312.24
517000   312.429
518000   314.037
519000   307.405
520000   310.214
521000   308.416
522000   305.289
523000   309.597
524000    314.38
525000   316.099
526000   313.555
527000   312.573
528000   314.162
529000   312.987
530000   310.997
531000   313.897
532000   308.706
533000   312.143
534000   318.488
535000   316.108
536000   314.447
537000   312.153
538000   309.681
539000   316.569
540000   314.018
541000   311.027
542000   309.202
543000   304.167
544000   311.269
545000   305.161
546000   310.815
547000   309.575
548000   307.058
549000   311.957
550000   309.217
551000   305.743
552000   314.744
553000   311.792
554000   310.379
555000   305.781
556000    308.35
557000   311.408
558000   315.018
559000   319.796
560000   319.488
561000   316.353
562000   320.207
563000   315.721
564000   318.807
565000   315.437
566000   319.188
567000   319.903
568000   322.829
569000   320.888
570000   318.462
571000   315.195
572000   312.755
573000    313.45
574000   321.871
575000   321.415
576000   323.837
577000    321.13
578000   317.154
579000   313.498
580000   312.432
581000    313.37
582000   308.245
583000   305.667
584000   307.333
585000   311.161
586000   309.512
587000    305.85
588000   310.387
589000   307.046
590000   311.141
591000   310.688
592000   309.346
593000    309.15
594000   310.325
595000   315.614
596000    316.98
597000   316.174
598000   310.916
599000   316.358
600000    316.72
601000   312.354
602000   315.582
603000   313.703
604000   315.946
605000   313.854
606000   312.276
607000   312.976
608000   314.892
609000   321.368
610000   319.273
611000   310.149
612000    321.69
613000   318.483
614000   316.804
615000   318.082
616000   316.059
617000   320.534
618000   319.169
619000   318.066
620000    315.14
621000   311.511
622000   315.518
623000   315.661
624000   321.445
625000   322.991
626000   320.576
627000   319.532
628000   315.666
629000   319.536
630000   320.428
631000   317.966
632000   319.562
633000   315.137
634000   318.134
635000   320.877
636000   309.217
637000   313.686
638000   317.022
639000   319.893
640000   320.197
641000   312.908
642000   314.228
643000   311.626
644000   310.338
645000   305.836
646000   307.648
647000   313.125
648000   309.051
649000   310.561
650000   310.699
651000   314.045
652000   313.875
653000   310.488
654000   308.822
655000   319.145
656000   313.963
657000   315.329
658000   311.278
659000   315.482
660000   309.882
661000   307.699
662000   310.976
663000   303.233
664000   304.473
665000    309.97
666000   305.608
667000   311.407
668000   310.655
669000   312.983
670000   316.334
671000   312.349
672000   314.484
673000   311.623
674000    313.96
675000    310.75
676000   312.357
677000   310.428
678000   310.293
679000   310.763
680000   308.878
681000   302.651
682000     300.1
683000   299.993
684000    303.04
685000   301.593
686000   312.234
687000   313.314
688000   312.986
689000    316.34
690000   314.516
691000   311.418
692000    311.54
693000   309.513
694000   314.854
695000   318.622
696000    316.13
697000   314.111
698000   310.146
699000   310.049
700000   307.673
701000   313.603
702000   317.556
703000   312.815
704000   310.961
705000   311.857
706000    306.73
707000   310.543
708000   312.722
709000   310.253
710000   308.788
711000   308.142
712000   306.831
713000   308.824
714000   307.516
715000   310.708
716000   312.661
717000   313.896
718000   312.845
719000   312.249
720000   313.454
721000   310.895
722000   303.658
723000   308.933
724000   311.703
725000   310.422
726000   317.144
727000   318.937
728000   315.539
729000   321.055
730000   319.077
731000   317.515
732000   311.178
733000   310.947
734000   304.506
735000   307.443
736000   310.537
737000    312.72
738000   307.928
739000    310.19
740000   315.561
741000   318.718
742000   309.893
743000   314.661
744000   309.273
745000   312.579
746000   312.691
747000   309.883
748000   308.242
749000   309.954
750000    313.77
751000   314.366
752000   315.807
753000   311.755
754000   312.847
755000   313.662
756000   314.027
757000   308.912
758000   308.245
759000   309.945
760000   310.782
761000    309.19
762000    310.55
763000   310.026
764000   310.541
765000   304.667
766000    305.03
767000   311.605
768000   315.959
769000   313.137
770000   313.841
771000    312.46
772000   314.951
773000    314.17
774000   315.027
775000   309.973
776000   317.122
777000   320.484
778000   318.349
779000   311.381
780000   314.462
781000   308.323
782000   310.275
783000   305.275
784000   310.608
785000   309.458
786000   313.241
787000   307.882
788000   316.543
789000   314.211
790000   308.635
791000   306.335
792000   310.355
793000    313.66
794000   313.531
795000   314.981
796000   309.415
797000   308.216
798000   306.869
799000     307.6
800000   310.589
801000   311.057
802000   305.532
803000   312.057
804000   308.407
805000   311.122
806000   314.801
807000   316.024
808000   319.174
809000   319.032
810000   311.236
811000   310.739
812000   315.147
813000   311.326
814000   303.195
815000   299.249
816000    305.23
817000   305.335
818000   301.995
819000   302.586
820000   305.354
821000   308.712
822000   309.488
823000   308.662
824000   308.309
825000   316.318
826000   310.505
827000   307.839
828000   309.929
829000    310.77
830000   315.222
831000   311.919
832000    311.53
833000   310.493
834000   313.185
835000   313.722
836000   312.202
837000    314.43
838000   318.465
839000   317.056
840000   315.613
841000   312.731
842000   306.421
843000   313.206
844000   314.582
845000   309.432
846000   308.081
847000   305.446
848000   305.824
849000   312.651
850000   311.739
851000   305.969
852000    310.14
853000   312.077
854000    309.57
855000   316.306
856000   310.824
857000   309.815
858000   308.719
859000   312.469
860000   310.718
861000   310.733
862000   313.969
863000   311.915
864000    318.69
865000   319.656
866000   314.183
867000   314.454
868000   309.199
869000   310.883
870000   309.183
871000   307.557
872000    308.14
873000   304.646
874000   308.767
875000   303.992
876000   303.682
877000   308.821
878000   304.748
879000   308.345
880000   305.745
881000   306.708
882000   306.907
883000   311.413
884000   312.373
885000   312.017
886000   312.012
887000    310.96
888000   311.969
889000   312.093
890000   309.926
891000   309.068
892000   315.773
893000   316.669
894000    314.62
895000   313.972
896000   311.978
897000   309.356
898000   315.062
899000   316.755
900000   319.353
901000   317.773
902000   321.514
903000   314.414
904000   305.878
905000    307.42
906000   313.525
907000   312.531
908000   306.772
909000   309.727
910000    313.77
911000   310.661
912000   312.247
913000    314.55
914000   304.168
915000   306.533
916000   309.683
917000   312.033
918000   306.523
919000   303.988
920000   306.515
921000   306.909
922000    309.61
923000   311.909
924000   311.589
925000   315.018
926000    312.55
927000   316.707
928000   316.884
929000    315.77
930000   311.989
931000   319.911
932000   315.712
933000   311.602
934000   310.083
935000   307.261
936000   308.353
937000   307.637
938000   313.313
939000   315.963
940000   319.152
941000   320.483
942000   312.883
943000   314.067
944000   311.137
945000   311.399
946000   316.601
947000   314.874
948000   309.798
949000   309.843
950000   303.112
951000   306.006
952000   300.723
953000   301.292
954000   306.581
955000   308.841
956000   308.876
957000   305.095
958000   301.499
959000   296.748
960000   302.351
961000   302.623
962000    297.79
963000   301.807
964000   300.254
965000   303.022
966000   307.765
967000   306.171
968000   305.461
969000   301.759
970000   299.954
971000   306.334
972000   305.039
973000   310.617
974000   311.988
975000   311.419
976000   307.196
977000   307.638
978000   313.824
979000   311.287
980000   306.172
981000   308.169
982000    312.08
983000   306.664
984000    312.94
985000   308.148
986000   303.264
987000   301.971
988000   304.841
989000   305.706
990000    303.16
991000   307.308
992000   309.545
993000   310.248
994000   307.569
995000     306.1
996000    305.24
997000   310.109
998000    309.31
999000   301.599
1000000   301.756
1001000   304.191
1002000   305.236
1003000   307.436
1004000   303.051
1005000   305.337
1006000   310.217
1007000   311.426
1008000   310.584
1009000   308.177
1010000    310.63
1011000   308.298
1012000   307.285
1013000   310.718
1014000    308.23
1015000   304.806
1016000   308.506
1017000   304.197
1018000   306.969
1019000   307.456
1020000   308.458
1021000   308.949
1022000   308.826
1023000   309.482
1024000   309.569
1025000    309.44
1026000    306.14
1027000   306.722
1028000   306.459
1029000   305.496
1030000   315.802
1031000   306.475
1032000    302.09
1033000   304.713
1034000   302.454
1035000   305.275
1036000   307.709
1037000   307.627
1038000    303.79
1039000   307.213
1040000   306.499
1041000   307.376
1042000   311.226
1043000   310.628
1044000   309.902
1045000   316.573
1046000   307.688
1047000   303.658
1048000   303.242
1049000   301.936
1050000   311.888
1051000   306.265
1052000   308.523
1053000    304.52
1054000    299.87
1055000   304.102
1056000    307.19
1057000   303.347
1058000   306.743
1059000   309.793
1060000   317.938
1061000    313.02
1062000   311.687
1063000   312.544
1064000   313.005
1065000   315.767
1066000   312.968
1067000   312.269
1068000   312.879
1069000   311.711
1070000   311.818
1071000   311.223
1072000   306.112
1073000   311.072
1074000    312.13
1075000   308.875
1076000   312.124
1077000   309.634
1078000   313.917
1079000   316.711
1080000   318.464
1081000   314.432
1082000   314.006
1083000   315.033
1084000   319.847
1085000   314.734
1086000    310.65
1087000   309.527
1088000   311.206
1089000   309.661
1090000   314.086
1091000   309.517
1092000   311.216
1093000   312.021
1094000   316.999
1095000   321.838
1096000   324.298
1097000   315.094
1098000    315.31
1099000   310.389
1100000   302.264
1101000   305.747
1102000   307.325
1103000   306.381
1104000   308.069
1105000   305.812
1106000   308.239
1107000   307.936
1108000   307.167
1109000   312.045
1110000    312.58
1111000   314.299
1112000   315.348
1113000   313.899
1114000   311.443
1115000   310.518
1116000   311.701
1117000   314.941
1118000   313.661
1119000    312.03
1120000   312.301
1121000   315.824
1122000    317.54
1123000   311.992
1124000   314.388
1125000   319.057
1126000   321.527
1127000   324.375
1128000   320.745
1129000   316.035
1130000   311.893
1131000   311.683
1132000   314.684
1133000   314.104
1134000   312.866
1135000   313.146
1136000   308.232
1137000   309.117
1138000   304.754
1139000   306.283
1140000   302.456
1141000   308.483
1142000   304.789
1143000   308.472
1144000   314.656
1145000   314.926
1146000   313.972
1147000   305.578
1148000    309.68
1149000   307.634
1150000   307.666
1151000   308.517
1152000   311.825
1153000   308.577
1154000   310.712
1155000   312.341
1156000   312.744
1157000   314.128
1158000   318.126
1159000   319.323
1160000    318.49
1161000   312.834
1162000   315.348
1163000   310.041
1164000   311.786
1165000   309.283
1166000    308.88
1167000   310.231
1168000   311.123
1169000   313.125
1170000   308.307
1171000   299.616
1172000   302.941
1173000   306.789
1174000   307.153
1175000   306.466
1176000   307.225
1177000   303.129
1178000   301.916
1179000   301.569
1180000   307.846
1181000   308.549
1182000   313.242
1183000    317.01
1184000   314.389
1185000   319.125
1186000    312.94
1187000   309.573
1188000   305.835
1189000   306.829
1190000   308.261
1191000   307.861
1192000   303.692
1193000   305.281
1194000   306.156
1195000   307.519
1196000   315.221
1197000   312.679
1198000   310.898
1199000   310.633
1200000   312.934
1201000   308.262
1202000   312.448
1203000   307.963
1204000    307.27
1205000   306.626
1206000   309.952
1207000   307.642
1208000   313.186
1209000   312.581
1210000   310.376
1211000   308.755
1212000   308.852
1213000   316.197
1214000    308.82
1215000   306.132
1216000   304.572
1217000    300.52
1218000   302.114
1219000   307.608
1220000   309.886
1221000   309.419
1222000   306.137
1223000   306.567
1224000    308.44
1225000   298.445
1226000   304.736
1227000   310.444
1228000   312.574
1229000   315.348
1230000   314.289
1231000   315.621
1232000   311.513
1233000   309.467
1234000   308.706
1235000   310.542
1236000   312.482
1237000   312.596
1238000   316.053
1239000   313.616
1240000    311.81
1241000   310.017
1242000   305.007
1243000   309.234
1244000   315.811
1245000    316.22
1246000   308.878
1247000   312.181
1248000   310.842
1249000    309.75
1250000   311.259
1251000   311.402
1252000   308.494
1253000   317.191
1254000   310.761
1255000   301.954
1256000   306.688
1257000   305.255
1258000   306.319
1259000   305.802
1260000    301.62
1261000   304.807
1262000   300.872
1263000   302.918
1264000   304.741
1265000   303.935
1266000   305.545
1267000   308.961
1268000   307.415
1269000   309.683
1270000   312.583
1271000    310.82
1272000   310.558
1273000   309.652
1274000   314.147
1275000   314.223
1276000   310.807
1277000   311.745
1278000   309.901
1279000    313.96
1280000   305.481
1281000       312
1282000   307.554
1283000   304.221
1284000   306.263
1285000   314.423
1286000   315.913
1287000   315.375
1288000   315.805
1289000   312.435
1290000   315.282
1291000   311.692
1292000   314.596
1293000   315.489
1294000    312.81
1295000   315.442
1296000   315.027
1297000   304.822
1298000   305.043
1299000   311.004
1300000   309.847
1301000   309.017
1302000   313.188
1303000   307.387
1304000   308.882
1305000   308.297
1306000   311.629
1307000   307.235
1308000   310.757
1309000   307.422
1310000   312.236
1311000   311.045
1312000   310.063
1313000   312.128
1314000   318.288
1315000   315.632
1316000   313.749
1317000   313.932
1318000    311.31
1319000   306.109
1320000   313.907
1321000   308.982
1322000   306.956
1323000   310.003
1324000   312.938
1325000   310.726
1326000   311.711
1327000   308.933
1328000   307.076
1329000    307.49
1330000   304.593
1331000   302.406
1332000   304.671
1333000   311.235
1334000   306.171
1335000   309.614
1336000   307.628
1337000   309.206
1338000   309.873
1339000   309.119
1340000   307.753
1341000   309.089
1342000   312.242
1343000   306.053
1344000   311.337
1345000   305.879
1346000   303.834
1347000   310.497
1348000   314.106
1349000    312.18
1350000   310.491
1351000   312.918
1352000   316.537
1353000   312.239
1354000   312.725
1355000   312.302
1356000   315.069
1357000   314.202
1358000    313.05
1359000   313.631
1360000   317.604
1361000   314.391
1362000   311.458
1363000   306.084
1364000   309.642
1365000    309.57
1366000   309.351
1367000   304.125
1368000   308.463
1369000   313.294
1370000   310.158
1371000   307.851
1372000   312.101
1373000   307.465
1374000   309.881
1375000   313.249
1376000   311.411
1377000   308.319
1378000   313.171
1379000   315.903
1380000   307.963
1381000   307.732
1382000   310.577
1383000   304.578
1384000   303.015
1385000   304.607
1386000   306.211
1387000   307.175
1388000   304.835
1389000   301.674
1390000   299.601
1391000   307.765
1392000    307.91
1393000   300.614
1394000   306.185
1395000   303.572
1396000   306.662
1397000    309.61
1398000   310.105
1399000   314.096
1400000   317.356
1401000   314.518
1402000   314.466
1403000   312.032
1404000   311.161
1405000   311.061
1406000   308.031
1407000   307.421
1408000   303.633
1409000   302.968
1410000   310.988
1411000   311.403
1412000   311.465
1413000   310.321
1414000   310.725
1415000   308.358
1416000   305.619
1417000   312.793
1418000   319.127
1419000   312.627
1420000   315.358
1421000   313.887
1422000   306.775
1423000   310.882
1424000   304.855
1425000   301.699
1426000   305.658
1427000   317.293
1428000    319.42
1429000   318.167
1430000   312.162
1431000   315.774
1432000   312.816
1433000   315.929
1434000   315.306
1435000   313.988
1436000   309.741
1437000   310.862
1438000   318.181
1439000   317.753
1440000   318.566
1441000   314.109
1442000   317.841
1443000   311.892
1444000   307.497
1445000   306.202
1446000    309.78
1447000   307.689
1448000   304.682
1449000   309.202
1450000   305.457
1451000   307.194
1452000   309.542
1453000   308.501
1454000    309.89
1455000   308.382
1456000   309.442
1457000   310.514
1458000   312.992
1459000   314.775
1460000   313.705
1461000   312.313
1462000   307.277
1463000   305.226
1464000   310.671
1465000   309.609
1466000    312.72
1467000   311.559
1468000   314.207
1469000   310.751
1470000   306.274
1471000   309.328
1472000   312.181
1473000   312.049
1474000    314.22
1475000   309.988
1476000    304.53
1477000   303.014
1478000   300.399
1479000   302.689
1480000   306.682
1481000   310.788
1482000   316.794
1483000   315.965
1484000   309.842
1485000   315.995
1486000   313.846
1487000   310.266
1488000   312.222
1489000   313.443
1490000   315.474
1491000   313.124
1492000   305.398
1493000   306.948
1494000   306.739
1495000   304.207
1496000   308.645
1497000   316.918
1498000    313.82
1499000   310.666
1500000    311.01
1501000   309.215
1502000   305.658
1503000   307.175
1504000   304.884
1505000   307.386
1506000   311.445
1507000   308.799
1508000   308.289
1509000   304.152
1510000   302.214
1511000   304.581
1512000   310.022
1513000    313.47
1514000   309.918
1515000   312.747
1516000   306.693
1517000   311.371
1518000   312.463
1519000   313.152
1520000    311.49
1521000   310.539
1522000     313.1
1523000   312.438
1524000   309.153
1525000   313.549
1526000   318.449
1527000   313.273
1528000   309.531
1529000   311.736
1530000   311.767
1531000   310.238
1532000   312.983
1533000   317.671
1534000       314
1535000   310.668
1536000   308.821
1537000   304.931
1538000   312.588
1539000   309.993
1540000   316.505
1541000   316.199
1542000   318.561
1543000   314.314
1544000    314.63
1545000   317.845
1546000   319.071
1547000   315.046
1548000   313.687
1549000   320.367
1550000    308.61
1551000   309.735
1552000   308.479
1553000    312.11
1554000   305.634
1555000   308.631
1556000   303.772
1557000   303.985
1558000   298.181
1559000   301.771
1560000   297.731
1561000   304.586
1562000   295.995
1563000   296.309
1564000    302.47
1565000    309.04
1566000   310.496
1567000   310.798
1568000   307.018
1569000   306.137
1570000   310.121
1571000   313.968
1572000   309.311
1573000   308.682
1574000   316.043
1575000   314.082
1576000   314.985
1577000    310.46
1578000   312.992
1579000    306.65
1580000   309.596
1581000   311.809
1582000   310.481
1583000   304.573
1584000   309.275
1585000   305.046
1586000   305.677
1587000   306.297
1588000   307.392
1589000   312.925
1590000   319.412
1591000   317.614
1592000   313.443
1593000   308.397
1594000     302.7
1595000   302.385
1596000   306.445
1597000    302.56
1598000   301.981
1599000    300.69
1600000    302.14
1601000   303.623
1602000   304.341
1603000   302.193
1604000   302.208
1605000   306.117
1606000   298.165
1607000    297.35
1608000   302.878
1609000   305.809
1610000   313.602
1611000   312.343
1612000    314.77
1613000   315.364
1614000    309.93
1615000   312.654
1616000    316.42
1617000   314.332
1618000   316.271
1619000   306.394
1620000    306.55
1621000   307.957
1622000    312.01
1623000   310.022
1624000   308.165
1625000   310.179
1626000   311.714
1627000   315.147
1628000   313.808
1629000   310.494
1630000   310.992
1631000   310.086
1632000   310.157
1633000   308.014
1634000   302.373
1635000   304.582
1636000    310.05
1637000   308.081
1638000   313.132
1639000   307.397
1640000   308.768
1641000   309.876
1642000   311.838
1643000   310.336
1644000   312.032
1645000   314.452
1646000   314.115
1647000   312.247
1648000   309.273
1649000   308.555
1650000   305.835
1651000   310.243
1652000   312.131
1653000   306.545
1654000   311.831
1655000   309.704
1656000   299.583
1657000   308.632
1658000   306.905
1659000   306.281
1660000    307.36
1661000   309.781
1662000   306.581
1663000   308.185
1664000   312.393
1665000   313.513
1666000   318.401
1667000   313.084
1668000   311.672
1669000   311.077
1670000   305.999
1671000   307.063
1672000   308.242
1673000   304.844
1674000   296.437
1675000   303.914
1676000   301.431
1677000   302.108
1678000   307.512
1679000   308.212
1680000   301.012
1681000   306.093
1682000   308.425
1683000   309.117
1684000   307.771
1685000   308.787
1686000   305.001
1687000   306.581
1688000    309.76
1689000   311.152
1690000   307.874
1691000   306.292
1692000   311.872
1693000   310.316
1694000   310.044
1695000   307.838
1696000   303.084
1697000   308.189
1698000    306.08
1699000   315.042
1700000   311.437
1701000   308.812
1702000   307.738
1703000   308.279
1704000   307.231
1705000   310.553
1706000   309.975
1707000   309.286
1708000    307.55
1709000   314.828
1710000   317.912
1711000   315.074
1712000   310.236
1713000   322.008
1714000   312.108
1715000    314.26
1716000   312.576
1717000   316.871
1718000   311.627
1719000   314.616
1720000   317.443
1721000   312.467
1722000   315.097
1723000   315.925
1724000   320.275
1725000   311.937
1726000   312.261
1727000   309.763
1728000   306.659
1729000   312.174
1730000   307.216
1731000   313.708
1732000   312.177
1733000    307.02
1734000   310.261
1735000   309.565
1736000   310.025
1737000    317.17
1738000   310.062
1739000   315.373
1740000   309.798
1741000   309.175
1742000   309.454
1743000   310.802
1744000   311.132
1745000   317.259
1746000   321.097
1747000   318.229
1748000   312.776
1749000   313.405
1750000   308.694
1751000   316.217
1752000   315.974
1753000   314.892
1754000   306.929
1755000   307.274
1756000   307.575
1757000   308.092
1758000   308.786
1759000   305.222
1760000   312.334
1761000   305.544
1762000   304.529
1763000   307.876
1764000   308.958
1765000       307
1766000   311.534
1767000   314.103
1768000   313.279
1769000   313.496
1770000   315.967
1771000   315.138
1772000   310.914
1773000   311.577
1774000   310.645
1775000   311.097
1776000   311.399
1777000    309.19
1778000   308.448
1779000   312.123
1780000   298.886
1781000   304.001
1782000   311.141
1783000   309.937
1784000   309.231
1785000   306.735
1786000   305.755
1787000   308.108
1788000   306.082
1789000   311.991
1790000    312.86
1791000   314.971
1792000   312.062
1793000   315.416
1794000   309.775
1795000   304.406
1796000   311.656
1797000    305.19
1798000   307.819
1799000    307.69
1800000   308.514
1801000    311.42
1802000   313.393
1803000   320.447
1804000    313.83
1805000   311.874
1806000   317.315
1807000   312.357
1808000   320.892
1809000   310.423
1810000    312.08
1811000   310.927
1812000   307.146
1813000   311.865
1814000   316.323
1815000   315.992
1816000   316.462
1817000   318.025
1818000   316.607
1819000   316.354
1820000   321.053
1821000     317.8
1822000   313.631
1823000   310.696
1824000   305.835
1825000   316.115
1826000   311.827
1827000   312.472
1828000   313.397
1829000   318.765
1830000   312.452
1831000    311.64
1832000   313.438
1833000   315.842
1834000   313.848
1835000   313.262
1836000   312.558
1837000   315.514
1838000   318.879
1839000   318.824
1840000   314.908
1841000   312.244
1842000   315.018
1843000   312.851
1844000   315.842
1845000    318.66
1846000   318.953
1847000   315.121
1848000   310.729
1849000   306.613
1850000   313.989
1851000   308.406
1852000    314.12
1853000   316.756
1854000   316.726
1855000   320.673
1856000   324.519
1857000   323.315
1858000   316.047
1859000   320.691
1860000    316.02
1861000   313.683
1862000   314.165
1863000   312.773
1864000   311.343
1865000   313.324
1866000   308.985
1867000   311.643
1868000   308.281
1869000   315.061
1870000    317.34
1871000   314.456
1872000   315.514
1873000   322.083
1874000   321.386
1875000   321.055
1876000   320.113
1877000   317.592
1878000   319.747
1879000   319.016
1880000   318.777
1881000   319.498
1882000    322.03
1883000   314.299
1884000   320.513
1885000   315.267
1886000   311.571
1887000   313.251
1888000   312.012
1889000   312.232
1890000   309.218
1891000   311.647
1892000   311.523
1893000    315.79
1894000   314.456
1895000   318.565
1896000   315.802
1897000    314.94
1898000   317.483
1899000   312.509
1900000   305.332
1901000   305.884
1902000   306.834
1903000   311.013
1904000    311.36
1905000   319.013
1906000   316.547
1907000   313.958
1908000   311.772
1909000   319.093
1910000   315.735
1911000   312.445
1912000   312.935
1913000   314.887
1914000   316.668
1915000   315.695
1916000   313.875
1917000    305.66
1918000   308.271
1919000    313.01
1920000   315.688
1921000   315.427
1922000   311.128
1923000   309.059
1924000   312.533
1925000   310.097
1926000   306.844
1927000   307.925
1928000   308.255
1929000   313.738
1930000   314.258
1931000   310.604
1932000   313.296
1933000   311.817
1934000   310.374
1935000   308.635
1936000    308.65
1937000   313.759
1938000   313.114
1939000   318.855
1940000   311.405
1941000   308.757
1942000   301.647
1943000   308.414
1944000   312.654
1945000   309.458
1946000   313.301
1947000   313.791
1948000   314.006
1949000   312.502
1950000   311.536
1951000   308.507
1952000   310.516
1953000   307.884
1954000   313.217
1955000   312.445
1956000   310.181
1957000   316.955
1958000   312.402
1959000   316.546
1960000   316.584
1961000   312.916
1962000   318.064
1963000    314.24
1964000   318.491
1965000    319.14
1966000    313.92
1967000   310.432
1968000   308.162
1969000   317.474
1970000   311.158
1971000   306.771
1972000   306.414
1973000   300.274
1974000   305.957
1975000   311.879
1976000   310.276
1977000   304.751
1978000    299.87
1979000   304.592
1980000   306.286
1981000    303.31
1982000   306.988
1983000   306.525
1984000   305.358
1985000   302.499
1986000   307.752
1987000   306.524
1988000   309.043
1989000   307.992
1990000   308.454
1991000   310.038
1992000   314.592
1993000   310.012
1994000   312.488
1995000   308.195
1996000   317.423
1997000   316.733
1998000   317.537
1999000   314.582
2000000   313.592
2001000   313.907
2002000   311.632
2003000   307.162
2004000   310.041
2005000   310.621
2006000   310.306
2007000   309.284
2008000   304.785
2009000   307.959
2010000   308.441
2011000    313.98
2012000   308.859
2013000   306.091
2014000   306.116
2015000   301.948
2016000   306.234
2017000   309.738
2018000   307.815
2019000   304.067
2020000   305.703
2021000   307.037
2022000    310.99
2023000   312.216
2024000   311.255
2025000   307.466
2026000   311.345
2027000   309.703
2028000    311.44
2029000   315.072
2030000   308.322
2031000   306.571
2032000     314.3
2033000   313.846
2034000   311.798
2035000   309.975
2036000    309.07
2037000   308.079
2038000   305.342
2039000   302.625
2040000   302.656
2041000   300.192
2042000   299.009
2043000   305.023
2044000   306.992
2045000     308.7
2046000   310.151
2047000   304.576
2048000    310.95
2049000   311.196
2050000   309.715
2051000    313.03
2052000   315.406
2053000   309.505
2054000   311.966
2055000   308.624
2056000   309.044
2057000   305.953
2058000     309.1
2059000    310.81
2060000   315.141
2061000   315.641
2062000   309.742
2063000   311.268
2064000   309.952
2065000   311.659
2066000   313.577
2067000   314.381
2068000   309.773
2069000   314.805
2070000   316.258
2071000   315.949
2072000   313.107
2073000   313.263
2074000   317.245
2075000   306.323
2076000   316.939
2077000   320.375
2078000   319.477
2079000   319.706
2080000   324.146
2081000   315.049
2082000    310.85
2083000   316.108
2084000   317.323
2085000     320.7
2086000   314.442
2087000   319.098
2088000   313.725
2089000   309.067
2090000   311.567
2091000   316.567
2092000   314.657
2093000   315.724
2094000   316.193
2095000   320.304
2096000   322.311
2097000   316.276
2098000   316.181
2099000   317.061
2100000   317.842
2101000   315.269
2102000   309.743
2103000   317.346
2104000   318.209
2105000   320.385
2106000   319.855
2107000   322.222
2108000   318.027
2109000   318.092
2110000   315.784
2111000   314.993
2112000   310.921
2113000   307.715
2114000   308.808
2115000   311.321
2116000   309.804
2117000   308.479
2118000   307.909
2119000   307.689
2120000   313.301
2121000    313.32
2122000   315.846
2123000   316.684
2124000   318.007
2125000   314.708
2126000   313.413
2127000   317.116
2128000   315.525
2129000   315.645
2130000   317.469
2131000   316.267
2132000   320.459
2133000    320.02
2134000   317.214
2135000   326.197
2136000   319.678
2137000   316.595
2138000   317.791
2139000   313.184
2140000   315.806
2141000   310.637
2142000   312.656
2143000   309.915
2144000   308.344
2145000   312.555
2146000   311.574
2147000   312.404
2148000   314.555
2149000   306.218
2150000   314.189
2151000   312.393
2152000   306.861
2153000   310.491
2154000   309.961
2155000   313.258
2156000   314.251
2157000   308.577
2158000   307.898
2159000   311.159
2160000   305.524
2161000   305.935
2162000   304.344
2163000   305.062
2164000   309.499
2165000   312.139
2166000   311.741
2167000   309.495
2168000   314.298
2169000   318.482
2170000   319.629
2171000   316.153
2172000   316.794
2173000   313.859
2174000   313.571
2175000   310.709
2176000   315.912
2177000   317.015
2178000   320.803
2179000   310.869
2180000   314.648
2181000   315.913
2182000   311.794
2183000   303.607
2184000   306.437
2185000   310.571
2186000   318.346
2187000   320.634
2188000   311.584
2189000    309.56
2190000   314.057
2191000   314.019
2192000   308.248
2193000   309.107
2194000   306.312
2195000   313.752
2196000     309.6
2197000   312.855
2198000   313.223
2199000   311.115
2200000   318.524
2201000    311.44
2202000   309.506
2203000   314.066
2204000   315.873
2205000   315.595
2206000   311.123
2207000   324.409
2208000   322.406
2209000   319.106
2210000   310.585
2211000   313.408
2212000    316.68
2213000   318.045
2214000    318.13
2215000   324.388
2216000   317.685
2217000    312.71
2218000   315.708
2219000   317.233
2220000   311.966
2221000   319.876
2222000   320.034
2223000   314.783
2224000   311.938
2225000   316.445
2226000   314.547
2227000   319.176
2228000   321.444
2229000   315.607
2230000   319.472
2231000   321.167
2232000   314.558
2233000     316.1
2234000   315.171
2235000   311.072
2236000   314.068
2237000   315.069
2238000   308.514
2239000   310.445
2240000   313.272
2241000   309.075
2242000   300.528
2243000   303.994
2244000   309.609
2245000   305.825
2246000   313.197
2247000    311.51
2248000   309.403
2249000    311.19
2250000   311.743
2251000   307.194
2252000   305.589
2253000   303.438
2254000   303.734
2255000   301.445
2256000    303.29
2257000   302.666
2258000   309.021
2259000   307.645
2260000   308.281
2261000   308.938
2262000   310.677
2263000    311.25
2264000   310.814
2265000   312.921
2266000   307.174
2267000   299.537
2268000   307.711
2269000   304.902
2270000   310.201
2271000   310.458
2272000   315.463
2273000   317.669
2274000   316.021
2275000   307.531
2276000   312.873
2277000   316.895
2278000    316.78
2279000   311.503
2280000   307.931
2281000   306.828
2282000   311.141
2283000   307.321
2284000   309.275
2285000   314.092
2286000   307.229
2287000   309.696
2288000   316.794
2289000   311.602
2290000   309.158
2291000   310.341
2292000   306.696
2293000   307.665
2294000   308.433
2295000   314.863
2296000   309.293
2297000   312.275
2298000   313.037
2299000    314.55
2300000   314.349
2301000   316.589
2302000   314.464
2303000   307.253
2304000   308.447
2305000   311.836
2306000   307.424
2307000   309.917
2308000    314.14
2309000   319.827
2310000   318.051
2311000    315.81
2312000   311.131
2313000   315.452
2314000   315.715
2315000   311.193
2316000   316.259
2317000   312.362
2318000   312.118
2319000   308.241
2320000   309.074
2321000   309.555
2322000   305.932
2323000   305.753
2324000   308.675
2325000   307.785
2326000   308.344
2327000   309.189
2328000   306.786
2329000     304.1
2330000   302.994
2331000   306.268
2332000    302.32
2333000   306.675
2334000   306.954
2335000   304.918
2336000   306.786
2337000   307.087
2338000   307.182
2339000   308.744
2340000   314.463
2341000   316.855
2342000   317.507
2343000   311.995
2344000   307.714
2345000   306.696
2346000   309.086
2347000   316.321
2348000   314.367
2349000   306.692
2350000   305.355
2351000   305.121
2352000   304.522
2353000   308.685
2354000   311.801
2355000   307.278
2356000   312.641
2357000   308.391
2358000   314.313
2359000   309.073
2360000   312.449
2361000   320.359
2362000   318.013
2363000   319.348
2364000   319.639
2365000   317.975
2366000   317.349
2367000   319.945
2368000   319.657
2369000   318.581
2370000   313.277
2371000   314.669
2372000    315.24
2373000   317.571
2374000   315.346
2375000   317.139
2376000   321.506
2377000   320.953
2378000   316.808
2379000   317.282
2380000   313.426
2381000   315.597
2382000   317.065
2383000   316.255
2384000   316.013
2385000   309.908
2386000   307.917
2387000   315.236
2388000   318.459
2389000   314.703
2390000   310.954
2391000    317.13
2392000   313.208
2393000   313.093
2394000   311.996
2395000   316.759
2396000    319.74
2397000   315.525
2398000   307.515
2399000   306.992
2400000   308.246
2401000   306.304
2402000   310.489
2403000   311.813
2404000   312.008
2405000   310.375
2406000   313.648
2407000   312.218
2408000   309.056
2409000   308.094
2410000   312.843
2411000   316.602
2412000   313.139
2413000   309.819
2414000   307.203
2415000   307.188
2416000   305.772
2417000   312.518
2418000   312.776
2419000   309.751
2420000   308.876
2421000   308.165
2422000   299.815
2423000   300.683
2424000   301.363
2425000    305.26
2426000   306.641
2427000   305.381
2428000   308.491
2429000   306.227
2430000   304.188
2431000   306.563
2432000   300.354
2433000   305.146
2434000   307.874
2435000   310.079
2436000   303.778
2437000   299.764
2438000   307.041
2439000   311.489
2440000   306.422
2441000    307.25
2442000   305.998
2443000    311.86
2444000   314.313
2445000   313.841
2446000   307.578
2447000    316.03
2448000   317.557
2449000   312.255
2450000   307.138
2451000   309.896
2452000   311.913
2453000   304.841
2454000    304.98
2455000   300.796
2456000   307.511
2457000   312.114
2458000   316.328
2459000   316.625
2460000   317.185
2461000   316.857
2462000   313.197
2463000   314.335
2464000   318.565
2465000   317.469
2466000   317.702
2467000   318.231
2468000   318.726
2469000   320.428
2470000   317.364
2471000   316.429
2472000   311.281
2473000   315.679
2474000   317.774
2475000   315.197
2476000   314.027
2477000   314.838
2478000   309.378
2479000   309.184
2480000   306.605
2481000    314.24
2482000   311.812
2483000   313.806
2484000   314.446
2485000   314.137
2486000   318.445
2487000   310.924
2488000   314.988
2489000   313.468
2490000   307.104
2491000   311.793
2492000   312.283
2493000   311.368
2494000   315.433
2495000   305.998
2496000   311.115
2497000   308.072
2498000   302.995
2499000   306.322
2500000   303.687
2501000   305.076
2502000   309.082
2503000    300.05
2504000   306.148
2505000   309.683
2506000   303.719
2507000   308.341
2508000   303.151
2509000   295.241
2510000   299.613
2511000   308.668
2512000   306.325
2513000    308.25
2514000   304.512
2515000   300.988
2516000    295.43
2517000   303.682
2518000   314.816
2519000   308.008
2520000   308.225
2521000   305.297
2522000   307.946
2523000   309.853
2524000   308.244
2525000   302.624
2526000   307.613
2527000    307.76
2528000   305.654
2529000   306.883
2530000   310.496
2531000   308.139
2532000   310.649
2533000   313.687
2534000   319.173
2535000   313.162
2536000   305.214
2537000   308.151
2538000   309.495
2539000   305.457
2540000   309.835
2541000   310.052
2542000   308.497
2543000   312.664
2544000   309.936
2545000   314.238
2546000    316.99
2547000   308.078
2548000   306.764
2549000    309.38
2550000   314.078
2551000   308.883
2552000   297.666
2553000   306.371
2554000   304.234
2555000    305.83
2556000    305.53
2557000   310.665
2558000   310.121
2559000   307.005
2560000    311.19
2561000   309.953
2562000   305.866
2563000   303.828
2564000   307.483
2565000   308.761
2566000   308.192
2567000   306.177
2568000   304.149
2569000   305.624
2570000   309.964
2571000    314.45
2572000     310.9
2573000   313.686
2574000   311.028
2575000   317.056
2576000   313.917
2577000   311.533
2578000   311.496
2579000   304.445
2580000   306.507
2581000   304.479
2582000   308.587
2583000   313.412
2584000   311.896
2585000   306.089
2586000    306.81
2587000   306.964
2588000   312.994
2589000   309.474
2590000   310.302
2591000   310.055
2592000   310.647
2593000   309.174
2594000   313.079
2595000   314.063
2596000   315.251
2597000   311.827
2598000   313.655
2599000   309.063
2600000    303.86
2601000   309.721
2602000   307.495
2603000   303.345
2604000   311.288
2605000   307.536
2606000   305.709
2607000   306.287
2608000   303.663
2609000   304.432
2610000    309.82
2611000   311.139
2612000   307.149
2613000   304.525
2614000   300.517
2615000   303.264
2616000   300.949
2617000   311.349
2618000   310.759
2619000   311.235
2620000   309.093
2621000   300.943
2622000   303.709
2623000   299.337
2624000   302.376
2625000   299.552
2626000   302.579
2627000   299.887
2628000   301.443
2629000   305.609
2630000   302.493
2631000   299.292
2632000   306.522
2633000   305.737
2634000   307.994
2635000   308.733
2636000   308.587
2637000   308.035
2638000   308.344
2639000   308.974
2640000   310.893
2641000   309.206
2642000   309.038
2643000   309.096
2644000   310.384
2645000   308.808
2646000   312.046
2647000   310.193
2648000   307.782
2649000   311.107
2650000   310.467
2651000   306.387
2652000   306.812
2653000   305.527
2654000   313.578
2655000   317.645
2656000   318.155
2657000   306.993
2658000   308.597
2659000   307.245
2660000   308.647
2661000   308.849
2662000   304.446
2663000   303.822
2664000    303.99
2665000   307.257
2666000   307.465
2667000   306.409
2668000   309.363
2669000   316.473
2670000   314.604
2671000   314.694
2672000   312.226
2673000   311.031
2674000   304.127
2675000   306.356
2676000   307.601
2677000   307.191
2678000   302.529
2679000   303.911
2680000    302.84
2681000    305.99
2682000   308.618
2683000    298.84
2684000   303.729
2685000   313.349
2686000     308.7
2687000   309.492
2688000   309.017
2689000   308.071
2690000   312.163
2691000   313.036
2692000   309.632
2693000   305.879
2694000   307.793
2695000   306.495
2696000   302.929
2697000   304.406
2698000   306.516
2699000   310.134
2700000   308.985
2701000   309.351
2702000   313.305
2703000   315.586
2704000   313.577
2705000   314.676
2706000   315.943
2707000   315.245
2708000   311.053
2709000   306.995
2710000   307.087
2711000    303.35
2712000   308.322
2713000   308.673
2714000   307.513
2715000   303.921
2716000   304.076
2717000   303.298
2718000   307.653
2719000   309.575
2720000   303.954
2721000   312.986
2722000   314.783
2723000   306.825
2724000   299.798
2725000   304.958
2726000   311.657
2727000   316.656
2728000   312.817
2729000   316.664
2730000    317.37
2731000    314.01
2732000   315.655
2733000   315.583
2734000   313.964
2735000   310.328
2736000   306.611
2737000   306.224
2738000    308.82
2739000    308.72
2740000   315.115
2741000   317.534
2742000   310.261
2743000   309.296
2744000   311.312
2745000   311.666
2746000    307.84
2747000   307.702
2748000   314.074
2749000   312.366
2750000    313.12
2751000    317.51
2752000   315.179
2753000   308.306
2754000   306.232
2755000   304.042
2756000    310.12
2757000   312.549
2758000   308.723
2759000   310.727
2760000   310.774
2761000   305.756
2762000   312.632
2763000   320.599
2764000   320.747
2765000    315.91
2766000   308.629
2767000   316.487
2768000   315.987
2769000   309.792
2770000   311.526
2771000   310.483
2772000   309.916
2773000   317.967
2774000    312.74
2775000   312.267
2776000    308.67
2777000   312.582
2778000   316.244
2779000   317.947
2780000   316.459
2781000   319.669
2782000   313.085
2783000   312.387
2784000   308.618
2785000   306.415
2786000   308.281
2787000   311.135
2788000   305.784
2789000   309.668
2790000   309.448
2791000   307.929
2792000   310.549
2793000   309.095
2794000   309.396
2795000   312.712
2796000   308.175
2797000   313.093
2798000   311.843
2799000   312.466
2800000   306.715
2801000   307.371
2802000   310.163
2803000   311.182
2804000   314.416
2805000   314.183
2806000    313.53
2807000   311.323
2808000   307.485
2809000   303.036
2810000   300.706
2811000   301.793
2812000   306.063
2813000   307.803
2814000   310.036
2815000   309.046
2816000   304.898
2817000   308.585
2818000   313.201
2819000   315.472
2820000   312.789
2821000   307.007
2822000   303.346
2823000   304.339
2824000   302.304
2825000   300.203
2826000   307.638
2827000   312.783
2828000   314.273
2829000   314.447
2830000   305.244
2831000   311.808
2832000   310.273
2833000   308.412
2834000   313.113
2835000   315.257
2836000   306.924
2837000   304.609
2838000   303.542
2839000   300.371
2840000   313.676
2841000   311.794
2842000   309.611
2843000   317.967
2844000   311.531
2845000   315.801
2846000    311.15
2847000   317.499
2848000   310.409
2849000    305.32
2850000   307.812
2851000   309.232
2852000   309.962
2853000   304.086
2854000   308.044
2855000   310.017
2856000   305.429
2857000   308.009
2858000   310.486
2859000   310.988
2860000   318.402
2861000   314.361
2862000   314.256
2863000   315.027
2864000   316.153
2865000   315.659
2866000   312.383
2867000    315.47
2868000   319.895
2869000    320.03
2870000    317.54
2871000   309.861
2872000   312.181
2873000   313.481
2874000   311.456
2875000   310.748
2876000   311.963
2877000   311.651
2878000     306.6
2879000   305.228
2880000    308.39
2881000   305.709
2882000   305.095
2883000    308.78
2884000    314.46
2885000   314.565
2886000   310.556
2887000   313.052
2888000   309.444
2889000   308.299
2890000    306.33
2891000   306.323
2892000   313.352
2893000   313.855
2894000   314.711
2895000   320.634
2896000   320.825
2897000   319.528
2898000   313.929
2899000   307.982
2900000   312.813
2901000   312.671
2902000   314.979
2903000    309.21
2904000   311.844
2905000   308.746
2906000   310.837
2907000   311.893
2908000    311.76
2909000   313.491
2910000   312.853
2911000   312.195
2912000   308.382
2913000   311.555
2914000   314.081
2915000   306.871
2916000   305.939
2917000   311.959
2918000     311.1
2919000   311.116
2920000   313.901
2921000   312.565
2922000   314.599
2923000   312.223
2924000   308.706
2925000   307.475
2926000   308.605
2927000   315.525
2928000   309.654
2929000   310.624
2930000    309.43
2931000    305.83
2932000   305.515
2933000   306.322
2934000    309.96
2935000   307.812
2936000    308.81
2937000   302.877
2938000   302.662
2939000   302.136
2940000   301.234
2941000   304.482
2942000   309.161
2943000   307.842
2944000   311.745
2945000   311.497
2946000   312.298
2947000    307.78
2948000   301.942
2949000   312.778
2950000   309.362
2951000   305.778
2952000   305.034
2953000   305.925
2954000   304.145
2955000   306.467
2956000   306.822
2957000   305.875
2958000   301.499
2959000     307.1
2960000   306.173
2961000   307.567
2962000   301.726
2963000   306.768
2964000   304.421
2965000   306.777
2966000    313.78
2967000   311.617
2968000   317.655
2969000   311.673
2970000   312.857
2971000   307.551
2972000   303.768
2973000   306.191
2974000   307.431
2975000   309.915
2976000   308.563
2977000    305.83
2978000   305.811
2979000   303.523
2980000   301.123
2981000   302.728
2982000   303.959
2983000   304.648
2984000   303.994
2985000   301.526
2986000   308.451
2987000   304.751
2988000   304.592
2989000   302.326
2990000   308.776
2991000    309.02
2992000   303.996
2993000   305.152
2994000   304.555
2995000   310.915
2996000   315.228
2997000   307.747
2998000   312.854
2999000   310.874
3000000   313.616
3001000   311.449
3002000   308.279
3003000   312.471
3004000   306.179
3005000   308.864
3006000   308.248
3007000   312.262
3008000   309.473
3009000     313.5
3010000   311.821
3011000   309.847
3012000   313.956
3013000   317.244
3014000   323.473
3015000   316.291
3016000   316.091
3017000   313.345
3018000   313.701
3019000   312.991
3020000   309.823
3021000   315.723
3022000   316.675
3023000   318.624
3024000   321.824
3025000   320.157
3026000   324.576
3027000   319.001
3028000   311.936
3029000   315.474
3030000   324.914
3031000   321.248
3032000   320.269
3033000   312.751
3034000   310.363
3035000   307.843
3036000   307.384
3037000   313.333
3038000   308.004
3039000    304.32
3040000    307.84
3041000    309.03
3042000   312.664
3043000   313.744
3044000    308.95
3045000   314.726
3046000   307.636
3047000   307.668
3048000   310.618
3049000    313.03
3050000   306.151
3051000   304.783
3052000    305.91
3053000   307.464
3054000   310.468
3055000    308.48
3056000   306.479
3057000   302.037
3058000   304.663
3059000   301.666
3060000   303.445
3061000   294.207
3062000   301.459
3063000   302.627
3064000   301.128
3065000   305.617
3066000   299.648
3067000   305.456
3068000   305.657
3069000   306.373
3070000   302.498
3071000   300.755
3072000   305.688
3073000   311.531
3074000   307.719
3075000   308.837
3076000    308.29
3077000   308.276
3078000   312.824
3079000   311.063
3080000   306.914
3081000   311.853
3082000   312.904
3083000   314.376
3084000   310.174
3085000   303.641
3086000   308.152
3087000   304.203
3088000   304.496
3089000   297.156
3090000   298.517
3091000   307.201
3092000   307.739
3093000   312.107
3094000   310.118
3095000   303.637
3096000   307.438
3097000   309.587
3098000   309.021
3099000   302.928
3100000   294.684
3101000    306.04
3102000   309.771
3103000   305.087
3104000   306.856
3105000   312.372
3106000   314.794
3107000   314.367
3108000   308.943
3109000       313
3110000   304.892
3111000   312.507
3112000   305.403
3113000   308.192
3114000   303.261
3115000    307.57
3116000   308.614
3117000   309.407
3118000   312.671
3119000    312.78
3120000   312.921
3121000   311.499
3122000   304.083
3123000   307.843
3124000   301.713
3125000   307.949
3126000   310.423
3127000    314.87
3128000   316.986
3129000   312.663
3130000    312.81
3131000    312.67
3132000    315.05
3133000   311.241
3134000   313.012
3135000   312.616
3136000   312.889
3137000   312.018
3138000    313.35
3139000    311.15
3140000   306.097
3141000   312.902
3142000   307.286
3143000   305.959
3144000   311.535
3145000   315.144
3146000   315.247
3147000   314.591
3148000    317.12
3149000   316.007
3150000   310.066
3151000   306.838
3152000    307.49
3153000   308.512
3154000   309.219
3155000   308.357
3156000   307.301
3157000   308.684
3158000   302.915
3159000   302.583
3160000   306.254
3161000   304.276
3162000   304.732
3163000   310.664
3164000   309.675
3165000   307.293
3166000   313.979
3167000   314.277
3168000   314.503
3169000    316.78
3170000   314.308
3171000   314.897
3172000   314.945
3173000   311.526
3174000   312.622
3175000   309.533
3176000   306.238
3177000   305.734
3178000    305.85
3179000   311.083
3180000   311.337
3181000    306.88
3182000   312.216
3183000   300.986
3184000   308.162
3185000   304.941
3186000   305.707
3187000   305.305
3188000   307.555
3189000   309.756
3190000   305.335
3191000   299.453
3192000   306.053
3193000   312.847
3194000   318.072
3195000   318.143
3196000   323.432
3197000   320.678
3198000   312.033
3199000   317.231
3200000   313.061
3201000   314.852
3202000   313.382
3203000   312.384
3204000    313.87
3205000   312.397
3206000   313.261
3207000    314.06
3208000   307.301
3209000    310.06
3210000    314.68
3211000   311.286
3212000   312.084
3213000   309.902
3214000   308.674
3215000   309.796
3216000    312.34
3217000   310.206
3218000   312.287
3219000   311.079
3220000   307.913
3221000   307.718
3222000   316.209
3223000   310.898
3224000   314.558
3225000   308.312
3226000   310.345
3227000   312.487
3228000   310.725
3229000   307.871
3230000   305.627
3231000   306.912
3232000   306.953
3233000   308.627
3234000   305.388
3235000    308.56
3236000   308.197
3237000   310.112
3238000   307.823
3239000   310.007
3240000   313.131
3241000   314.722
3242000   310.498
3243000   310.359
3244000   312.149
3245000   305.954
3246000   307.792
3247000   303.568
3248000    300.69
3249000   297.246
3250000   306.254
3251000   304.833
3252000   306.308
3253000   303.793
3254000   303.665
3255000   311.627
3256000   311.155
3257000   310.325
3258000   305.867
3259000   307.094
3260000   309.616
3261000   311.496
3262000   304.038
3263000    304.18
3264000   308.962
3265000   309.238
3266000   307.104
3267000   310.464
3268000   315.643
3269000   312.382
3270000   309.319
3271000    308.57
3272000   310.792
3273000   315.851
3274000   314.216
3275000   315.894
3276000   312.778
3277000   309.624
3278000    309.45
3279000   316.055
3280000   319.331
3281000    315.75
3282000   311.663
3283000   313.314
3284000   311.259
3285000   317.713
3286000   315.722
3287000   321.169
3288000   316.878
3289000    312.23
3290000   316.226
3291000   320.648
3292000   317.044
3293000   317.908
3294000   319.239
3295000   320.647
3296000   314.944
3297000   321.198
3298000   317.405
3299000   316.186
3300000   316.085
3301000   312.921
3302000    314.55
3303000   313.464
3304000   312.495
3305000   310.337
3306000   314.359
3307000   314.332
3308000    311.57
3309000   314.134
3310000   305.309
3311000   308.215
3312000   308.498
3313000   311.006
3314000   311.283
3315000   308.644
3316000   301.758
3317000   305.352
3318000   313.978
3319000   304.594
3320000   314.798
3321000   307.032
3322000    310.21
3323000   316.443
3324000   320.257
3325000   314.328
3326000   314.659
3327000   313.104
3328000   313.185
3329000   304.561
3330000   305.032
3331000   306.448
3332000   307.381
3333000   308.825
3334000   310.808
3335000   312.342
3336000   306.932
3337000   313.442
3338000   311.872
3339000   309.751
3340000   309.051
3341000   307.971
3342000   309.101
3343000   305.425
3344000   312.207
3345000   313.248
3346000   317.046
3347000   313.186
3348000   309.547
3349000   308.236
3350000   306.958
3351000   314.629
3352000   309.921
3353000   311.153
3354000   308.712
3355000   309.861
3356000    310.17
3357000   306.435
3358000    307.49
3359000   305.655
3360000   309.306
3361000   304.972
3362000   304.061
3363000   300.122
3364000   306.294
3365000   305.744
3366000   310.771
3367000    307.81
3368000   311.111
3369000   309.212
3370000   311.766
3371000   310.073
3372000   308.366
3373000   310.878
3374000    307.71
3375000   305.013
3376000   311.342
3377000   307.406
3378000   308.019
3379000   309.646
3380000   306.657
3381000   313.767
3382000   310.861
3383000   311.208
3384000   312.059
3385000   311.432
3386000   311.357
3387000   313.755
3388000   313.638
3389000    318.62
3390000   315.644
3391000   312.571
3392000   312.754
3393000   314.355
3394000   311.177
3395000   308.097
3396000   308.478
3397000    314.53
3398000   312.771
3399000   308.546
3400000   306.872
3401000   301.998
3402000   307.327
3403000   310.426
3404000   310.797
3405000   311.422
3406000   309.476
3407000   306.976
3408000   305.779
3409000   301.785
3410000   302.004
3411000   308.249
3412000   306.749
3413000   303.701
3414000   305.765
3415000   307.234
3416000   306.037
3417000   306.018
3418000   307.806
3419000   309.618
3420000   315.953
3421000   308.179
3422000   309.474
3423000   304.432
3424000   299.424
3425000   302.107
3426000   302.173
3427000   302.759
3428000   309.371
3429000   309.278
3430000   310.309
3431000   310.752
3432000   315.231
3433000   312.504
3434000   310.591
3435000   313.505
3436000   314.989
3437000   315.948
3438000   317.031
3439000   318.835
3440000   320.538
3441000   309.148
3442000   312.128
3443000   319.371
3444000   320.134
3445000   311.729
3446000   308.998
3447000   307.042
3448000   305.468
3449000   307.445
3450000   304.607
3451000   298.768
3452000   306.504
3453000   305.521
3454000   302.201
3455000   300.177
3456000   299.903
3457000   303.661
3458000   302.964
3459000   306.189
3460000   310.218
3461000   303.517
3462000   305.854
3463000   313.324
3464000   316.296
3465000   314.009
3466000   311.434
3467000    303.96
3468000   306.115
3469000   304.285
3470000   299.356
3471000   301.287
3472000     299.3
3473000   301.903
3474000   305.993
3475000   303.653
3476000    303.15
3477000   300.297
3478000   308.425
3479000   303.942
3480000   303.841
3481000   308.889
3482000    307.45
3483000   308.601
3484000   303.635
3485000   303.593
3486000   302.652
3487000   308.036
3488000   308.734
3489000   306.847
3490000   309.287
3491000    313.05
3492000   313.125
3493000   315.153
3494000   313.017
3495000   310.152
3496000   304.424
3497000    307.88
3498000   311.295
3499000   307.639
3500000   305.302
3501000   302.257
3502000   304.383
3503000   301.509
3504000   301.758
3505000   307.836
3506000   312.002
3507000   309.551
3508000   310.433
3509000    304.57
3510000   305.171
3511000   302.721
3512000   299.723
3513000   301.626
3514000   310.231
3515000    308.98
3516000   309.529
3517000   317.075
3518000   313.101
3519000   314.596
3520000   315.641
3521000   319.046
3522000   316.714
3523000   319.675
3524000   317.056
3525000   315.908
3526000   318.283
3527000   320.185
3528000   314.888
3529000   313.211
3530000   309.481
3531000   314.824
3532000   317.519
3533000   307.332
3534000   309.361
3535000     318.3
3536000   317.449
3537000   314.898
3538000   309.465
3539000   307.522
3540000   304.625
3541000   301.928
3542000   303.964
3543000   303.716
3544000   305.678
3545000   304.435
3546000   305.086
3547000   300.925
3548000   304.859
3549000   303.799
3550000   303.974
3551000   304.347
3552000   299.958
3553000   298.346
3554000   302.818
3555000   303.234
3556000   300.675
3557000   298.603
3558000   297.084
3559000   302.059
3560000   308.043
3561000   303.108
3562000   306.614
3563000   305.429
3564000   305.083
3565000   303.335
3566000   308.809
3567000   309.114
3568000   308.661
3569000   305.394
3570000   301.289
3571000   306.034
3572000    303.85
3573000   304.358
3574000   302.805
3575000    299.66
3576000   302.347
3577000   311.178
3578000   313.453
3579000   309.915
3580000    309.64
3581000   308.333
3582000   308.932
3583000   304.341
3584000   309.517
3585000   308.015
3586000   302.554
3587000   303.311
3588000   307.089
3589000   306.552
3590000   310.604
3591000   307.917
3592000   301.451
3593000   299.048
3594000   306.866
3595000   303.193
3596000   311.885
3597000   309.566
3598000   307.505
3599000   308.953
3600000    312.42
3601000   309.719
3602000   306.872
3603000   310.449
3604000   313.249
3605000   306.198
3606000   309.336
3607000   306.849
3608000   301.738
3609000   306.802
3610000   303.252
3611000   308.112
3612000    309.31
3613000   310.807
3614000   303.824
3615000   305.325
3616000   308.064
3617000   305.871
3618000   306.039
3619000   303.495
3620000   302.529
3621000   309.182
3622000    308.08
3623000   315.508
3624000   315.871
3625000   317.865
3626000   310.894
3627000    312.84
3628000   309.715
3629000   311.185
3630000   313.219
3631000   311.392
3632000   311.668
3633000   307.936
3634000   307.323
3635000   317.365
3636000   318.467
3637000   311.362
3638000   308.082
3639000   307.681
3640000   309.455
3641000   308.584
3642000   312.147
3643000   308.349
3644000   315.018
3645000   312.025
3646000   313.858
3647000    311.42
3648000   309.883
3649000   316.785
3650000   310.238
3651000   312.926
3652000   316.199
3653000   317.871
3654000   316.785
3655000   320.709
3656000   313.975
3657000   315.718
3658000   315.484
3659000   315.546
3660000   316.946
3661000   316.687
3662000   314.598
3663000   313.219
3664000   318.089
3665000   319.303
3666000    312.67
3667000   309.541
3668000   314.673
3669000   320.558
3670000   316.608
3671000    314.94
3672000   313.449
3673000    309.71
3674000   317.445
3675000   309.027
3676000   313.074
3677000   315.378
3678000   316.018
3679000   312.184
3680000   314.221
3681000   317.718
3682000   312.331
3683000   314.674
3684000   316.399
3685000   316.706
3686000   315.347
3687000   317.475
3688000   316.324
3689000   316.155
3690000   316.064
3691000   310.255
3692000   309.949
3693000   317.868
3694000    314.62
3695000    309.48
3696000   309.668
3697000   314.985
3698000    321.57
3699000    316.82
3700000   318.933
3701000   317.456
3702000   318.148
3703000    314.99
3704000   316.744
3705000   307.563
3706000   301.919
3707000   310.219
3708000   304.253
3709000   304.883
3710000   307.149
3711000   306.011
3712000   309.908
3713000   307.876
3714000   315.633
3715000   316.139
3716000   308.874
3717000    308.64
3718000    299.82
3719000    307.32
3720000   303.804
3721000   312.877
3722000   310.494
3723000   313.007
3724000   315.803
3725000   315.027
3726000   311.334
3727000   314.889
3728000   317.774
3729000   315.811
3730000   316.966
3731000   314.157
3732000   318.654
3733000   322.651
3734000   311.064
3735000   316.861
3736000   316.084
3737000   315.403
3738000   315.646
3739000    322.63
3740000     316.7
3741000   312.401
3742000   312.529
3743000    308.83
3744000   312.961
3745000   312.516
3746000   311.895
3747000   307.212
3748000    307.15
3749000   304.743
3750000   313.047
3751000   310.518
3752000   305.164
3753000   310.222
3754000   308.631
3755000   309.028
3756000   304.787
3757000   307.269
3758000   312.371
3759000    310.28
3760000    310.35
3761000   307.614
3762000    307.52
3763000   314.055
3764000   309.293
3765000   305.465
3766000   308.329
3767000   308.196
3768000   315.426
3769000   315.389
3770000   316.561
3771000   310.021
3772000   311.852
3773000   311.652
3774000   312.044
3775000   307.272
3776000   305.154
3777000    311.88
3778000   312.919
3779000   308.611
3780000   307.915
3781000   314.519
3782000    307.11
3783000   307.896
3784000   312.093
3785000   314.147
3786000   304.962
3787000   310.436
3788000   309.499
3789000   309.628
3790000   309.394
3791000   307.135
3792000   308.707
3793000    305.87
3794000   303.171
3795000   308.125
3796000   308.367
3797000   311.939
3798000   312.121
3799000   310.799
3800000   314.943
3801000    314.86
3802000   311.557
3803000   317.817
3804000   313.259
3805000   313.927
3806000   312.922
3807000   313.436
3808000   314.061
3809000   309.111
3810000   306.988
3811000   308.778
3812000   315.785
3813000    314.17
3814000   313.785
3815000    309.47
3816000   304.613
3817000   304.281
3818000    308.54
3819000   311.347
3820000   305.444
3821000   307.209
3822000   309.693
3823000   315.513
3824000   309.989
3825000   310.941
3826000   317.627
3827000   317.835
3828000   315.094
3829000   317.299
3830000   316.277
3831000   307.155
3832000   315.998
3833000   308.106
3834000   310.386
3835000   310.339
3836000   310.184
3837000   316.783
3838000   322.237
3839000    313.32
3840000   309.454
3841000   315.217
3842000   308.283
3843000   308.845
3844000    310.61
3845000   313.959
3846000   313.216
3847000   311.574
3848000   310.778
3849000   312.119
3850000   312.416
3851000   308.386
3852000   304.237
3853000   305.841
3854000   314.999
3855000   315.457
3856000   309.014
3857000   312.609
3858000   311.902
3859000   309.304
3860000   308.901
3861000   308.686
3862000   309.386
3863000   294.551
3864000   299.489
3865000   309.124
3866000   310.626
3867000   303.803
3868000   305.884
3869000   299.719
3870000   309.021
3871000   310.406
3872000   310.663
3873000   310.215
3874000   304.059
3875000   303.826
3876000   301.244
3877000   298.473
3878000   297.974
3879000   299.553
3880000   306.788
3881000   306.806
3882000   304.634
3883000   303.488
3884000   308.843
3885000   313.763
3886000   313.891
3887000   312.725
3888000   307.595
3889000   306.647
3890000   312.327
3891000   301.916
3892000   306.865
3893000   311.478
3894000   319.696
3895000   318.623
3896000   307.789
3897000   309.795
3898000   310.764
3899000    310.56
3900000   316.818
3901000   309.202
3902000   310.262
3903000   317.922
3904000   311.601
3905000   306.906
3906000   308.351
3907000   310.026
3908000   306.222
3909000   309.211
3910000   310.772
3911000   313.542
3912000   314.969
3913000   314.955
3914000   311.506
3915000   316.286
3916000   313.357
3917000   313.035
3918000   317.471
3919000   320.583
3920000   319.869
3921000   320.075
3922000   325.237
3923000   321.269
3924000   319.339
3925000   318.929
3926000   314.093
3927000    308.81
3928000    308.04
3929000    313.69
3930000   307.163
3931000    308.96
3932000   303.805
3933000   305.945
3934000   307.372
3935000   309.623
3936000   310.983
3937000   315.475
3938000   310.263
3939000   308.487
3940000     308.6
3941000   306.172
3942000   304.319
3943000   308.372
3944000   311.864
3945000   311.479
3946000   311.027
3947000   311.529
3948000   306.092
3949000   306.512
3950000   310.973
3951000   308.834
3952000   313.533
3953000   308.104
3954000     304.1
3955000   304.364
3956000   302.249
3957000   300.754
3958000    305.81
3959000   310.899
3960000   309.464
3961000    302.78
3962000   305.841
3963000   302.953
3964000   301.009
3965000   305.012
3966000   303.432
3967000   305.193
3968000    305.93
3969000   304.785
3970000   301.858
3971000   301.141
3972000   305.808
3973000   307.015
3974000   303.042
3975000   304.426
3976000   306.366
3977000   311.422
3978000   308.196
3979000   303.006
3980000   307.472
3981000   307.367
3982000   308.294
3983000   306.759
3984000    305.88
3985000   302.957
3986000   302.917
3987000   307.382
3988000   311.433
3989000   303.163
3990000    310.74
3991000    308.09
3992000    310.64
3993000   309.075
3994000   310.775
3995000   309.569
3996000   315.328
3997000   313.411
3998000   313.603
3999000   315.522
4000000   318.522
4001000   312.507
4002000   310.562
4003000   315.341
4004000   313.292
4005000   306.842
4006000   307.825
4007000   304.616
4008000   310.044
4009000     314.2
4010000   310.921
4011000   310.229
4012000   304.142
4013000   305.897
4014000   303.886
4015000   306.199
4016000   310.762
4017000   310.671
4018000   308.998
4019000   307.606
4020000   303.313
4021000   305.778
4022000   305.839
4023000   308.066
4024000     316.2
4025000   315.269
4026000   318.222
4027000   312.215
4028000   316.587
4029000   318.299
4030000   313.197
4031000   310.005
4032000   307.373
4033000   308.907
4034000   314.988
4035000   309.945
4036000   311.631
4037000   309.602
4038000   310.703
4039000   314.273
4040000   311.532
4041000   311.663
4042000   307.765
4043000   307.712
4044000   309.496
4045000   304.357
4046000   303.092
4047000   311.216
4048000   307.091
4049000   309.348
4050000   305.366
4051000   311.583
4052000   311.116
4053000   309.821
4054000   306.034
4055000   310.789
4056000   308.484
4057000   311.559
4058000   317.304
4059000   309.124
4060000   309.604
4061000   308.085
4062000    307.24
4063000   307.207
4064000   307.756
4065000   309.749
4066000    312.04
4067000    316.63
4068000   313.085
4069000   311.803
4070000   312.591
4071000   312.402
4072000   312.269
4073000    315.59
4074000   312.412
4075000   314.014
4076000   304.259
4077000   302.183
4078000   312.642
4079000   308.457
4080000   301.241
4081000   304.208
4082000   309.778
4083000   310.572
4084000   310.908
4085000   312.316
4086000   313.359
4087000   309.248
4088000   306.564
4089000   310.757
4090000   312.333
4091000   315.974
4092000   306.458
4093000   311.444
4094000   309.983
4095000   309.351
4096000   311.432
4097000   315.275
4098000   313.627
4099000   306.071
4100000   308.193
4101000   313.136
4102000   307.575
4103000   310.053
4104000   307.642
4105000   306.579
4106000   301.919
4107000   306.297
4108000   311.959
4109000   312.973
4110000   313.024
4111000   311.997
4112000   309.212
4113000   306.516
4114000   302.399
4115000   310.807
4116000   309.724
4117000   312.757
4118000   312.187
4119000   312.936
4120000   313.579
4121000   314.649
4122000   309.244
4123000   311.586
4124000   312.836
4125000   315.574
4126000   313.461
4127000   309.177
4128000   310.678
4129000   312.324
4130000    313.61
4131000   315.062
4132000   311.946
4133000   311.945
4134000   314.565
4135000   316.898
4136000   313.419
4137000   308.594
4138000   310.531
4139000   309.509
4140000   305.707
4141000   306.482
4142000   302.313
4143000   300.922
4144000   305.044
4145000   301.336
4146000   301.871
4147000   305.957
4148000   308.352
4149000   306.434
4150000   306.732
4151000   307.887
4152000   308.504
4153000   312.265
4154000   310.221
4155000    311.56
4156000   313.027
4157000   312.996
4158000   313.472
4159000   311.559
4160000   310.774
4161000   314.237
4162000   318.218
4163000   320.107
4164000    319.41
4165000    312.78
4166000    316.85
4167000   314.719
4168000   314.285
4169000   316.398
4170000   314.934
4171000   314.103
4172000   312.686
4173000   315.661
4174000   317.356
4175000    309.67
4176000   312.801
4177000   311.885
4178000   306.419
4179000   311.198
4180000   313.906
4181000   316.843
4182000   310.098
4183000   302.652
4184000   297.379
4185000   304.605
4186000   305.879
4187000    309.97
4188000   312.592
4189000   309.628
4190000   309.571
4191000   304.452
4192000   307.538
4193000   309.436
4194000    307.65
4195000   308.722
4196000   309.395
4197000   319.847
4198000   322.009
4199000   309.444
4200000   316.864
4201000   310.743
4202000   317.694
4203000   322.168
4204000   319.938
4205000    320.24
4206000   318.476
4207000   317.757
4208000   307.299
4209000   310.288
4210000   307.801
4211000   314.201
4212000   314.048
4213000   308.021
4214000   310.417
4215000   313.002
4216000   316.629
4217000   312.156
4218000   311.919
4219000   309.211
4220000   307.836
4221000   315.008
4222000   307.696
4223000   310.011
4224000   306.953
4225000   307.654
4226000   308.506
4227000   306.895
4228000   309.538
4229000   310.964
4230000   310.373
4231000    309.93
4232000   313.071
4233000   308.335
4234000   308.571
4235000   312.018
4236000   311.131
4237000   315.349
4238000   315.504
4239000   313.011
4240000   311.402
4241000   309.096
4242000   311.069
4243000   310.988
4244000   308.703
4245000   309.783
4246000   308.846
4247000    308.22
4248000   307.613
4249000   305.348
4250000   305.847
4251000   303.484
4252000   306.037
4253000   302.416
4254000   303.891
4255000    308.77
4256000   305.144
4257000   309.786
4258000   307.603
4259000   303.831
4260000    303.93
4261000   311.541
4262000   304.638
4263000   310.864
4264000   304.539
4265000   304.452
4266000   307.154
4267000   308.768
4268000   316.526
4269000   314.423
4270000   315.899
4271000   312.174
4272000   310.188
4273000   309.875
4274000   308.754
4275000   313.274
4276000   312.804
4277000   312.019
4278000   306.727
4279000   311.965
4280000    310.66
4281000    306.84
4282000   305.685
4283000   314.515
4284000   317.492
4285000   310.727
4286000   311.915
4287000   308.628
4288000   310.565
4289000   317.464
4290000   311.196
4291000   311.635
4292000   314.352
4293000   316.665
4294000   316.954
4295000   312.903
4296000   309.611
4297000   304.071
4298000   308.846
4299000   306.142
4300000   308.443
4301000   309.681
4302000   312.243
4303000   317.319
4304000    314.29
4305000   315.717
4306000    311.25
4307000   304.601
4308000   303.596
4309000   305.535
4310000   302.274
4311000   303.065
4312000   301.229
4313000   305.024
4314000   305.479
4315000   307.939
4316000   307.648
4317000   309.194
4318000   311.517
4319000     307.7
4320000   308.198
4321000   306.161
4322000   306.674
4323000    312.79
4324000   314.957
4325000    310.09
4326000   309.945
4327000   313.107
4328000   309.595
4329000   308.694
4330000   307.423
4331000   307.904
4332000   311.871
4333000   304.947
4334000   310.144
4335000   309.249
4336000   309.672
4337000   310.892
4338000   307.037
4339000   308.339
4340000   312.678
4341000   312.751
4342000   315.863
4343000   310.759
4344000       311
4345000   306.607
4346000   303.423
4347000   307.096
4348000    306.94
4349000   307.196
4350000   305.929
4351000   303.363
4352000   310.056
4353000   310.301
4354000   306.413
4355000    306.85
4356000   307.892
4357000   304.647
4358000   309.529
4359000    306.92
4360000   303.298
4361000   304.956
4362000   300.456
4363000   304.873
4364000   307.605
4365000   302.987
4366000   295.647
4367000   297.077
4368000    308.85
4369000   311.149
4370000   309.718
4371000   311.112
4372000   308.638
4373000   310.843
4374000   314.526
4375000   305.825
4376000   303.723
4377000   305.637
4378000   298.753
4379000    302.19
4380000   305.475
4381000   313.507
4382000   313.492
4383000   313.621
4384000   309.093
4385000   308.668
4386000   306.516
4387000   306.445
4388000   312.481
4389000   318.065
4390000     313.7
4391000   310.144
4392000   312.647
4393000   312.163
4394000   316.894
4395000   315.887
4396000   311.211
4397000   309.101
4398000   309.508
4399000   308.806
4400000   308.209
4401000   309.356
4402000   309.324
4403000   313.284
4404000   312.841
4405000   309.582
4406000   305.974
4407000   307.889
4408000   313.177
4409000   313.813
4410000   309.946
4411000   315.726
4412000   311.324
4413000   308.887
4414000    313.33
4415000     318.4
4416000   312.971
4417000   311.678
4418000    315.71
4419000     313.9
4420000   311.984
4421000   312.119
4422000   309.693
4423000   304.031
4424000   304.388
4425000   307.275
4426000   310.631
4427000   308.146
4428000   311.686
4429000   309.684
4430000   307.275
4431000   309.414
4432000   307.381
4433000   301.787
4434000   303.806
4435000    306.47
4436000   308.173
4437000   307.157
4438000    307.32
4439000   301.248
4440000   304.371
4441000   308.171
4442000   317.888
4443000   314.349
4444000   316.933
4445000   310.753
4446000   311.205
4447000   317.346
4448000   310.924
4449000   309.629
4450000   307.424
4451000   309.629
4452000   313.779
4453000   313.904
4454000   308.307
4455000   309.216
4456000   308.555
4457000   308.078
4458000   306.517
4459000   313.263
4460000   308.859
4461000    311.08
4462000   307.151
4463000   313.021
4464000   317.279
4465000   313.926
4466000   314.157
4467000   320.923
4468000   314.762
4469000   312.123
4470000   312.098
4471000   312.741
4472000   311.231
4473000   310.182
4474000   307.773
4475000   314.486
4476000   307.647
4477000   311.268
4478000   309.189
4479000   308.046
4480000    306.52
4481000   305.876
4482000   307.142
4483000    310.56
4484000   306.047
4485000   306.522
4486000   308.357
4487000   307.388
4488000   306.536
4489000   313.058
4490000   307.306
4491000   315.918
4492000   319.692
4493000   317.036
4494000   310.049
4495000   311.601
4496000   313.741
4497000   309.738
4498000   316.266
4499000    315.72
4500000   314.372
4501000   313.098
4502000   311.956
4503000   305.812
4504000   311.878
4505000    311.56
4506000   312.691
4507000   313.393
4508000   311.061
4509000   307.465
4510000   312.265
4511000   311.811
4512000   312.742
4513000   314.191
4514000   312.994
4515000   307.709
4516000    313.57
4517000   317.104
4518000   314.108
4519000   308.734
4520000   312.576
4521000   309.356
4522000   312.612
4523000   314.732
4524000   313.604
4525000   314.034
4526000   312.009
4527000   314.008
4528000   313.553
4529000   317.726
4530000   316.943
4531000   308.442
4532000   314.965
4533000   311.414
4534000   310.013
4535000   304.045
4536000   309.949
4537000   315.467
4538000   315.246
4539000   318.721
4540000   314.208
4541000   310.926
4542000     318.9
4543000   311.335
4544000   313.088
4545000   311.069
4546000   311.688
4547000   310.611
4548000   309.667
4549000   306.936
4550000   302.137
4551000   308.705
4552000   314.489
4553000   312.626
4554000   308.929
4555000   309.335
4556000   309.123
4557000   306.924
4558000   306.198
4559000   310.533
4560000   313.193
4561000   309.002
4562000   305.297
4563000   309.515
4564000   313.378
4565000   312.393
4566000   309.698
4567000   311.571
4568000   310.989
4569000   309.122
4570000    312.73
4571000   307.967
4572000   317.194
4573000   308.716
4574000    311.55
4575000   310.056
4576000   309.613
4577000   310.844
4578000   313.255
4579000   316.297
4580000   317.455
4581000   320.686
4582000   316.703
4583000   324.115
4584000   318.319
4585000   317.387
4586000   318.492
4587000   316.608
4588000   320.337
4589000   313.906
4590000   314.553
4591000    318.12
4592000   316.737
4593000   312.759
4594000   313.676
4595000   314.599
4596000   318.879
4597000   318.551
4598000   316.537
4599000   311.181
4600000   312.689
4601000   310.366
4602000   311.826
4603000   302.859
4604000   308.402
4605000   304.311
4606000    304.56
4607000   306.876
4608000   311.713
4609000       313
4610000   310.624
4611000   313.366
4612000   308.959
4613000   309.494
4614000   313.232
4615000   314.312
4616000   319.603
4617000   321.579
4618000   323.053
4619000   324.137
4620000   324.101
4621000   317.833
4622000   311.188
4623000   312.468
4624000   317.475
4625000   316.509
4626000   312.068
4627000   311.316
4628000   309.955
4629000   310.348
4630000   312.799
4631000   311.223
4632000   312.613
4633000     309.4
4634000   311.743
4635000   304.901
4636000   304.856
4637000   303.988
4638000   306.739
4639000   309.401
4640000   310.289
4641000    313.41
4642000   310.748
4643000   306.688
4644000   301.848
4645000   295.675
4646000   298.756
4647000   299.797
4648000   306.698
4649000   310.418
4650000   313.584
4651000   311.866
4652000   311.774
4653000   308.125
4654000   320.804
4655000   313.926
4656000    313.14
4657000   309.341
4658000   311.988
4659000   317.685
4660000   316.261
4661000   313.129
4662000   314.167
4663000    317.41
4664000    313.08
4665000   306.686
4666000   310.474
4667000   312.703
4668000   313.837
4669000   312.478
4670000   315.973
4671000   313.867
4672000   310.879
4673000   313.346
4674000   314.639
4675000   309.405
4676000   310.396
4677000   311.721
4678000   311.187
4679000   309.535
4680000    311.97
4681000   310.717
4682000   301.578
4683000   303.255
4684000   312.215
4685000   312.156
4686000   315.721
4687000   311.779
4688000   314.086
4689000   310.687
4690000   313.362
4691000   317.455
4692000   314.632
4693000   314.966
4694000   311.383
4695000   312.367
4696000   310.656
4697000   310.468
4698000   309.568
4699000   310.459
4700000   314.775
4701000   312.349
4702000   313.233
4703000   308.575
4704000   306.975
4705000    310.68
4706000   316.613
4707000   315.585
4708000   318.877
4709000   313.345
4710000   314.121
4711000   309.604
4712000   312.161
4713000   309.607
4714000   312.165
4715000   315.936
4716000   311.321
4717000   314.666
4718000   314.847
4719000   314.707
4720000   308.584
4721000   308.989
4722000   313.141
4723000   309.581
4724000   310.588
4725000   314.903
4726000   314.402
4727000   311.014
4728000   315.503
4729000   311.055
4730000   312.232
4731000   305.906
4732000   304.072
4733000   307.453
4734000   307.758
4735000   305.859
4736000   305.353
4737000   307.474
4738000    311.89
4739000   305.864
4740000   309.457
4741000   311.945
4742000   311.928
4743000   307.956
4744000   316.984
4745000   312.047
4746000   313.094
4747000   307.926
4748000    311.45
4749000   305.173
4750000   310.605
4751000   305.704
4752000   306.149
4753000   308.948
4754000   309.904
4755000   311.162
4756000    314.31
4757000   317.947
4758000   324.536
4759000   310.718
4760000   309.007
4761000   311.729
4762000   312.824
4763000   312.327
4764000    312.97
4765000   313.494
4766000   310.724
4767000   313.012
4768000   315.035
4769000   311.802
4770000   302.183
4771000   307.533
4772000   308.246
4773000   308.603
4774000   304.026
4775000   310.442
4776000   309.018
4777000   300.846
4778000   300.646
4779000   303.263
4780000   301.107
4781000   302.724
4782000   310.021
4783000   309.087
4784000   309.894
4785000   308.396
4786000   305.697
4787000   306.426
4788000   312.387
4789000   309.763
4790000   307.333
4791000   304.675
4792000   308.961
4793000   312.344
4794000   311.374
4795000    310.63
4796000   312.535
4797000   309.645
4798000   312.766
4799000   315.733
4800000   319.314
4801000   310.208
4802000   311.773
4803000   311.538
4804000    314.73
4805000   308.179
4806000   306.448
4807000   309.268
4808000   311.643
4809000   313.234
4810000   317.543
4811000   318.898
4812000    313.49
4813000   316.716
4814000   321.412
4815000   313.388
4816000   313.319
4817000   317.194
4818000   315.429
4819000    307.92
4820000   313.213
4821000   312.666
4822000   309.254
4823000   309.998
4824000   306.251
4825000   313.423
4826000   319.323
4827000   312.463
4828000   318.597
4829000   318.453
4830000   315.743
4831000   311.292
4832000   312.707
4833000    316.56
4834000   315.352
4835000   324.267
4836000   325.616
4837000   321.227
4838000   321.173
4839000   321.687
4840000   321.611
4841000   329.126
4842000   325.163
4843000   324.051
4844000    319.35
4845000   314.842
4846000   319.386
4847000   318.176
4848000   316.262
4849000   319.092
4850000    316.06
4851000   318.492
4852000   316.335
4853000   314.734
4854000   310.248
4855000   315.758
4856000   320.455
4857000   325.385
4858000   323.665
4859000   317.269
4860000   313.462
4861000   318.188
4862000   321.455
4863000   314.668
4864000    313.54
4865000    312.14
4866000   317.774
4867000   318.269
4868000    314.12
4869000   310.843
4870000   310.666
4871000   309.417
4872000   313.019
4873000   315.566
4874000   311.934
4875000   306.857
4876000   309.348
4877000   310.598
4878000   310.674
4879000   313.274
4880000   311.674
4881000   314.252
4882000   311.841
4883000   313.372
4884000   313.372
4885000   316.427
4886000   311.708
4887000   315.503
4888000   310.575
4889000   312.062
4890000     311.6
4891000   317.026
4892000   312.338
4893000   313.972
4894000   310.408
4895000   313.259
4896000   312.787
4897000   309.089
4898000    315.33
4899000   316.165
4900000   314.454
4901000   313.792
4902000   315.549
4903000   319.566
4904000    318.23
4905000    319.73
4906000   313.931
4907000   312.513
4908000   305.746
4909000   310.525
4910000   313.218
4911000   314.266
4912000   314.306
4913000   308.675
4914000   317.065
4915000   316.067
4916000    316.95
4917000   315.506
4918000   313.434
4919000    317.05
4920000    321.23
4921000    318.06
4922000   313.912
4923000   315.362
4924000   316.779
4925000   321.783
4926000   313.726
4927000   316.861
4928000   317.177
4929000   310.906
4930000   314.284
4931000   317.247
4932000    314.61
4933000   315.653
4934000   316.849
4935000   309.851
4936000    322.14
4937000   325.827
4938000   321.894
4939000   319.879
4940000   316.694
4941000   315.129
4942000   310.439
4943000   312.452
4944000   313.464
4945000   313.154
4946000   311.376
4947000   309.129
4948000   307.524
4949000   312.578
4950000   312.653
4951000   320.155
4952000   326.411
4953000   322.027
4954000   321.349
4955000   315.546
4956000   315.621
4957000   313.899
4958000   318.313
4959000   314.432
4960000   314.814
4961000   310.468
4962000   314.256
4963000   315.476
4964000   319.466
4965000   320.823
4966000   311.818
4967000   313.421
4968000   311.515
4969000   307.377
4970000   315.382
4971000   312.051
4972000   315.329
4973000    319.83
4974000   314.945
4975000   317.198
4976000   317.213
4977000   311.027
4978000   316.044
4979000   322.119
4980000    321.71
4981000   318.763
4982000   318.621
4983000   322.965
4984000   321.268
4985000   323.182
4986000   317.844
4987000   312.353
4988000   310.022
4989000   310.756
4990000    306.54
4991000    309.43
4992000   306.253
4993000   310.536
4994000   310.294
4995000   318.732
4996000   320.927
4997000   311.466
4998000   311.035
4999000   308.964
5000000   304.088
